district,dong_code,dong_name,floor,contract_date,rent_type,area_m2,deposit,rent,built_year,building_type,year
성북구,13900,석관동,,20220101,월세,19.0,1000,48,2018.0,단독다가구,2022
성북구,13600,하월곡동,,20220101,월세,17.0,1000,50,2016.0,단독다가구,2022
성북구,12500,안암동5가,,20220101,월세,19.8,1000,40,1989.0,단독다가구,2022
성북구,10200,성북동1가,2.0,20220101,월세,40.42,6000,40,2002.0,연립다세대,2022
성북구,10100,성북동,1.0,20220101,월세,108.89,5000,30,1977.0,연립다세대,2022
성북구,11300,삼선동3가,,20220101,월세,53.2,500,31,1992.0,단독다가구,2022
성북구,12000,동선동5가,3.0,20220101,월세,49.93,1000,80,1992.0,연립다세대,2022
성북구,10800,동소문동5가,9.0,20220101,월세,16.67,1000,87,2017.0,아파트,2022
성북구,10800,동소문동5가,6.0,20220101,월세,16.67,5000,68,2017.0,아파트,2022
성북구,11800,동선동3가,3.0,20220102,월세,40.78,2000,95,2001.0,연립다세대,2022
성북구,11100,삼선동1가,,20220102,월세,15.77,6000,5,1995.0,단독다가구,2022
성북구,13900,석관동,,20220102,월세,18.0,2000,40,2018.0,단독다가구,2022
성북구,11600,동선동1가,,20220102,월세,18.0,1000,48,2010.0,단독다가구,2022
성북구,12500,안암동5가,,20220102,월세,15.0,300,35,1998.0,단독다가구,2022
성북구,11800,동선동3가,,20220102,월세,20.0,1000,50,2003.0,단독다가구,2022
성북구,13300,정릉동,,20220102,월세,16.5,3000,30,2019.0,단독다가구,2022
성북구,11200,삼선동2가,,20220102,월세,20.0,1000,35,1993.0,단독다가구,2022
성북구,13100,보문동2가,,20220102,월세,30.0,1000,45,2000.0,단독다가구,2022
성북구,13800,장위동,,20220102,월세,30.15,100,31,1994.0,단독다가구,2022
성북구,12200,안암동2가,,20220102,월세,20.5,1000,45,2017.0,단독다가구,2022
성북구,12200,안암동2가,4.0,20220102,월세,14.67,1000,60,2018.0,연립다세대,2022
성북구,13300,정릉동,,20220102,월세,25.54,1000,50,1992.0,단독다가구,2022
성북구,12100,안암동1가,,20220102,월세,30.0,1000,55,1994.0,단독다가구,2022
성북구,13900,석관동,,20220103,월세,30.0,100,20,1992.0,단독다가구,2022
성북구,11200,삼선동2가,7.0,20220103,월세,114.65,20000,130,2008.0,아파트,2022
성북구,12200,안암동2가,,20220103,월세,24.0,500,45,1993.0,단독다가구,2022
성북구,11200,삼선동2가,3.0,20220103,월세,84.98,39000,13,2009.0,아파트,2022
성북구,10300,돈암동,,20220103,월세,21.0,3000,25,1966.0,단독다가구,2022
성북구,13300,정릉동,1.0,20220103,월세,40.14,3000,35,1994.0,연립다세대,2022
성북구,13500,종암동,4.0,20220103,월세,47.72,3000,28,2014.0,연립다세대,2022
성북구,11700,동선동2가,,20220103,월세,29.7,300,55,1997.0,단독다가구,2022
성북구,11700,동선동2가,,20220103,월세,23.1,1000,45,2011.0,단독다가구,2022
성북구,10700,동소문동4가,,20220103,월세,23.1,500,65,2008.0,단독다가구,2022
성북구,12800,보문동6가,,20220103,월세,27.98,500,35,2017.0,단독다가구,2022
성북구,13300,정릉동,4.0,20220103,월세,42.57,1000,50,1991.0,연립다세대,2022
성북구,10400,동소문동1가,,20220103,월세,35.81,1000,50,1997.0,단독다가구,2022
성북구,13700,상월곡동,,20220103,월세,32.0,500,42,1993.0,단독다가구,2022
성북구,13600,하월곡동,,20220103,월세,42.53,1000,45,1995.0,단독다가구,2022
성북구,13300,정릉동,,20220103,월세,12.0,1000,45,2020.0,단독다가구,2022
성북구,13300,정릉동,,20220103,월세,13.04,1000,40,2019.0,단독다가구,2022
성북구,13300,정릉동,2.0,20220103,월세,25.11,2000,31,2020.0,연립다세대,2022
성북구,13400,길음동,2.0,20220103,월세,59.99,28000,24,2003.0,아파트,2022
성북구,11400,삼선동4가,1.0,20220103,월세,55.42,2000,80,2014.0,연립다세대,2022
성북구,13300,정릉동,,20220103,월세,20.0,1000,60,2000.0,단독다가구,2022
성북구,13300,정릉동,,20220103,월세,18.0,600,45,2017.0,단독다가구,2022
성북구,11500,삼선동5가,,20220103,월세,16.5,500,38,2001.0,단독다가구,2022
성북구,13500,종암동,,20220103,월세,19.8,1000,50,2004.0,단독다가구,2022
성북구,12200,안암동2가,,20220103,월세,17.0,1000,35,1970.0,단독다가구,2022
성북구,11200,삼선동2가,,20220103,월세,20.0,1000,50,2019.0,단독다가구,2022
성북구,13500,종암동,,20220103,월세,20.0,1000,60,2017.0,단독다가구,2022
성북구,13500,종암동,,20220103,월세,19.8,1000,43,2004.0,단독다가구,2022
성북구,11400,삼선동4가,,20220103,월세,20.0,3000,45,2009.0,단독다가구,2022
성북구,11600,동선동1가,,20220103,월세,18.0,1000,48,2010.0,단독다가구,2022
성북구,13900,석관동,,20220104,월세,19.0,500,42,2014.0,단독다가구,2022
성북구,12200,안암동2가,,20220104,월세,49.88,10000,35,1997.0,단독다가구,2022
성북구,11800,동선동3가,,20220104,월세,20.0,1000,45,2019.0,단독다가구,2022
성북구,12100,안암동1가,,20220104,월세,42.9,500,65,1994.0,단독다가구,2022
성북구,13500,종암동,,20220104,월세,16.56,1000,60,2017.0,단독다가구,2022
성북구,11400,삼선동4가,,20220104,월세,18.0,500,50,2012.0,단독다가구,2022
성북구,13900,석관동,,20220104,월세,43.83,1000,55,1993.0,단독다가구,2022
성북구,13700,상월곡동,,20220104,월세,16.52,1000,40,2017.0,단독다가구,2022
성북구,13500,종암동,,20220104,월세,18.5,1000,55,2017.0,단독다가구,2022
성북구,11700,동선동2가,,20220104,월세,30.0,2000,70,2016.0,단독다가구,2022
성북구,13300,정릉동,4.0,20220104,월세,26.39,10430,13,2020.0,연립다세대,2022
성북구,10100,성북동,,20220104,월세,28.36,1000,90,2021.0,단독다가구,2022
성북구,10900,동소문동6가,10.0,20220104,월세,14.18,19000,6,2012.0,아파트,2022
성북구,10900,동소문동6가,10.0,20220104,월세,14.18,20000,3,2012.0,아파트,2022
성북구,12800,보문동6가,7.0,20220104,월세,29.96,7342,19,2017.0,아파트,2022
성북구,10800,동소문동5가,12.0,20220104,월세,16.67,3700,75,2017.0,아파트,2022
성북구,13500,종암동,14.0,20220104,월세,114.98,50000,50,2004.0,아파트,2022
성북구,13900,석관동,,20220104,월세,33.0,500,40,2012.0,단독다가구,2022
성북구,11500,삼선동5가,9.0,20220104,월세,27.69,1000,55,2003.0,오피스텔,2022
성북구,13800,장위동,,20220104,월세,38.08,2000,60,2019.0,단독다가구,2022
성북구,13600,하월곡동,,20220104,월세,40.0,300,40,1993.0,단독다가구,2022
성북구,10900,동소문동6가,9.0,20220104,월세,12.7,3000,53,2013.0,아파트,2022
성북구,10800,동소문동5가,19.0,20220104,월세,14.02,1000,80,2018.0,아파트,2022
성북구,13400,길음동,15.0,20220104,월세,59.78,15000,150,2022.0,아파트,2022
성북구,13400,길음동,5.0,20220104,월세,59.97,10000,155,2019.0,아파트,2022
성북구,13400,길음동,6.0,20220104,월세,33.99,2928,24,2010.0,아파트,2022
성북구,13400,길음동,4.0,20220104,월세,84.96,40000,50,2003.0,아파트,2022
성북구,13400,길음동,1.0,20220104,월세,32.98,10000,65,2000.0,아파트,2022
성북구,13100,보문동2가,3.0,20220104,월세,20.47,1500,50,2011.0,연립다세대,2022
성북구,12500,안암동5가,5.0,20220104,월세,14.13,2000,55,2012.0,연립다세대,2022
성북구,13800,장위동,2.0,20220104,월세,36.91,13500,25,2016.0,연립다세대,2022
성북구,13600,하월곡동,,20220105,월세,36.0,2000,50,1993.0,단독다가구,2022
성북구,11800,동선동3가,,20220105,월세,39.6,10000,45,1997.0,단독다가구,2022
성북구,13900,석관동,5.0,20220105,월세,25.0,500,40,2002.0,오피스텔,2022
성북구,12500,안암동5가,,20220105,월세,22.17,300,55,1992.0,단독다가구,2022
성북구,12400,안암동4가,,20220105,월세,21.58,5000,20,1996.0,단독다가구,2022
성북구,11700,동선동2가,,20220105,월세,149.9,1000,60,1992.0,단독다가구,2022
성북구,10300,돈암동,,20220105,월세,30.03,2000,70,2017.0,단독다가구,2022
성북구,12500,안암동5가,,20220105,월세,17.0,1000,45,2009.0,단독다가구,2022
성북구,11700,동선동2가,,20220105,월세,15.3,8000,45,1994.0,단독다가구,2022
성북구,11800,동선동3가,,20220105,월세,20.0,1000,50,2003.0,단독다가구,2022
성북구,10200,성북동1가,,20220105,월세,19.83,1000,40,2010.0,단독다가구,2022
성북구,13600,하월곡동,,20220105,월세,18.0,10000,16,2019.0,단독다가구,2022
성북구,11500,삼선동5가,,20220105,월세,31.0,1000,55,1994.0,단독다가구,2022
성북구,13100,보문동2가,,20220105,월세,27.0,9000,50,2010.0,단독다가구,2022
성북구,13300,정릉동,,20220105,월세,18.1,500,44,2021.0,단독다가구,2022
성북구,11200,삼선동2가,,20220105,월세,17.0,1000,48,2019.0,단독다가구,2022
성북구,12500,안암동5가,,20220105,월세,19.8,1000,60,2003.0,단독다가구,2022
성북구,13700,상월곡동,,20220105,월세,16.0,500,30,2016.0,단독다가구,2022
성북구,11500,삼선동5가,,20220105,월세,16.5,500,30,2009.0,단독다가구,2022
성북구,13300,정릉동,,20220105,월세,64.73,20000,5,2013.0,단독다가구,2022
성북구,13300,정릉동,,20220105,월세,66.84,3000,70,1989.0,단독다가구,2022
성북구,13800,장위동,,20220105,월세,16.0,0,20,1994.0,단독다가구,2022
성북구,12500,안암동5가,,20220105,월세,20.0,1000,50,1996.0,단독다가구,2022
성북구,10900,동소문동6가,,20220105,월세,19.8,1000,50,1994.0,단독다가구,2022
성북구,10600,동소문동3가,,20220105,월세,18.0,1000,55,2019.0,단독다가구,2022
성북구,13300,정릉동,,20220105,월세,66.11,3000,90,2018.0,단독다가구,2022
성북구,13600,하월곡동,,20220105,월세,16.0,7000,20,2019.0,단독다가구,2022
성북구,13800,장위동,,20220105,월세,50.0,5000,25,1993.0,단독다가구,2022
성북구,13800,장위동,,20220105,월세,59.22,2000,65,1997.0,단독다가구,2022
성북구,13800,장위동,,20220105,월세,50.0,3000,40,2000.0,단독다가구,2022
성북구,13800,장위동,15.0,20220105,월세,32.22,7507,20,2017.0,아파트,2022
성북구,13400,길음동,9.0,20220105,월세,59.98,14000,90,2010.0,아파트,2022
성북구,12000,동선동5가,,20220105,월세,46.28,1000,55,1996.0,단독다가구,2022
성북구,13600,하월곡동,8.0,20220105,월세,84.84,9000,111,2003.0,아파트,2022
성북구,13600,하월곡동,14.0,20220105,월세,84.84,10000,135,2003.0,아파트,2022
성북구,13400,길음동,10.0,20220105,월세,59.96,43000,5,2010.0,아파트,2022
성북구,13800,장위동,13.0,20220105,월세,59.99,10000,100,2008.0,아파트,2022
성북구,13900,석관동,2.0,20220105,월세,22.09,1000,40,2005.0,오피스텔,2022
성북구,13800,장위동,-1.0,20220105,월세,16.53,300,30,1976.0,연립다세대,2022
성북구,13300,정릉동,3.0,20220105,월세,21.71,930,12,2017.0,연립다세대,2022
성북구,13600,하월곡동,15.0,20220105,월세,15.54,1000,50,2013.0,아파트,2022
성북구,11900,동선동4가,9.0,20220105,월세,47.14,2000,130,2017.0,오피스텔,2022
성북구,13400,길음동,22.0,20220105,월세,112.51,70000,150,2022.0,아파트,2022
성북구,13400,길음동,21.0,20220105,월세,59.78,40000,50,2022.0,아파트,2022
성북구,13600,하월곡동,14.0,20220105,월세,84.59,20000,110,2006.0,아파트,2022
성북구,13400,길음동,2.0,20220105,월세,33.46,7347,19,2019.0,아파트,2022
성북구,13900,석관동,,20220106,월세,15.0,1000,50,2018.0,단독다가구,2022
성북구,11800,동선동3가,,20220106,월세,20.0,3000,30,2010.0,단독다가구,2022
성북구,13500,종암동,,20220106,월세,16.0,500,45,2017.0,단독다가구,2022
성북구,13500,종암동,,20220106,월세,16.5,500,42,2018.0,단독다가구,2022
성북구,11800,동선동3가,,20220106,월세,20.0,1000,50,2011.0,단독다가구,2022
성북구,13800,장위동,1.0,20220106,월세,41.89,13000,10,1997.0,연립다세대,2022
성북구,12500,안암동5가,,20220106,월세,18.0,1000,65,2016.0,단독다가구,2022
성북구,13900,석관동,3.0,20220106,월세,59.97,31000,4,1998.0,아파트,2022
성북구,11700,동선동2가,,20220106,월세,20.0,1000,45,2017.0,단독다가구,2022
성북구,12300,안암동3가,,20220106,월세,20.0,500,50,2019.0,단독다가구,2022
성북구,13300,정릉동,,20220106,월세,15.18,1000,50,2019.0,단독다가구,2022
성북구,13300,정릉동,,20220106,월세,16.17,1000,50,2019.0,단독다가구,2022
성북구,12500,안암동5가,,20220106,월세,20.0,500,45,1998.0,단독다가구,2022
성북구,12200,안암동2가,,20220106,월세,23.51,2000,50,2004.0,단독다가구,2022
성북구,13700,상월곡동,,20220106,월세,29.28,300,36,1989.0,단독다가구,2022
성북구,11800,동선동3가,,20220106,월세,39.6,4000,80,2012.0,단독다가구,2022
성북구,11700,동선동2가,,20220106,월세,26.4,1000,45,1997.0,단독다가구,2022
성북구,12100,안암동1가,,20220106,월세,24.0,1000,40,1993.0,단독다가구,2022
성북구,13300,정릉동,3.0,20220106,월세,14.45,1000,40,2013.0,연립다세대,2022
성북구,13800,장위동,,20220106,월세,37.21,500,45,1992.0,단독다가구,2022
성북구,13800,장위동,,20220106,월세,35.0,500,45,1992.0,단독다가구,2022
성북구,12200,안암동2가,,20220106,월세,20.5,1000,45,2017.0,단독다가구,2022
성북구,13800,장위동,,20220106,월세,29.38,12000,19,1969.0,단독다가구,2022
성북구,12600,보문동4가,,20220106,월세,33.68,12000,15,,단독다가구,2022
성북구,13900,석관동,,20220106,월세,47.37,12000,20,1999.0,단독다가구,2022
성북구,13500,종암동,,20220106,월세,24.0,500,43,1995.0,단독다가구,2022
성북구,10300,돈암동,13.0,20220106,월세,59.99,15000,130,2004.0,아파트,2022
성북구,13300,정릉동,22.0,20220106,월세,84.92,9000,180,2004.0,아파트,2022
성북구,13300,정릉동,3.0,20220106,월세,57.05,7000,50,2016.0,연립다세대,2022
성북구,13500,종암동,4.0,20220106,월세,26.28,2271,6,1999.0,아파트,2022
성북구,11400,삼선동4가,,20220106,월세,44.43,4000,48,1994.0,단독다가구,2022
성북구,11100,삼선동1가,,20220106,월세,25.41,1000,70,2022.0,단독다가구,2022
성북구,13900,석관동,,20220106,월세,40.8,2000,55,1992.0,단독다가구,2022
성북구,13800,장위동,17.0,20220106,월세,59.1,8000,140,2020.0,아파트,2022
성북구,13400,길음동,1.0,20220106,월세,84.64,10000,170,2005.0,아파트,2022
성북구,10300,돈암동,1.0,20220106,월세,84.77,30000,90,2016.0,아파트,2022
성북구,11500,삼선동5가,12.0,20220106,월세,19.99,5000,51,2014.0,연립다세대,2022
성북구,13300,정릉동,5.0,20220106,월세,59.59,10000,60,1999.0,아파트,2022
성북구,13800,장위동,7.0,20220106,월세,14.71,1000,50,2019.0,아파트,2022
성북구,13300,정릉동,1.0,20220106,월세,58.72,13000,40,1997.0,연립다세대,2022
성북구,13600,하월곡동,5.0,20220106,월세,15.55,1000,45,2013.0,아파트,2022
성북구,11900,동선동4가,15.0,20220106,월세,21.13,4000,53,2011.0,오피스텔,2022
성북구,13400,길음동,11.0,20220106,월세,59.78,30000,90,2022.0,아파트,2022
성북구,13300,정릉동,3.0,20220106,월세,22.93,2000,55,2014.0,연립다세대,2022
성북구,13700,상월곡동,3.0,20220106,월세,40.0,5400,22,2018.0,연립다세대,2022
성북구,12600,보문동4가,,20220107,월세,18.18,2000,50,2018.0,단독다가구,2022
성북구,11400,삼선동4가,,20220107,월세,20.0,3000,50,2009.0,단독다가구,2022
성북구,12200,안암동2가,,20220107,월세,18.0,1000,35,2010.0,단독다가구,2022
성북구,13300,정릉동,,20220107,월세,16.0,1000,45,2017.0,단독다가구,2022
성북구,13300,정릉동,,20220107,월세,19.18,1000,45,2018.0,단독다가구,2022
성북구,13700,상월곡동,,20220107,월세,40.0,2000,60,1969.0,단독다가구,2022
성북구,11700,동선동2가,,20220107,월세,16.8,1000,35,2011.0,단독다가구,2022
성북구,11600,동선동1가,,20220107,월세,18.0,4000,40,2017.0,단독다가구,2022
성북구,13700,상월곡동,3.0,20220107,월세,43.04,1500,100,2015.0,연립다세대,2022
성북구,13400,길음동,17.0,20220107,월세,59.9,4000,180,2019.0,아파트,2022
성북구,13500,종암동,9.0,20220107,월세,59.98,10000,120,2011.0,아파트,2022
성북구,13300,정릉동,,20220107,월세,15.0,1000,50,2019.0,단독다가구,2022
성북구,11900,동선동4가,,20220107,월세,15.0,2000,45,2012.0,단독다가구,2022
성북구,13300,정릉동,,20220107,월세,15.0,500,40,2003.0,단독다가구,2022
성북구,13300,정릉동,,20220107,월세,15.0,1000,40,2018.0,단독다가구,2022
성북구,13600,하월곡동,9.0,20220107,월세,114.68,49700,18,2006.0,아파트,2022
성북구,13400,길음동,15.0,20220107,월세,59.69,10000,160,2019.0,아파트,2022
성북구,12500,안암동5가,,20220107,월세,13.0,300,35,2009.0,단독다가구,2022
성북구,13300,정릉동,,20220107,월세,13.0,1000,45,2021.0,단독다가구,2022
성북구,12300,안암동3가,,20220107,월세,45.12,1000,65,1993.0,단독다가구,2022
성북구,11800,동선동3가,,20220107,월세,21.5,1000,50,2011.0,단독다가구,2022
성북구,13700,상월곡동,,20220107,월세,50.0,1000,80,1996.0,단독다가구,2022
성북구,10100,성북동,,20220107,월세,25.42,8000,30,1996.0,단독다가구,2022
성북구,13600,하월곡동,,20220107,월세,24.91,6000,50,,단독다가구,2022
성북구,13900,석관동,,20220107,월세,55.0,1000,60,1992.0,단독다가구,2022
성북구,13600,하월곡동,,20220107,월세,21.0,500,45,2011.0,단독다가구,2022
성북구,12500,안암동5가,,20220107,월세,23.0,1000,50,1959.0,단독다가구,2022
성북구,13600,하월곡동,,20220107,월세,50.8,3000,70,1993.0,단독다가구,2022
성북구,11100,삼선동1가,,20220107,월세,30.0,1000,50,1992.0,단독다가구,2022
성북구,11800,동선동3가,,20220107,월세,30.0,2000,67,1992.0,단독다가구,2022
성북구,11900,동선동4가,,20220107,월세,57.46,1000,75,1995.0,단독다가구,2022
성북구,13900,석관동,2.0,20220107,월세,25.0,2000,41,2002.0,오피스텔,2022
성북구,13900,석관동,5.0,20220107,월세,25.0,500,40,2002.0,오피스텔,2022
성북구,11800,동선동3가,,20220107,월세,109.66,2500,35,2001.0,단독다가구,2022
성북구,13600,하월곡동,19.0,20220107,월세,84.84,30450,32,2003.0,아파트,2022
성북구,13300,정릉동,14.0,20220107,월세,84.89,5000,150,2005.0,아파트,2022
성북구,13300,정릉동,6.0,20220107,월세,59.26,8500,50,1999.0,아파트,2022
성북구,13300,정릉동,5.0,20220107,월세,18.45,665,10,2013.0,연립다세대,2022
성북구,13600,하월곡동,15.0,20220107,월세,15.62,1000,55,2013.0,아파트,2022
성북구,13400,길음동,6.0,20220107,월세,84.64,12000,95,2005.0,아파트,2022
성북구,10800,동소문동5가,6.0,20220107,월세,16.67,5000,42,2017.0,아파트,2022
성북구,10700,동소문동4가,,20220108,월세,71.0,8000,10,2001.0,단독다가구,2022
성북구,10900,동소문동6가,,20220108,월세,54.8,4000,55,1994.0,단독다가구,2022
성북구,11000,동소문동7가,3.0,20220108,월세,114.97,15000,200,2004.0,아파트,2022
성북구,11500,삼선동5가,,20220108,월세,35.0,2000,50,1990.0,단독다가구,2022
성북구,13900,석관동,,20220108,월세,32.6,300,37,1992.0,단독다가구,2022
성북구,13000,보문동1가,,20220108,월세,33.0,500,50,1990.0,단독다가구,2022
성북구,13900,석관동,,20220108,월세,40.0,300,29,1994.0,단독다가구,2022
성북구,11700,동선동2가,,20220108,월세,40.0,5000,45,1994.0,단독다가구,2022
성북구,12100,안암동1가,,20220108,월세,36.8,1000,65,1992.0,단독다가구,2022
성북구,13100,보문동2가,,20220108,월세,31.4,3000,35,1994.0,단독다가구,2022
성북구,13500,종암동,,20220108,월세,18.0,1000,29,2015.0,단독다가구,2022
성북구,13400,길음동,20.0,20220108,월세,59.78,10000,160,2022.0,아파트,2022
성북구,13400,길음동,21.0,20220108,월세,59.78,35000,35,2022.0,아파트,2022
성북구,12500,안암동5가,,20220108,월세,16.0,200,29,1998.0,단독다가구,2022
성북구,13300,정릉동,,20220108,월세,12.0,1000,50,2018.0,단독다가구,2022
성북구,13300,정릉동,,20220108,월세,19.8,1000,45,2019.0,단독다가구,2022
성북구,13400,길음동,18.0,20220108,월세,84.77,31000,150,2022.0,아파트,2022
성북구,12500,안암동5가,,20220108,월세,16.5,1000,65,2021.0,단독다가구,2022
성북구,12600,보문동4가,,20220108,월세,18.0,10000,15,2018.0,단독다가구,2022
성북구,12000,동선동5가,,20220108,월세,20.0,1000,45,2009.0,단독다가구,2022
성북구,12200,안암동2가,,20220108,월세,17.0,2000,30,1970.0,단독다가구,2022
성북구,13100,보문동2가,,20220108,월세,16.5,1000,50,2010.0,단독다가구,2022
성북구,13300,정릉동,,20220108,월세,18.0,1000,50,2018.0,단독다가구,2022
성북구,13300,정릉동,,20220108,월세,16.5,1000,50,2019.0,단독다가구,2022
성북구,10800,동소문동5가,19.0,20220108,월세,125.04,60000,90,2006.0,아파트,2022
성북구,11700,동선동2가,,20220108,월세,17.0,2000,35,1997.0,단독다가구,2022
성북구,11500,삼선동5가,3.0,20220108,월세,26.88,500,50,2001.0,연립다세대,2022
성북구,13300,정릉동,,20220108,월세,18.2,500,45,2018.0,단독다가구,2022
성북구,13600,하월곡동,6.0,20220108,월세,84.59,8000,150,2006.0,아파트,2022
성북구,13300,정릉동,,20220108,월세,16.5,2000,25,2011.0,단독다가구,2022
성북구,11700,동선동2가,,20220108,월세,20.0,500,40,1979.0,단독다가구,2022
성북구,13400,길음동,24.0,20220108,월세,59.99,10000,170,2019.0,아파트,2022
성북구,12500,안암동5가,,20220108,월세,18.15,1000,65,2019.0,단독다가구,2022
성북구,11500,삼선동5가,,20220108,월세,42.51,3000,120,2021.0,단독다가구,2022
성북구,11100,삼선동1가,,20220108,월세,46.0,5000,65,1997.0,단독다가구,2022
성북구,11800,동선동3가,,20220108,월세,43.75,10000,30,1993.0,단독다가구,2022
성북구,13800,장위동,,20220108,월세,41.67,1000,40,1995.0,단독다가구,2022
성북구,13600,하월곡동,11.0,20220108,월세,15.62,1000,50,2013.0,아파트,2022
성북구,11900,동선동4가,12.0,20220108,월세,21.05,5000,47,2011.0,오피스텔,2022
성북구,13400,길음동,14.0,20220108,월세,59.94,15000,80,1998.0,아파트,2022
성북구,13600,하월곡동,12.0,20220108,월세,15.62,1000,55,2013.0,아파트,2022
성북구,13600,하월곡동,14.0,20220108,월세,15.62,1000,50,2013.0,아파트,2022
성북구,13500,종암동,,20220108,월세,30.0,200,37,1996.0,단독다가구,2022
성북구,13900,석관동,,20220108,월세,21.0,500,45,2019.0,단독다가구,2022
성북구,13900,석관동,,20220108,월세,20.6,500,40,2019.0,단독다가구,2022
성북구,12200,안암동2가,,20220108,월세,23.1,1000,57,2002.0,단독다가구,2022
성북구,13300,정릉동,-1.0,20220108,월세,21.08,500,25,1994.0,연립다세대,2022
성북구,12200,안암동2가,,20220108,월세,26.0,800,40,1997.0,단독다가구,2022
성북구,10200,성북동1가,,20220108,월세,23.0,1000,50,1992.0,단독다가구,2022
성북구,13900,석관동,,20220108,월세,30.0,1000,35,1994.0,단독다가구,2022
성북구,13400,길음동,3.0,20220108,월세,59.37,12000,110,2007.0,아파트,2022
성북구,11500,삼선동5가,5.0,20220108,월세,18.6,5000,41,2014.0,오피스텔,2022
성북구,11100,삼선동1가,5.0,20220108,월세,40.15,5000,70,2015.0,연립다세대,2022
성북구,13400,길음동,3.0,20220108,월세,59.37,10000,120,2007.0,아파트,2022
성북구,12500,안암동5가,2.0,20220108,월세,12.21,1000,65,2011.0,연립다세대,2022
성북구,13600,하월곡동,6.0,20220108,월세,114.75,30000,130,2003.0,아파트,2022
성북구,13600,하월곡동,16.0,20220108,월세,59.98,42000,30,2007.0,아파트,2022
성북구,13800,장위동,12.0,20220108,월세,15.21,500,60,2019.0,아파트,2022
성북구,13300,정릉동,16.0,20220108,월세,84.91,10000,85,2000.0,아파트,2022
성북구,13800,장위동,8.0,20220108,월세,15.21,1000,47,2019.0,아파트,2022
성북구,13600,하월곡동,16.0,20220108,월세,84.88,10000,160,2007.0,아파트,2022
성북구,10800,동소문동5가,18.0,20220108,월세,14.02,1000,77,2018.0,아파트,2022
성북구,13300,정릉동,13.0,20220108,월세,59.98,3000,110,2005.0,아파트,2022
성북구,11100,삼선동1가,1.0,20220109,월세,79.02,0,45,2008.0,연립다세대,2022
성북구,13400,길음동,,20220109,월세,75.3,10000,50,1997.0,단독다가구,2022
성북구,11800,동선동3가,,20220109,월세,20.0,1000,50,2012.0,단독다가구,2022
성북구,12200,안암동2가,,20220109,월세,20.0,300,40,1997.0,단독다가구,2022
성북구,11500,삼선동5가,,20220109,월세,18.0,500,40,2009.0,단독다가구,2022
성북구,13300,정릉동,,20220109,월세,15.0,1000,50,2017.0,단독다가구,2022
성북구,13500,종암동,,20220109,월세,17.76,500,30,2011.0,단독다가구,2022
성북구,10800,동소문동5가,12.0,20220109,월세,16.67,1000,84,2017.0,아파트,2022
성북구,12500,안암동5가,,20220109,월세,59.49,1000,80,1994.0,단독다가구,2022
성북구,12500,안암동5가,,20220109,월세,18.0,500,55,1993.0,단독다가구,2022
성북구,13500,종암동,,20220109,월세,20.0,500,45,2017.0,단독다가구,2022
성북구,12500,안암동5가,,20220109,월세,20.0,500,55,1998.0,단독다가구,2022
성북구,12500,안암동5가,2.0,20220109,월세,16.07,1000,57,2019.0,연립다세대,2022
성북구,11800,동선동3가,,20220109,월세,20.0,1000,45,2019.0,단독다가구,2022
성북구,13700,상월곡동,,20220109,월세,16.0,500,43,2017.0,단독다가구,2022
성북구,13900,석관동,,20220109,월세,17.16,1000,45,,단독다가구,2022
성북구,12800,보문동6가,12.0,20220109,월세,84.99,17000,10,2017.0,아파트,2022
성북구,13900,석관동,2.0,20220109,월세,28.89,1000,50,2008.0,연립다세대,2022
성북구,10300,돈암동,9.0,20220109,월세,59.79,30000,30,1998.0,아파트,2022
성북구,13300,정릉동,,20220109,월세,22.0,300,28,1983.0,단독다가구,2022
성북구,12900,보문동7가,,20220109,월세,23.73,400,36,1993.0,단독다가구,2022
성북구,13900,석관동,,20220109,월세,22.36,500,35,2019.0,단독다가구,2022
성북구,12500,안암동5가,,20220109,월세,24.79,1000,40,1994.0,단독다가구,2022
성북구,13300,정릉동,,20220109,월세,25.0,2000,60,1996.0,단독다가구,2022
성북구,12500,안암동5가,,20220109,월세,24.0,500,52,1998.0,단독다가구,2022
성북구,13500,종암동,,20220110,월세,24.1,200,20,1993.0,단독다가구,2022
성북구,13300,정릉동,,20220110,월세,36.0,2000,70,2016.0,단독다가구,2022
성북구,13300,정릉동,,20220110,월세,23.1,500,60,2017.0,단독다가구,2022
성북구,12200,안암동2가,,20220110,월세,20.5,1000,45,2017.0,단독다가구,2022
성북구,13600,하월곡동,,20220110,월세,36.36,1000,35,1996.0,단독다가구,2022
성북구,12500,안암동5가,,20220110,월세,38.39,2000,75,2002.0,단독다가구,2022
성북구,12100,안암동1가,,20220110,월세,35.0,1000,65,1992.0,단독다가구,2022
성북구,12500,안암동5가,,20220110,월세,40.0,3000,60,,단독다가구,2022
성북구,13700,상월곡동,,20220110,월세,34.0,300,42,1994.0,단독다가구,2022
성북구,11700,동선동2가,,20220110,월세,23.0,1000,50,2017.0,단독다가구,2022
성북구,11200,삼선동2가,,20220110,월세,40.12,500,45,1995.0,단독다가구,2022
성북구,12100,안암동1가,4.0,20220110,월세,14.99,1000,45,2014.0,연립다세대,2022
성북구,12800,보문동6가,,20220110,월세,41.2,2000,67,2017.0,단독다가구,2022
성북구,13700,상월곡동,,20220110,월세,41.33,1000,45,2002.0,단독다가구,2022
성북구,13500,종암동,4.0,20220110,월세,94.72,2000,70,1997.0,연립다세대,2022
성북구,10800,동소문동5가,13.0,20220110,월세,14.02,1000,75,2018.0,아파트,2022
성북구,13300,정릉동,13.0,20220110,월세,59.37,3000,150,2009.0,아파트,2022
성북구,13300,정릉동,1.0,20220110,월세,36.74,2000,53,2005.0,연립다세대,2022
성북구,13200,보문동3가,12.0,20220110,월세,84.77,25000,76,2013.0,아파트,2022
성북구,13300,정릉동,10.0,20220110,월세,32.76,1843,12,2005.0,아파트,2022
성북구,11400,삼선동4가,6.0,20220110,월세,27.09,10000,46,2014.0,오피스텔,2022
성북구,13900,석관동,3.0,20220110,월세,14.52,8000,20,2010.0,연립다세대,2022
성북구,11400,삼선동4가,6.0,20220110,월세,27.09,100000,46,2014.0,오피스텔,2022
성북구,13900,석관동,3.0,20220110,월세,32.02,2581,34,2021.0,연립다세대,2022
성북구,13700,상월곡동,,20220110,월세,13.74,1000,40,2019.0,단독다가구,2022
성북구,13100,보문동2가,,20220110,월세,49.92,8000,45,1993.0,단독다가구,2022
성북구,13300,정릉동,,20220110,월세,72.72,2000,100,2018.0,단독다가구,2022
성북구,13800,장위동,,20220110,월세,54.63,1000,40,1991.0,단독다가구,2022
성북구,13800,장위동,,20220110,월세,59.22,2000,60,1997.0,단독다가구,2022
성북구,11800,동선동3가,,20220110,월세,49.84,5000,20,2001.0,단독다가구,2022
성북구,10800,동소문동5가,13.0,20220110,월세,16.67,3000,80,2017.0,아파트,2022
성북구,11800,동선동3가,,20220110,월세,62.41,2000,90,1994.0,단독다가구,2022
성북구,13400,길음동,8.0,20220110,월세,60.0,30000,50,2003.0,아파트,2022
성북구,13400,길음동,18.0,20220110,월세,59.98,10000,106,2010.0,아파트,2022
성북구,13400,길음동,13.0,20220110,월세,84.96,5000,137,2003.0,아파트,2022
성북구,13800,장위동,17.0,20220110,월세,59.35,10000,100,2017.0,아파트,2022
성북구,13300,정릉동,4.0,20220110,월세,43.11,1000,63,2001.0,아파트,2022
성북구,11800,동선동3가,,20220110,월세,19.8,1000,45,2002.0,단독다가구,2022
성북구,12500,안암동5가,,20220110,월세,18.0,1000,50,1997.0,단독다가구,2022
성북구,11800,동선동3가,,20220110,월세,18.0,500,45,2001.0,단독다가구,2022
성북구,11800,동선동3가,,20220110,월세,18.0,300,50,2001.0,단독다가구,2022
성북구,13300,정릉동,,20220110,월세,16.0,1000,45,2017.0,단독다가구,2022
성북구,13300,정릉동,,20220110,월세,15.0,1000,45,2017.0,단독다가구,2022
성북구,12500,안암동5가,,20220110,월세,20.0,6000,35,2018.0,단독다가구,2022
성북구,12500,안암동5가,,20220110,월세,19.8,100,50,1994.0,단독다가구,2022
성북구,13000,보문동1가,,20220110,월세,20.0,1000,50,2011.0,단독다가구,2022
성북구,13300,정릉동,2.0,20220110,월세,30.97,1023,18,2019.0,연립다세대,2022
성북구,13400,길음동,7.0,20220110,월세,33.46,1630,11,2019.0,아파트,2022
성북구,11300,삼선동3가,1.0,20220110,월세,35.58,2012,20,2008.0,아파트,2022
성북구,13800,장위동,3.0,20220110,월세,49.0,18000,50,2016.0,연립다세대,2022
성북구,11300,삼선동3가,1.0,20220110,월세,35.58,4118,8,2008.0,아파트,2022
성북구,13800,장위동,3.0,20220110,월세,49.0,18000,28,2016.0,연립다세대,2022
성북구,13400,길음동,12.0,20220110,월세,33.46,1630,11,2019.0,아파트,2022
성북구,13500,종암동,2.0,20220111,월세,45.54,5944,18,2019.0,연립다세대,2022
성북구,11200,삼선동2가,6.0,20220111,월세,84.83,20000,110,2008.0,아파트,2022
성북구,11400,삼선동4가,2.0,20220111,월세,16.07,1000,50,2012.0,연립다세대,2022
성북구,13900,석관동,3.0,20220111,월세,25.0,1000,41,2002.0,오피스텔,2022
성북구,11300,삼선동3가,12.0,20220111,월세,35.58,4118,8,2008.0,아파트,2022
성북구,11300,삼선동3가,12.0,20220111,월세,35.58,2012,20,2008.0,아파트,2022
성북구,13300,정릉동,2.0,20220111,월세,56.26,6315,12,2020.0,연립다세대,2022
성북구,13300,정릉동,3.0,20220111,월세,56.26,1220,35,2020.0,연립다세대,2022
성북구,10700,동소문동4가,2.0,20220111,월세,17.56,1000,70,2019.0,오피스텔,2022
성북구,13300,정릉동,2.0,20220111,월세,58.55,15000,30,2018.0,연립다세대,2022
성북구,12500,안암동5가,,20220111,월세,168.02,8000,9,2001.0,단독다가구,2022
성북구,13400,길음동,21.0,20220111,월세,59.9,30000,100,2019.0,아파트,2022
성북구,10300,돈암동,7.0,20220111,월세,59.92,20000,90,2007.0,아파트,2022
성북구,13600,하월곡동,,20220111,월세,25.0,1000,70,2011.0,단독다가구,2022
성북구,13300,정릉동,,20220111,월세,25.0,1000,60,1996.0,단독다가구,2022
성북구,13500,종암동,,20220111,월세,41.67,2000,70,2009.0,단독다가구,2022
성북구,13500,종암동,,20220111,월세,42.0,1000,45,1993.0,단독다가구,2022
성북구,13900,석관동,,20220111,월세,30.34,200,25,1991.0,단독다가구,2022
성북구,12200,안암동2가,,20220111,월세,40.0,1000,50,1996.0,단독다가구,2022
성북구,13500,종암동,,20220111,월세,35.0,1500,60,1990.0,단독다가구,2022
성북구,12200,안암동2가,,20220111,월세,23.1,1000,50,2010.0,단독다가구,2022
성북구,12500,안암동5가,,20220111,월세,23.1,1000,55,1997.0,단독다가구,2022
성북구,11800,동선동3가,,20220111,월세,23.1,1000,50,2000.0,단독다가구,2022
성북구,12200,안암동2가,,20220111,월세,23.1,500,45,2010.0,단독다가구,2022
성북구,10300,돈암동,11.0,20220111,월세,59.58,3000,110,1998.0,아파트,2022
성북구,13300,정릉동,,20220111,월세,12.0,500,40,2019.0,단독다가구,2022
성북구,13300,정릉동,,20220111,월세,13.0,1000,45,2021.0,단독다가구,2022
성북구,13300,정릉동,8.0,20220111,월세,32.76,1764,18,2005.0,아파트,2022
성북구,13500,종암동,7.0,20220111,월세,75.5,5000,130,1996.0,아파트,2022
성북구,13900,석관동,3.0,20220111,월세,59.9,5000,140,2009.0,아파트,2022
성북구,13900,석관동,8.0,20220111,월세,59.9,10000,89,2009.0,아파트,2022
성북구,13800,장위동,14.0,20220111,월세,39.34,1329,20,2006.0,아파트,2022
성북구,13800,장위동,1.0,20220111,월세,39.34,4401,3,2006.0,아파트,2022
성북구,13300,정릉동,8.0,20220111,월세,32.76,3078,6,2005.0,아파트,2022
성북구,10300,돈암동,4.0,20220111,월세,84.97,30000,100,2004.0,아파트,2022
성북구,13800,장위동,3.0,20220111,월세,57.48,3000,60,1997.0,연립다세대,2022
성북구,13500,종암동,11.0,20220111,월세,84.96,37000,50,2000.0,아파트,2022
성북구,13800,장위동,6.0,20220111,월세,32.22,6279,23,2017.0,아파트,2022
성북구,13800,장위동,11.0,20220111,월세,32.22,6279,23,2017.0,아파트,2022
성북구,10100,성북동,-1.0,20220111,월세,37.2,8900,16,1995.0,연립다세대,2022
성북구,13800,장위동,6.0,20220111,월세,32.22,7131,19,2017.0,아파트,2022
성북구,13400,길음동,3.0,20220111,월세,84.96,34000,100,2010.0,아파트,2022
성북구,13400,길음동,5.0,20220111,월세,84.96,5000,230,2010.0,아파트,2022
성북구,13400,길음동,4.0,20220111,월세,59.97,4500,140,2005.0,아파트,2022
성북구,13800,장위동,12.0,20220111,월세,32.22,6279,23,2017.0,아파트,2022
성북구,13800,장위동,8.0,20220111,월세,32.22,7507,20,2017.0,아파트,2022
성북구,13800,장위동,5.0,20220111,월세,40.24,9693,25,2017.0,아파트,2022
성북구,13800,장위동,20.0,20220111,월세,40.24,9693,25,2017.0,아파트,2022
성북구,13800,장위동,14.0,20220111,월세,40.24,9693,25,2017.0,아파트,2022
성북구,12300,안암동3가,4.0,20220111,월세,45.89,2211,29,2019.0,연립다세대,2022
성북구,13800,장위동,3.0,20220111,월세,59.93,10000,40,2005.0,연립다세대,2022
성북구,13500,종암동,,20220111,월세,52.0,300,45,1988.0,단독다가구,2022
성북구,11500,삼선동5가,,20220111,월세,58.29,7000,50,2002.0,단독다가구,2022
성북구,12500,안암동5가,1.0,20220111,월세,128.55,1000,50,2013.0,연립다세대,2022
성북구,12500,안암동5가,,20220111,월세,16.5,1000,55,2021.0,단독다가구,2022
성북구,12500,안암동5가,,20220111,월세,20.0,400,45,,단독다가구,2022
성북구,13600,하월곡동,,20220111,월세,15.0,1000,40,2018.0,단독다가구,2022
성북구,13300,정릉동,,20220111,월세,16.17,500,40,2018.0,단독다가구,2022
성북구,11900,동선동4가,,20220111,월세,20.0,2800,22,2013.0,단독다가구,2022
성북구,12100,안암동1가,,20220111,월세,19.0,4000,30,2018.0,단독다가구,2022
성북구,13300,정릉동,2.0,20220111,월세,96.68,3000,80,2004.0,연립다세대,2022
성북구,13300,정릉동,,20220111,월세,16.0,1000,50,2021.0,단독다가구,2022
성북구,11800,동선동3가,,20220111,월세,20.0,1000,45,2019.0,단독다가구,2022
성북구,11800,동선동3가,,20220111,월세,19.0,1000,70,1997.0,단독다가구,2022
성북구,13500,종암동,,20220111,월세,19.8,300,45,2017.0,단독다가구,2022
성북구,13900,석관동,,20220111,월세,19.18,100,40,2018.0,단독다가구,2022
성북구,11300,삼선동3가,3.0,20220111,월세,15.3,2000,45,2011.0,연립다세대,2022
성북구,12300,안암동3가,5.0,20220111,월세,59.91,10000,100,2016.0,연립다세대,2022
성북구,12100,안암동1가,,20220112,월세,30.0,500,50,1992.0,단독다가구,2022
성북구,11800,동선동3가,,20220112,월세,30.0,2000,45,1993.0,단독다가구,2022
성북구,11700,동선동2가,,20220112,월세,21.0,1000,40,2002.0,단독다가구,2022
성북구,12500,안암동5가,,20220112,월세,25.05,4000,50,2018.0,단독다가구,2022
성북구,12500,안암동5가,,20220112,월세,24.79,1000,40,1994.0,단독다가구,2022
성북구,13400,길음동,5.0,20220112,월세,59.93,9292,39,2019.0,아파트,2022
성북구,13400,길음동,15.0,20220112,월세,59.87,20000,100,2022.0,아파트,2022
성북구,12500,안암동5가,5.0,20220112,월세,12.41,3000,45,2012.0,연립다세대,2022
성북구,12500,안암동5가,4.0,20220112,월세,13.7,1000,53,2013.0,연립다세대,2022
성북구,13300,정릉동,4.0,20220112,월세,80.23,18000,30,2007.0,연립다세대,2022
성북구,11800,동선동3가,5.0,20220112,월세,12.71,1000,50,2011.0,연립다세대,2022
성북구,10900,동소문동6가,16.0,20220112,월세,23.01,5000,96,2012.0,아파트,2022
성북구,11600,동선동1가,,20220112,월세,18.0,5000,35,2017.0,단독다가구,2022
성북구,11700,동선동2가,,20220112,월세,18.5,1000,53,2019.0,단독다가구,2022
성북구,12500,안암동5가,,20220112,월세,19.0,1000,60,2018.0,단독다가구,2022
성북구,11900,동선동4가,,20220112,월세,16.0,500,30,2010.0,단독다가구,2022
성북구,12200,안암동2가,,20220112,월세,16.5,500,42,2014.0,단독다가구,2022
성북구,13600,하월곡동,,20220112,월세,17.0,1000,45,2016.0,단독다가구,2022
성북구,13300,정릉동,,20220112,월세,12.0,1000,40,2018.0,단독다가구,2022
성북구,13300,정릉동,,20220112,월세,13.0,1000,45,2017.0,단독다가구,2022
성북구,13300,정릉동,,20220112,월세,13.0,1000,47,2021.0,단독다가구,2022
성북구,10300,돈암동,,20220112,월세,13.2,1000,33,2010.0,단독다가구,2022
성북구,13600,하월곡동,28.0,20220112,월세,126.6,60000,110,2011.0,아파트,2022
성북구,13300,정릉동,,20220112,월세,16.52,1000,50,2017.0,단독다가구,2022
성북구,13300,정릉동,,20220112,월세,16.0,500,40,2017.0,단독다가구,2022
성북구,11800,동선동3가,,20220112,월세,20.0,500,40,2007.0,단독다가구,2022
성북구,13300,정릉동,5.0,20220112,월세,38.74,13000,25,2010.0,연립다세대,2022
성북구,13900,석관동,,20220112,월세,32.3,200,25,1992.0,단독다가구,2022
성북구,11800,동선동3가,,20220112,월세,39.6,2000,75,1997.0,단독다가구,2022
성북구,13500,종암동,4.0,20220112,월세,14.7,2000,45,2011.0,연립다세대,2022
성북구,10300,돈암동,3.0,20220112,월세,51.47,1000,45,1981.0,아파트,2022
성북구,10900,동소문동6가,7.0,20220112,월세,16.1,9000,19,2014.0,연립다세대,2022
성북구,13300,정릉동,2.0,20220112,월세,20.57,1375,8,2014.0,연립다세대,2022
성북구,13600,하월곡동,4.0,20220112,월세,84.99,20000,70,2003.0,아파트,2022
성북구,11500,삼선동5가,,20220112,월세,50.0,1000,40,1990.0,단독다가구,2022
성북구,12100,안암동1가,,20220112,월세,65.49,3000,73,1991.0,단독다가구,2022
성북구,13900,석관동,7.0,20220112,월세,59.9,2360,23,2009.0,아파트,2022
성북구,11900,동선동4가,,20220112,월세,48.84,1000,90,2018.0,단독다가구,2022
성북구,13500,종암동,,20220112,월세,55.0,1000,82,2003.0,단독다가구,2022
성북구,13800,장위동,15.0,20220112,월세,32.22,7507,20,2017.0,아파트,2022
성북구,13400,길음동,11.0,20220112,월세,102.38,17800,105,2005.0,아파트,2022
성북구,13400,길음동,10.0,20220112,월세,33.28,5375,9,2010.0,아파트,2022
성북구,10800,동소문동5가,14.0,20220112,월세,16.67,3700,78,2017.0,아파트,2022
성북구,13800,장위동,2.0,20220112,월세,36.53,4000,50,2015.0,연립다세대,2022
성북구,13800,장위동,4.0,20220112,월세,40.24,9713,25,2017.0,아파트,2022
성북구,13500,종암동,7.0,20220112,월세,59.67,7000,74,2000.0,아파트,2022
성북구,13800,장위동,2.0,20220112,월세,40.24,9693,25,2017.0,아파트,2022
성북구,13800,장위동,8.0,20220112,월세,32.22,7131,19,2017.0,아파트,2022
성북구,13600,하월곡동,10.0,20220113,월세,114.61,30000,130,2010.0,아파트,2022
성북구,13400,길음동,9.0,20220113,월세,84.05,37000,100,2007.0,아파트,2022
성북구,13800,장위동,12.0,20220113,월세,40.24,9713,25,2017.0,아파트,2022
성북구,12300,안암동3가,,20220113,월세,19.8,1000,55,2019.0,단독다가구,2022
성북구,13800,장위동,,20220113,월세,40.74,8000,10,1996.0,단독다가구,2022
성북구,11700,동선동2가,,20220113,월세,19.8,1000,50,,단독다가구,2022
성북구,11200,삼선동2가,,20220113,월세,43.41,1000,75,1989.0,단독다가구,2022
성북구,13800,장위동,,20220113,월세,45.0,200,25,1993.0,단독다가구,2022
성북구,13300,정릉동,,20220113,월세,16.0,1000,55,2017.0,단독다가구,2022
성북구,10100,성북동,,20220113,월세,15.0,0,15,1966.0,단독다가구,2022
성북구,11200,삼선동2가,,20220113,월세,25.0,500,35,2000.0,단독다가구,2022
성북구,11800,동선동3가,,20220113,월세,20.0,1000,55,2018.0,단독다가구,2022
성북구,13300,정릉동,,20220113,월세,19.8,1000,55,2017.0,단독다가구,2022
성북구,12500,안암동5가,,20220113,월세,23.0,500,50,,단독다가구,2022
성북구,11900,동선동4가,,20220113,월세,23.0,1000,60,2019.0,단독다가구,2022
성북구,12500,안암동5가,,20220113,월세,19.8,1000,50,1992.0,단독다가구,2022
성북구,13900,석관동,,20220113,월세,21.0,500,35,1965.0,단독다가구,2022
성북구,11100,삼선동1가,,20220113,월세,25.16,1000,70,2022.0,단독다가구,2022
성북구,11700,동선동2가,,20220113,월세,30.0,2000,70,2016.0,단독다가구,2022
성북구,13900,석관동,,20220113,월세,20.0,13000,7,2021.0,단독다가구,2022
성북구,12500,안암동5가,,20220113,월세,15.0,5000,15,2001.0,단독다가구,2022
성북구,12100,안암동1가,,20220113,월세,15.0,1000,55,2019.0,단독다가구,2022
성북구,13900,석관동,,20220113,월세,27.6,4000,40,2018.0,단독다가구,2022
성북구,13400,길음동,18.0,20220113,월세,59.88,20000,120,2022.0,아파트,2022
성북구,13400,길음동,23.0,20220113,월세,59.88,8000,170,2022.0,아파트,2022
성북구,10300,돈암동,4.0,20220113,월세,84.72,26000,60,1994.0,아파트,2022
성북구,13900,석관동,4.0,20220113,월세,27.15,1000,80,2019.0,연립다세대,2022
성북구,13800,장위동,4.0,20220113,월세,46.35,11872,32,2020.0,아파트,2022
성북구,13300,정릉동,,20220113,월세,12.0,500,55,1991.0,단독다가구,2022
성북구,13800,장위동,8.0,20220113,월세,36.14,8419,22,2020.0,아파트,2022
성북구,11800,동선동3가,,20220113,월세,52.84,1000,70,1996.0,단독다가구,2022
성북구,13100,보문동2가,3.0,20220113,월세,17.34,4000,35,2012.0,연립다세대,2022
성북구,13500,종암동,,20220113,월세,65.01,12000,45,1991.0,단독다가구,2022
성북구,13300,정릉동,,20220113,월세,59.31,10000,21,1993.0,단독다가구,2022
성북구,13500,종암동,,20220113,월세,51.04,12000,10,1994.0,단독다가구,2022
성북구,13300,정릉동,,20220113,월세,37.4,12000,10,2013.0,단독다가구,2022
성북구,11200,삼선동2가,,20220113,월세,36.3,1000,60,1991.0,단독다가구,2022
성북구,11100,삼선동1가,,20220113,월세,34.0,1000,50,1998.0,단독다가구,2022
성북구,13200,보문동3가,5.0,20220113,월세,59.65,3000,185,2003.0,아파트,2022
성북구,10300,돈암동,12.0,20220113,월세,59.58,24000,50,1998.0,아파트,2022
성북구,13300,정릉동,5.0,20220113,월세,84.09,28000,50,2005.0,아파트,2022
성북구,12500,안암동5가,,20220114,월세,15.0,1000,45,1995.0,단독다가구,2022
성북구,13400,길음동,,20220114,월세,19.8,500,40,2010.0,단독다가구,2022
성북구,13300,정릉동,,20220114,월세,18.0,1000,40,2020.0,단독다가구,2022
성북구,12000,동선동5가,,20220114,월세,16.5,8000,30,2002.0,단독다가구,2022
성북구,13300,정릉동,,20220114,월세,18.0,1000,45,2019.0,단독다가구,2022
성북구,13600,하월곡동,,20220114,월세,18.0,1000,40,2016.0,단독다가구,2022
성북구,13300,정릉동,,20220114,월세,12.0,1000,40,2018.0,단독다가구,2022
성북구,13300,정릉동,,20220114,월세,13.0,1000,45,2021.0,단독다가구,2022
성북구,11700,동선동2가,,20220114,월세,13.2,1000,54,2018.0,단독다가구,2022
성북구,13400,길음동,6.0,20220114,월세,33.99,5533,10,2010.0,아파트,2022
성북구,13400,길음동,10.0,20220114,월세,33.28,1847,26,2010.0,아파트,2022
성북구,13300,정릉동,1.0,20220114,월세,99.3,1000,29,1982.0,연립다세대,2022
성북구,13300,정릉동,,20220114,월세,42.66,3000,35,1987.0,단독다가구,2022
성북구,12500,안암동5가,,20220114,월세,24.79,2000,40,1994.0,단독다가구,2022
성북구,12100,안암동1가,,20220114,월세,30.0,1000,80,2018.0,단독다가구,2022
성북구,13500,종암동,,20220114,월세,95.17,3000,30,1997.0,단독다가구,2022
성북구,13400,길음동,2.0,20220114,월세,43.56,5000,70,2000.0,연립다세대,2022
성북구,13900,석관동,15.0,20220114,월세,84.85,15000,100,1994.0,아파트,2022
성북구,13400,길음동,26.0,20220114,월세,59.88,47000,50,2022.0,아파트,2022
성북구,13400,길음동,12.0,20220114,월세,59.93,13052,21,2019.0,아파트,2022
성북구,13400,길음동,,20220114,월세,60.9,2000,50,1994.0,단독다가구,2022
성북구,13600,하월곡동,,20220114,월세,47.0,1000,58,1999.0,단독다가구,2022
성북구,10300,돈암동,,20220114,월세,56.48,6000,50,2004.0,단독다가구,2022
성북구,13800,장위동,14.0,20220114,월세,15.21,1000,53,2019.0,아파트,2022
성북구,13900,석관동,2.0,20220114,월세,59.9,4804,9,2009.0,아파트,2022
성북구,11700,동선동2가,,20220114,월세,51.15,1500,68,1994.0,단독다가구,2022
성북구,13800,장위동,4.0,20220114,월세,59.99,10000,117,2020.0,아파트,2022
성북구,10700,동소문동4가,5.0,20220114,월세,59.61,500,40,2001.0,연립다세대,2022
성북구,13500,종암동,1.0,20220114,월세,84.92,10000,116,2009.0,아파트,2022
성북구,10900,동소문동6가,15.0,20220114,월세,14.99,13000,33,2012.0,아파트,2022
성북구,13600,하월곡동,11.0,20220114,월세,59.75,8000,120,2006.0,아파트,2022
성북구,13400,길음동,14.0,20220114,월세,33.46,1630,11,2019.0,아파트,2022
성북구,10300,돈암동,18.0,20220114,월세,84.87,30000,85,1998.0,아파트,2022
성북구,10700,동소문동4가,1.0,20220114,월세,71.17,20000,15,1997.0,연립다세대,2022
성북구,13500,종암동,3.0,20220114,월세,20.65,3000,50,2016.0,연립다세대,2022
성북구,12500,안암동5가,,20220114,월세,37.97,300,89,2002.0,단독다가구,2022
성북구,11800,동선동3가,,20220114,월세,35.0,1000,50,1990.0,단독다가구,2022
성북구,10200,성북동1가,,20220114,월세,38.75,5000,55,1997.0,단독다가구,2022
성북구,10300,돈암동,,20220115,월세,33.12,1000,50,1964.0,단독다가구,2022
성북구,13800,장위동,,20220115,월세,45.0,500,35,1997.0,단독다가구,2022
성북구,11500,삼선동5가,,20220115,월세,34.0,3000,50,2015.0,단독다가구,2022
성북구,13700,상월곡동,,20220115,월세,41.31,500,30,1994.0,단독다가구,2022
성북구,12100,안암동1가,,20220115,월세,40.0,1000,57,1992.0,단독다가구,2022
성북구,11100,삼선동1가,,20220115,월세,32.23,1000,40,1985.0,단독다가구,2022
성북구,13500,종암동,,20220115,월세,39.6,2000,20,2001.0,단독다가구,2022
성북구,13800,장위동,5.0,20220115,월세,59.98,23500,40,2001.0,아파트,2022
성북구,13300,정릉동,,20220115,월세,14.0,1000,40,2019.0,단독다가구,2022
성북구,13300,정릉동,,20220115,월세,13.0,1000,45,2018.0,단독다가구,2022
성북구,13300,정릉동,,20220115,월세,13.0,500,40,2016.0,단독다가구,2022
성북구,10300,돈암동,,20220115,월세,13.02,1000,45,1994.0,단독다가구,2022
성북구,13300,정릉동,,20220115,월세,20.0,1000,50,2017.0,단독다가구,2022
성북구,11600,동선동1가,,20220115,월세,18.0,1000,48,2010.0,단독다가구,2022
성북구,11800,동선동3가,,20220115,월세,20.0,1000,47,2019.0,단독다가구,2022
성북구,13300,정릉동,,20220115,월세,18.0,2000,35,2001.0,단독다가구,2022
성북구,13500,종암동,,20220115,월세,16.0,3000,30,2018.0,단독다가구,2022
성북구,13500,종암동,,20220115,월세,19.8,1000,55,2018.0,단독다가구,2022
성북구,13500,종암동,12.0,20220115,월세,84.97,5000,153,2010.0,아파트,2022
성북구,13300,정릉동,,20220115,월세,16.0,1000,50,2021.0,단독다가구,2022
성북구,11800,동선동3가,,20220115,월세,20.0,1000,45,2019.0,단독다가구,2022
성북구,13500,종암동,26.0,20220115,월세,84.72,5000,150,1999.0,아파트,2022
성북구,13600,하월곡동,,20220115,월세,17.0,3000,30,2011.0,단독다가구,2022
성북구,13300,정릉동,,20220115,월세,16.0,2000,50,2018.0,단독다가구,2022
성북구,13500,종암동,,20220115,월세,16.0,1000,40,2018.0,단독다가구,2022
성북구,13300,정릉동,,20220115,월세,20.0,300,38,2018.0,단독다가구,2022
성북구,13500,종암동,,20220115,월세,19.8,500,35,1995.0,단독다가구,2022
성북구,11700,동선동2가,,20220115,월세,19.8,500,50,2000.0,단독다가구,2022
성북구,11200,삼선동2가,,20220115,월세,17.5,1000,45,2019.0,단독다가구,2022
성북구,12500,안암동5가,,20220115,월세,16.5,300,43,2001.0,단독다가구,2022
성북구,13300,정릉동,,20220115,월세,18.1,500,35,2018.0,단독다가구,2022
성북구,12500,안암동5가,,20220115,월세,20.0,500,50,1994.0,단독다가구,2022
성북구,10600,동소문동3가,,20220115,월세,18.0,1000,55,2019.0,단독다가구,2022
성북구,13300,정릉동,9.0,20220115,월세,43.11,19100,3,2001.0,아파트,2022
성북구,11800,동선동3가,,20220115,월세,20.0,2000,50,2018.0,단독다가구,2022
성북구,13300,정릉동,13.0,20220115,월세,84.88,10000,97,1999.0,아파트,2022
성북구,13400,길음동,19.0,20220115,월세,84.84,20000,130,2003.0,아파트,2022
성북구,13600,하월곡동,3.0,20220115,월세,14.0,1000,51,2017.0,연립다세대,2022
성북구,13600,하월곡동,7.0,20220115,월세,59.65,20000,70,2010.0,아파트,2022
성북구,11200,삼선동2가,,20220115,월세,21.48,1000,45,1989.0,단독다가구,2022
성북구,10800,동소문동5가,8.0,20220115,월세,16.67,3700,70,2017.0,아파트,2022
성북구,10800,동소문동5가,,20220115,월세,25.0,1000,67,1991.0,단독다가구,2022
성북구,13400,길음동,20.0,20220115,월세,59.99,23500,75,2010.0,아파트,2022
성북구,12500,안암동5가,,20220115,월세,29.0,500,47,1998.0,단독다가구,2022
성북구,12500,안암동5가,,20220115,월세,25.0,2000,90,2002.0,단독다가구,2022
성북구,13400,길음동,8.0,20220115,월세,84.97,20000,76,2005.0,아파트,2022
성북구,12400,안암동4가,,20220115,월세,22.0,5000,35,2017.0,단독다가구,2022
성북구,12200,안암동2가,,20220115,월세,20.5,1000,45,2017.0,단독다가구,2022
성북구,13400,길음동,8.0,20220115,월세,84.64,20000,80,2005.0,아파트,2022
성북구,10800,동소문동5가,,20220115,월세,25.0,1000,69,1991.0,단독다가구,2022
성북구,13400,길음동,5.0,20220115,월세,84.96,10000,170,2006.0,아파트,2022
성북구,13900,석관동,,20220115,월세,30.0,500,30,2006.0,단독다가구,2022
성북구,11600,동선동1가,,20220115,월세,24.25,1000,70,1993.0,단독다가구,2022
성북구,10300,돈암동,13.0,20220115,월세,59.58,6780,83,1998.0,아파트,2022
성북구,10800,동소문동5가,18.0,20220115,월세,14.02,1000,82,2018.0,아파트,2022
성북구,13800,장위동,9.0,20220115,월세,18.03,1000,52,2019.0,오피스텔,2022
성북구,13800,장위동,4.0,20220115,월세,14.71,1000,50,2019.0,아파트,2022
성북구,10100,성북동,3.0,20220115,월세,59.52,15000,30,1995.0,연립다세대,2022
성북구,12100,안암동1가,4.0,20220115,월세,14.99,1000,50,2014.0,연립다세대,2022
성북구,13400,길음동,11.0,20220115,월세,112.51,90000,50,2022.0,아파트,2022
성북구,13400,길음동,15.0,20220115,월세,112.51,70000,120,2022.0,아파트,2022
성북구,13400,길음동,23.0,20220115,월세,84.77,10000,220,2022.0,아파트,2022
성북구,13400,길음동,31.0,20220115,월세,84.77,30000,155,2022.0,아파트,2022
성북구,13400,길음동,7.0,20220115,월세,59.87,30000,90,2022.0,아파트,2022
성북구,13800,장위동,,20220115,월세,61.47,3000,50,1983.0,단독다가구,2022
성북구,10300,돈암동,4.0,20220115,월세,59.4,3000,95,1999.0,아파트,2022
성북구,12800,보문동6가,,20220115,월세,61.6,3000,55,2009.0,단독다가구,2022
성북구,13400,길음동,20.0,20220115,월세,59.97,10000,126,2019.0,아파트,2022
성북구,13600,하월곡동,18.0,20220115,월세,59.88,25000,40,1998.0,아파트,2022
성북구,11900,동선동4가,,20220115,월세,47.5,2000,85,2018.0,단독다가구,2022
성북구,10800,동소문동5가,,20220115,월세,62.7,20000,30,1991.0,단독다가구,2022
성북구,12200,안암동2가,,20220115,월세,47.94,1000,60,2004.0,단독다가구,2022
성북구,13100,보문동2가,4.0,20220115,월세,23.05,1000,50,2009.0,연립다세대,2022
성북구,11900,동선동4가,13.0,20220115,월세,21.05,2000,60,2011.0,오피스텔,2022
성북구,13500,종암동,12.0,20220115,월세,59.99,5000,130,2004.0,아파트,2022
성북구,13300,정릉동,3.0,20220116,월세,15.62,500,45,2012.0,연립다세대,2022
성북구,13300,정릉동,,20220116,월세,15.0,1000,45,2020.0,단독다가구,2022
성북구,12100,안암동1가,,20220116,월세,59.4,3000,70,1992.0,단독다가구,2022
성북구,13300,정릉동,,20220116,월세,16.0,1000,50,2021.0,단독다가구,2022
성북구,11800,동선동3가,,20220116,월세,15.0,1000,50,2019.0,단독다가구,2022
성북구,13800,장위동,,20220116,월세,49.6,3000,50,1987.0,단독다가구,2022
성북구,11700,동선동2가,,20220116,월세,18.0,500,45,2010.0,단독다가구,2022
성북구,13700,상월곡동,,20220116,월세,15.0,5000,10,2014.0,단독다가구,2022
성북구,12500,안암동5가,,20220116,월세,23.1,1000,55,1997.0,단독다가구,2022
성북구,11600,동선동1가,7.0,20220116,월세,14.08,3000,50,2014.0,연립다세대,2022
성북구,13800,장위동,2.0,20220116,월세,69.51,13000,5,2003.0,연립다세대,2022
성북구,13400,길음동,31.0,20220116,월세,84.77,33000,180,2022.0,아파트,2022
성북구,12100,안암동1가,5.0,20220116,월세,14.99,1000,55,2014.0,연립다세대,2022
성북구,13600,하월곡동,11.0,20220117,월세,92.7,5000,150,2010.0,오피스텔,2022
성북구,13500,종암동,16.0,20220117,월세,84.98,10000,127,2009.0,아파트,2022
성북구,11000,동소문동7가,3.0,20220117,월세,82.43,500,40,2018.0,연립다세대,2022
성북구,11900,동선동4가,6.0,20220117,월세,29.1,3000,68,,오피스텔,2022
성북구,13300,정릉동,3.0,20220117,월세,65.75,500,92,2002.0,연립다세대,2022
성북구,13300,정릉동,3.0,20220117,월세,15.43,500,43,2013.0,연립다세대,2022
성북구,10300,돈암동,7.0,20220117,월세,80.54,32000,40,2003.0,아파트,2022
성북구,10300,돈암동,9.0,20220117,월세,84.88,31500,80,2016.0,아파트,2022
성북구,13900,석관동,2.0,20220117,월세,39.01,9304,24,2019.0,아파트,2022
성북구,13900,석관동,2.0,20220117,월세,39.01,9360,23,2019.0,아파트,2022
성북구,11900,동선동4가,14.0,20220117,월세,21.69,1000,65,2011.0,오피스텔,2022
성북구,13800,장위동,4.0,20220117,월세,32.22,5139,26,2017.0,아파트,2022
성북구,13300,정릉동,12.0,20220117,월세,43.11,5000,50,2001.0,아파트,2022
성북구,11400,삼선동4가,3.0,20220117,월세,14.8,4000,25,2013.0,연립다세대,2022
성북구,12800,보문동6가,10.0,20220117,월세,29.96,10533,27,2017.0,아파트,2022
성북구,13800,장위동,2.0,20220117,월세,48.75,1000,50,1992.0,연립다세대,2022
성북구,13500,종암동,,20220117,월세,45.2,7000,50,2012.0,단독다가구,2022
성북구,13800,장위동,13.0,20220117,월세,40.24,12003,44,2017.0,아파트,2022
성북구,13600,하월곡동,11.0,20220117,월세,15.62,1000,53,2013.0,아파트,2022
성북구,13800,장위동,21.0,20220117,월세,84.48,53000,70,2020.0,아파트,2022
성북구,12800,보문동6가,12.0,20220117,월세,29.96,11153,29,2017.0,아파트,2022
성북구,13800,장위동,6.0,20220117,월세,84.84,10000,150,2008.0,아파트,2022
성북구,10400,동소문동1가,6.0,20220117,월세,59.04,15000,75,1998.0,연립다세대,2022
성북구,13600,하월곡동,6.0,20220117,월세,59.86,5000,100,2003.0,아파트,2022
성북구,13900,석관동,3.0,20220117,월세,12.8,500,40,2013.0,연립다세대,2022
성북구,13300,정릉동,12.0,20220117,월세,59.42,6000,110,1999.0,아파트,2022
성북구,13400,길음동,17.0,20220117,월세,59.99,5000,120,2005.0,아파트,2022
성북구,13500,종암동,,20220117,월세,38.0,1000,40,1993.0,단독다가구,2022
성북구,13300,정릉동,,20220117,월세,13.0,1000,45,2021.0,단독다가구,2022
성북구,11100,삼선동1가,,20220117,월세,36.0,1000,55,2010.0,단독다가구,2022
성북구,11100,삼선동1가,,20220117,월세,40.0,8000,40,1994.0,단독다가구,2022
성북구,13300,정릉동,,20220117,월세,20.0,1000,40,2017.0,단독다가구,2022
성북구,13600,하월곡동,,20220117,월세,18.0,300,37,,단독다가구,2022
성북구,13600,하월곡동,,20220117,월세,18.0,500,47,2018.0,단독다가구,2022
성북구,13300,정릉동,,20220117,월세,16.5,2000,30,2011.0,단독다가구,2022
성북구,13300,정릉동,14.0,20220117,월세,59.9,5000,75,1999.0,아파트,2022
성북구,13300,정릉동,,20220117,월세,15.0,1000,40,2018.0,단독다가구,2022
성북구,10300,돈암동,,20220117,월세,19.0,100,35,2010.0,단독다가구,2022
성북구,11800,동선동3가,,20220117,월세,16.5,1000,45,2019.0,단독다가구,2022
성북구,13300,정릉동,,20220117,월세,18.1,500,44,2021.0,단독다가구,2022
성북구,12900,보문동7가,,20220117,월세,19.8,1000,45,,단독다가구,2022
성북구,13300,정릉동,6.0,20220117,월세,59.98,30000,50,2005.0,아파트,2022
성북구,13900,석관동,,20220117,월세,18.0,3200,17,2016.0,단독다가구,2022
성북구,13300,정릉동,,20220117,월세,16.8,1000,50,2017.0,단독다가구,2022
성북구,13700,상월곡동,,20220117,월세,15.0,1000,50,2019.0,단독다가구,2022
성북구,11800,동선동3가,,20220117,월세,18.0,1000,40,2010.0,단독다가구,2022
성북구,13300,정릉동,,20220117,월세,20.0,1000,30,2013.0,단독다가구,2022
성북구,13900,석관동,,20220117,월세,75.32,1000,70,2020.0,단독다가구,2022
성북구,12700,보문동5가,,20220117,월세,23.76,500,32,1992.0,단독다가구,2022
성북구,11200,삼선동2가,,20220117,월세,29.37,1000,60,2018.0,단독다가구,2022
성북구,13600,하월곡동,,20220117,월세,21.0,1000,55,2019.0,단독다가구,2022
성북구,11500,삼선동5가,,20220117,월세,47.7,3000,70,1990.0,단독다가구,2022
성북구,13600,하월곡동,,20220117,월세,26.0,1000,70,1984.0,단독다가구,2022
성북구,11700,동선동2가,,20220117,월세,30.36,1000,70,1996.0,단독다가구,2022
성북구,13900,석관동,,20220117,월세,23.1,1000,70,2020.0,단독다가구,2022
성북구,10800,동소문동5가,7.0,20220118,월세,16.67,8000,60,2017.0,아파트,2022
성북구,10800,동소문동5가,10.0,20220118,월세,14.6,9800,48,2017.0,아파트,2022
성북구,13600,하월곡동,,20220118,월세,44.1,12500,20,1991.0,단독다가구,2022
성북구,11800,동선동3가,,20220118,월세,43.6,7000,40,1995.0,단독다가구,2022
성북구,11300,삼선동3가,,20220118,월세,42.9,3000,70,1991.0,단독다가구,2022
성북구,13900,석관동,17.0,20220118,월세,84.9,35000,60,1998.0,아파트,2022
성북구,13600,하월곡동,4.0,20220118,월세,84.59,40000,75,2006.0,아파트,2022
성북구,13800,장위동,4.0,20220118,월세,36.14,9275,34,2020.0,아파트,2022
성북구,13800,장위동,4.0,20220118,월세,36.14,9875,31,2020.0,아파트,2022
성북구,13600,하월곡동,18.0,20220118,월세,79.25,22000,80,2004.0,아파트,2022
성북구,11400,삼선동4가,8.0,20220118,월세,27.6,5000,70,2014.0,오피스텔,2022
성북구,11800,동선동3가,3.0,20220118,월세,17.57,1000,52,2012.0,연립다세대,2022
성북구,13700,상월곡동,4.0,20220118,월세,48.09,4000,50,1994.0,연립다세대,2022
성북구,10900,동소문동6가,19.0,20220118,월세,14.18,19000,7,2012.0,아파트,2022
성북구,13300,정릉동,2.0,20220118,월세,17.64,500,55,2016.0,연립다세대,2022
성북구,11800,동선동3가,4.0,20220118,월세,17.11,1000,55,2015.0,연립다세대,2022
성북구,13400,길음동,1.0,20220118,월세,59.99,17000,70,2005.0,아파트,2022
성북구,13800,장위동,14.0,20220118,월세,32.22,7507,20,2017.0,아파트,2022
성북구,10300,돈암동,3.0,20220118,월세,59.79,5000,82,1998.0,아파트,2022
성북구,11300,삼선동3가,5.0,20220118,월세,35.58,4118,8,2008.0,아파트,2022
성북구,12500,안암동5가,,20220118,월세,23.76,700,52,1990.0,단독다가구,2022
성북구,13100,보문동2가,,20220118,월세,23.18,3000,30,,단독다가구,2022
성북구,13900,석관동,,20220118,월세,22.36,15000,10,2019.0,단독다가구,2022
성북구,12500,안암동5가,,20220118,월세,26.4,1000,90,1998.0,단독다가구,2022
성북구,10300,돈암동,,20220118,월세,27.0,1000,35,,단독다가구,2022
성북구,13800,장위동,,20220118,월세,36.73,2000,35,1970.0,단독다가구,2022
성북구,13600,하월곡동,,20220118,월세,37.12,12000,5,2000.0,단독다가구,2022
성북구,13600,하월곡동,,20220118,월세,15.0,4000,15,2010.0,단독다가구,2022
성북구,13600,하월곡동,,20220118,월세,18.0,3000,40,2017.0,단독다가구,2022
성북구,13300,정릉동,,20220118,월세,15.0,1000,60,2017.0,단독다가구,2022
성북구,13300,정릉동,,20220118,월세,15.0,1000,50,2018.0,단독다가구,2022
성북구,13500,종암동,,20220118,월세,16.5,500,45,1996.0,단독다가구,2022
성북구,11700,동선동2가,,20220118,월세,20.0,1000,45,2008.0,단독다가구,2022
성북구,13600,하월곡동,,20220118,월세,19.83,500,40,1971.0,단독다가구,2022
성북구,13300,정릉동,,20220118,월세,16.5,500,35,2018.0,단독다가구,2022
성북구,13600,하월곡동,,20220118,월세,19.0,300,30,1974.0,단독다가구,2022
성북구,11800,동선동3가,,20220118,월세,20.0,1000,45,2011.0,단독다가구,2022
성북구,13300,정릉동,,20220118,월세,16.0,500,40,2017.0,단독다가구,2022
성북구,11900,동선동4가,,20220118,월세,20.0,1000,50,2012.0,단독다가구,2022
성북구,13900,석관동,,20220118,월세,15.0,1000,34,2018.0,단독다가구,2022
성북구,11700,동선동2가,,20220118,월세,20.0,2000,32,1994.0,단독다가구,2022
성북구,12700,보문동5가,,20220118,월세,19.8,1000,50,2017.0,단독다가구,2022
성북구,13600,하월곡동,,20220118,월세,18.18,500,50,2018.0,단독다가구,2022
성북구,11500,삼선동5가,,20220119,월세,19.8,500,40,2016.0,단독다가구,2022
성북구,13300,정릉동,,20220119,월세,15.0,1000,45,2014.0,단독다가구,2022
성북구,13400,길음동,10.0,20220119,월세,84.97,5000,116,2005.0,아파트,2022
성북구,13500,종암동,,20220119,월세,19.8,1000,29,2015.0,단독다가구,2022
성북구,12500,안암동5가,,20220119,월세,19.83,500,45,1994.0,단독다가구,2022
성북구,13300,정릉동,2.0,20220119,월세,84.83,15000,65,2001.0,아파트,2022
성북구,13900,석관동,,20220119,월세,20.0,500,35,1990.0,단독다가구,2022
성북구,13800,장위동,14.0,20220119,월세,32.22,6551,22,2017.0,아파트,2022
성북구,13800,장위동,21.0,20220119,월세,59.1,40000,33,2020.0,아파트,2022
성북구,13400,길음동,2.0,20220119,월세,84.05,5000,140,2007.0,아파트,2022
성북구,13300,정릉동,1.0,20220119,월세,50.85,1000,60,1995.0,연립다세대,2022
성북구,13600,하월곡동,,20220119,월세,16.52,500,50,2019.0,단독다가구,2022
성북구,12300,안암동3가,,20220119,월세,16.52,1000,55,2019.0,단독다가구,2022
성북구,10200,성북동1가,2.0,20220119,월세,24.86,2000,50,2002.0,연립다세대,2022
성북구,13500,종암동,1.0,20220119,월세,59.4,5000,70,1996.0,아파트,2022
성북구,13300,정릉동,,20220119,월세,12.0,500,47,2019.0,단독다가구,2022
성북구,13300,정릉동,,20220119,월세,14.5,5000,25,2020.0,단독다가구,2022
성북구,13300,정릉동,,20220119,월세,13.0,1000,45,2018.0,단독다가구,2022
성북구,11400,삼선동4가,5.0,20220119,월세,29.8,8000,58,2014.0,오피스텔,2022
성북구,13900,석관동,5.0,20220119,월세,32.02,2581,34,2021.0,연립다세대,2022
성북구,10300,돈암동,14.0,20220119,월세,132.96,50000,90,1998.0,아파트,2022
성북구,13600,하월곡동,3.0,20220119,월세,20.68,1000,60,2013.0,연립다세대,2022
성북구,10700,동소문동4가,,20220119,월세,50.0,12000,35,1989.0,단독다가구,2022
성북구,13100,보문동2가,,20220119,월세,47.43,2000,65,1993.0,단독다가구,2022
성북구,13800,장위동,,20220119,월세,64.8,2000,60,1987.0,단독다가구,2022
성북구,13300,정릉동,3.0,20220119,월세,24.17,500,50,2003.0,연립다세대,2022
성북구,13400,길음동,28.0,20220119,월세,59.78,10000,160,2022.0,아파트,2022
성북구,13400,길음동,20.0,20220119,월세,84.98,10000,240,2022.0,아파트,2022
성북구,13300,정릉동,3.0,20220119,월세,64.64,500,30,2010.0,연립다세대,2022
성북구,11900,동선동4가,8.0,20220119,월세,21.69,1000,65,2011.0,오피스텔,2022
성북구,12200,안암동2가,,20220119,월세,27.0,500,45,1993.0,단독다가구,2022
성북구,12500,안암동5가,,20220119,월세,21.0,1000,65,2019.0,단독다가구,2022
성북구,10900,동소문동6가,,20220119,월세,33.7,2000,55,1991.0,단독다가구,2022
성북구,13900,석관동,,20220119,월세,25.0,1000,30,1995.0,단독다가구,2022
성북구,12500,안암동5가,,20220119,월세,25.0,500,45,2001.0,단독다가구,2022
성북구,12700,보문동5가,,20220119,월세,23.1,300,45,2008.0,단독다가구,2022
성북구,13800,장위동,2.0,20220119,월세,54.99,4000,60,2004.0,연립다세대,2022
성북구,12500,안암동5가,,20220119,월세,24.79,1000,40,1994.0,단독다가구,2022
성북구,13900,석관동,4.0,20220120,월세,84.98,1000,50,2019.0,아파트,2022
성북구,10300,돈암동,12.0,20220120,월세,39.15,3618,16,2016.0,아파트,2022
성북구,13400,길음동,10.0,20220120,월세,59.99,10000,117,2019.0,아파트,2022
성북구,13900,석관동,6.0,20220120,월세,59.97,20000,70,1998.0,아파트,2022
성북구,13900,석관동,3.0,20220120,월세,84.9,7000,120,1998.0,아파트,2022
성북구,13700,상월곡동,,20220120,월세,23.1,1500,50,2013.0,단독다가구,2022
성북구,10200,성북동1가,4.0,20220120,월세,29.74,4000,65,2019.0,연립다세대,2022
성북구,10400,동소문동1가,,20220120,월세,30.0,5000,20,2001.0,단독다가구,2022
성북구,13800,장위동,5.0,20220120,월세,32.22,6279,23,2017.0,아파트,2022
성북구,13400,길음동,13.0,20220120,월세,84.64,30000,67,2005.0,아파트,2022
성북구,12600,보문동4가,5.0,20220120,월세,29.56,2000,87,2016.0,연립다세대,2022
성북구,13700,상월곡동,,20220120,월세,20.0,2000,40,1958.0,단독다가구,2022
성북구,11500,삼선동5가,,20220120,월세,12.0,500,38,2001.0,단독다가구,2022
성북구,13300,정릉동,,20220120,월세,12.0,1000,40,2018.0,단독다가구,2022
성북구,13300,정릉동,8.0,20220120,월세,43.11,2000,60,2001.0,아파트,2022
성북구,13400,길음동,3.0,20220120,월세,59.99,45000,6,2010.0,아파트,2022
성북구,12500,안암동5가,,20220120,월세,16.0,1000,50,2018.0,단독다가구,2022
성북구,13700,상월곡동,,20220120,월세,15.0,500,42,2015.0,단독다가구,2022
성북구,11800,동선동3가,,20220120,월세,20.0,1000,45,2011.0,단독다가구,2022
성북구,10700,동소문동4가,4.0,20220120,월세,15.47,2000,52,2013.0,연립다세대,2022
성북구,11800,동선동3가,,20220120,월세,18.0,500,40,2010.0,단독다가구,2022
성북구,13300,정릉동,-1.0,20220120,월세,83.39,2000,54,1991.0,연립다세대,2022
성북구,13600,하월곡동,,20220120,월세,20.0,2000,40,1982.0,단독다가구,2022
성북구,12100,안암동1가,,20220120,월세,19.8,1000,50,2018.0,단독다가구,2022
성북구,13300,정릉동,,20220120,월세,43.0,2000,10,1986.0,단독다가구,2022
성북구,13300,정릉동,2.0,20220120,월세,28.57,1000,80,2017.0,연립다세대,2022
성북구,13800,장위동,2.0,20220120,월세,28.42,4000,45,2020.0,연립다세대,2022
성북구,13300,정릉동,,20220120,월세,36.0,1500,74,2016.0,단독다가구,2022
성북구,12100,안암동1가,,20220120,월세,31.3,3000,55,2015.0,단독다가구,2022
성북구,13900,석관동,1.0,20220120,월세,59.79,10000,60,1994.0,아파트,2022
성북구,13500,종암동,,20220120,월세,33.0,2000,40,1994.0,단독다가구,2022
성북구,13500,종암동,,20220120,월세,67.0,1500,50,1995.0,단독다가구,2022
성북구,10900,동소문동6가,,20220120,월세,49.53,4000,80,1993.0,단독다가구,2022
성북구,12000,동선동5가,,20220120,월세,72.36,3000,88,1992.0,단독다가구,2022
성북구,11200,삼선동2가,,20220120,월세,55.74,3000,50,1997.0,단독다가구,2022
성북구,10300,돈암동,19.0,20220120,월세,59.79,7000,90,1998.0,아파트,2022
성북구,11000,동소문동7가,12.0,20220120,월세,59.91,20000,90,2004.0,아파트,2022
성북구,13600,하월곡동,16.0,20220120,월세,15.62,1000,50,2013.0,아파트,2022
성북구,13400,길음동,8.0,20220120,월세,59.94,5000,90,1998.0,아파트,2022
성북구,13500,종암동,2.0,20220120,월세,114.98,3000,150,2004.0,아파트,2022
성북구,11200,삼선동2가,9.0,20220120,월세,84.83,55000,45,2008.0,아파트,2022
성북구,11300,삼선동3가,12.0,20220120,월세,59.94,10000,150,2012.0,아파트,2022
성북구,13400,길음동,16.0,20220120,월세,59.88,10000,170,2022.0,아파트,2022
성북구,13300,정릉동,,20220121,월세,13.0,1000,45,2021.0,단독다가구,2022
성북구,13500,종암동,,20220121,월세,20.0,500,43,1997.0,단독다가구,2022
성북구,11700,동선동2가,,20220121,월세,18.0,5000,20,2008.0,단독다가구,2022
성북구,13600,하월곡동,,20220121,월세,16.0,500,42,2018.0,단독다가구,2022
성북구,12500,안암동5가,,20220121,월세,19.8,1000,60,2018.0,단독다가구,2022
성북구,13300,정릉동,,20220121,월세,19.8,500,40,2018.0,단독다가구,2022
성북구,11700,동선동2가,,20220121,월세,20.0,2500,35,2010.0,단독다가구,2022
성북구,12500,안암동5가,,20220121,월세,17.0,500,45,2009.0,단독다가구,2022
성북구,12000,동선동5가,,20220121,월세,19.81,6000,15,2002.0,단독다가구,2022
성북구,11800,동선동3가,,20220121,월세,20.0,1000,50,2018.0,단독다가구,2022
성북구,13300,정릉동,,20220121,월세,15.0,1000,50,2018.0,단독다가구,2022
성북구,13300,정릉동,,20220121,월세,15.0,500,45,2018.0,단독다가구,2022
성북구,13900,석관동,14.0,20220121,월세,84.98,1000,53,2019.0,아파트,2022
성북구,13300,정릉동,,20220121,월세,16.5,1000,40,2017.0,단독다가구,2022
성북구,12000,동선동5가,,20220121,월세,20.0,500,40,2003.0,단독다가구,2022
성북구,11600,동선동1가,,20220121,월세,18.0,1000,55,2017.0,단독다가구,2022
성북구,12500,안암동5가,,20220121,월세,16.5,300,45,1998.0,단독다가구,2022
성북구,11900,동선동4가,,20220121,월세,20.0,1000,50,2020.0,단독다가구,2022
성북구,13900,석관동,,20220121,월세,30.0,300,25,1994.0,단독다가구,2022
성북구,13300,정릉동,,20220121,월세,18.0,1000,50,2021.0,단독다가구,2022
성북구,10100,성북동,,20220121,월세,29.68,1000,90,2020.0,단독다가구,2022
성북구,10700,동소문동4가,,20220121,월세,15.0,1000,32,2010.0,단독다가구,2022
성북구,11700,동선동2가,,20220121,월세,25.0,1000,50,1997.0,단독다가구,2022
성북구,12500,안암동5가,,20220121,월세,23.0,1000,55,1984.0,단독다가구,2022
성북구,13300,정릉동,,20220121,월세,27.72,8000,10,1990.0,단독다가구,2022
성북구,12500,안암동5가,,20220121,월세,24.79,4000,40,1994.0,단독다가구,2022
성북구,12500,안암동5가,,20220121,월세,21.0,500,60,2019.0,단독다가구,2022
성북구,10300,돈암동,,20220121,월세,21.0,4000,20,1966.0,단독다가구,2022
성북구,13700,상월곡동,,20220121,월세,21.0,300,25,1993.0,단독다가구,2022
성북구,10200,성북동1가,,20220121,월세,25.0,500,80,1993.0,단독다가구,2022
성북구,13300,정릉동,6.0,20220121,월세,59.37,3000,116,2009.0,아파트,2022
성북구,13300,정릉동,,20220121,월세,24.0,500,35,1997.0,단독다가구,2022
성북구,13100,보문동2가,4.0,20220121,월세,15.57,3000,45,2014.0,연립다세대,2022
성북구,12500,안암동5가,5.0,20220121,월세,14.47,3000,50,2012.0,연립다세대,2022
성북구,13400,길음동,15.0,20220121,월세,59.99,20000,100,2010.0,아파트,2022
성북구,12000,동선동5가,,20220121,월세,38.65,15000,25,1993.0,단독다가구,2022
성북구,13800,장위동,3.0,20220121,월세,40.81,11330,21,2020.0,연립다세대,2022
성북구,13500,종암동,15.0,20220121,월세,114.99,3150,168,2004.0,아파트,2022
성북구,12200,안암동2가,5.0,20220121,월세,25.2,1000,50,2002.0,오피스텔,2022
성북구,11100,삼선동1가,1.0,20220121,월세,27.73,22000,5,2015.0,연립다세대,2022
성북구,10300,돈암동,9.0,20220121,월세,113.67,3000,168,1998.0,아파트,2022
성북구,10300,돈암동,17.0,20220121,월세,59.58,3000,90,1998.0,아파트,2022
성북구,12100,안암동1가,3.0,20220121,월세,14.42,1000,45,2014.0,연립다세대,2022
성북구,13500,종암동,,20220121,월세,49.02,4000,40,1993.0,단독다가구,2022
성북구,13100,보문동2가,,20220121,월세,48.21,2000,63,1996.0,단독다가구,2022
성북구,10700,동소문동4가,,20220121,월세,62.74,20000,30,1984.0,단독다가구,2022
성북구,10300,돈암동,4.0,20220121,월세,152.25,20000,170,1998.0,아파트,2022
성북구,13800,장위동,5.0,20220122,월세,18.03,1000,44,2019.0,오피스텔,2022
성북구,13800,장위동,10.0,20220122,월세,14.71,1000,52,2019.0,아파트,2022
성북구,10200,성북동1가,4.0,20220122,월세,17.8,1000,65,2015.0,오피스텔,2022
성북구,13900,석관동,,20220122,월세,46.67,8000,30,1993.0,단독다가구,2022
성북구,10900,동소문동6가,,20220122,월세,45.0,2000,62,1994.0,단독다가구,2022
성북구,13800,장위동,,20220122,월세,44.3,1000,70,1974.0,단독다가구,2022
성북구,13400,길음동,2.0,20220122,월세,59.93,30000,60,2019.0,아파트,2022
성북구,13400,길음동,15.0,20220122,월세,59.87,35000,90,2022.0,아파트,2022
성북구,13600,하월곡동,9.0,20220122,월세,10.29,10000,8,2019.0,연립다세대,2022
성북구,13800,장위동,4.0,20220122,월세,47.48,400,40,2002.0,연립다세대,2022
성북구,13400,길음동,28.0,20220122,월세,84.77,50000,80,2022.0,아파트,2022
성북구,12500,안암동5가,,20220122,월세,19.8,500,45,2000.0,단독다가구,2022
성북구,13900,석관동,,20220122,월세,19.8,500,30,2013.0,단독다가구,2022
성북구,13400,길음동,7.0,20220122,월세,59.9,5000,170,2019.0,아파트,2022
성북구,13900,석관동,,20220122,월세,18.02,2000,33,2011.0,단독다가구,2022
성북구,13900,석관동,3.0,20220122,월세,59.97,3500,95,1998.0,아파트,2022
성북구,13300,정릉동,,20220122,월세,12.0,1000,40,2018.0,단독다가구,2022
성북구,13300,정릉동,,20220122,월세,13.0,1000,47,2021.0,단독다가구,2022
성북구,13400,길음동,22.0,20220122,월세,59.9,5000,180,2019.0,아파트,2022
성북구,13300,정릉동,,20220122,월세,13.0,1000,45,2018.0,단독다가구,2022
성북구,13500,종암동,,20220122,월세,19.0,1000,55,2017.0,단독다가구,2022
성북구,13300,정릉동,,20220122,월세,13.0,1000,50,2017.0,단독다가구,2022
성북구,10300,돈암동,10.0,20220122,월세,84.39,32000,60,1991.0,아파트,2022
성북구,12300,안암동3가,,20220122,월세,25.0,1000,50,1990.0,단독다가구,2022
성북구,13600,하월곡동,,20220122,월세,17.0,3000,40,2020.0,단독다가구,2022
성북구,12500,안암동5가,,20220122,월세,23.0,1000,55,1984.0,단독다가구,2022
성북구,12500,안암동5가,,20220122,월세,16.5,1000,50,2008.0,단독다가구,2022
성북구,13600,하월곡동,3.0,20220122,월세,59.75,15000,80,2006.0,아파트,2022
성북구,11600,동선동1가,,20220122,월세,18.0,11000,5,2016.0,단독다가구,2022
성북구,12500,안암동5가,,20220122,월세,17.0,500,40,2001.0,단독다가구,2022
성북구,12000,동선동5가,,20220122,월세,28.0,1000,80,2019.0,단독다가구,2022
성북구,11500,삼선동5가,,20220122,월세,30.0,1000,65,1997.0,단독다가구,2022
성북구,12500,안암동5가,,20220122,월세,30.0,1000,34,2001.0,단독다가구,2022
성북구,13800,장위동,18.0,20220122,월세,84.98,36000,80,2021.0,아파트,2022
성북구,11800,동선동3가,,20220122,월세,20.0,1000,50,2012.0,단독다가구,2022
성북구,13500,종암동,,20220122,월세,27.0,1000,65,2018.0,단독다가구,2022
성북구,11500,삼선동5가,,20220122,월세,16.5,500,40,2009.0,단독다가구,2022
성북구,12500,안암동5가,,20220122,월세,19.5,1000,60,2016.0,단독다가구,2022
성북구,13600,하월곡동,,20220122,월세,17.0,2000,45,2020.0,단독다가구,2022
성북구,13600,하월곡동,,20220122,월세,16.5,500,42,1977.0,단독다가구,2022
성북구,12200,안암동2가,,20220122,월세,28.09,500,60,1958.0,단독다가구,2022
성북구,13300,정릉동,,20220122,월세,15.0,1000,50,2017.0,단독다가구,2022
성북구,13300,정릉동,,20220122,월세,15.0,1000,48,2018.0,단독다가구,2022
성북구,13600,하월곡동,,20220122,월세,20.0,500,40,2012.0,단독다가구,2022
성북구,11800,동선동3가,,20220122,월세,20.0,1000,45,2010.0,단독다가구,2022
성북구,13500,종암동,3.0,20220122,월세,59.04,15750,53,1999.0,아파트,2022
성북구,13300,정릉동,18.0,20220122,월세,84.92,20000,140,2004.0,아파트,2022
성북구,10300,돈암동,15.0,20220122,월세,59.99,4000,126,2004.0,아파트,2022
성북구,13800,장위동,,20220122,월세,58.38,13000,10,1970.0,단독다가구,2022
성북구,13900,석관동,,20220122,월세,53.0,3000,80,2019.0,단독다가구,2022
성북구,13500,종암동,4.0,20220122,월세,12.3,500,40,2013.0,연립다세대,2022
성북구,13900,석관동,,20220122,월세,49.86,500,45,1994.0,단독다가구,2022
성북구,12100,안암동1가,,20220122,월세,62.72,6000,50,1992.0,단독다가구,2022
성북구,11100,삼선동1가,,20220122,월세,58.11,4500,55,1989.0,단독다가구,2022
성북구,11800,동선동3가,,20220122,월세,35.0,5000,30,1993.0,단독다가구,2022
성북구,13100,보문동2가,5.0,20220122,월세,21.81,2000,50,2011.0,연립다세대,2022
성북구,13400,길음동,5.0,20220122,월세,59.99,13000,100,2003.0,아파트,2022
성북구,13400,길음동,4.0,20220122,월세,84.92,40000,47,2010.0,아파트,2022
성북구,13900,석관동,5.0,20220122,월세,33.56,7000,22,2013.0,연립다세대,2022
성북구,13300,정릉동,10.0,20220122,월세,84.87,10000,110,1999.0,아파트,2022
성북구,13400,길음동,5.0,20220122,월세,59.97,30000,50,2005.0,아파트,2022
성북구,13800,장위동,10.0,20220122,월세,84.84,38000,5,2008.0,아파트,2022
성북구,13500,종암동,8.0,20220122,월세,84.95,41500,10,2004.0,아파트,2022
성북구,13500,종암동,3.0,20220122,월세,59.68,25000,45,2005.0,아파트,2022
성북구,13600,하월곡동,,20220122,월세,60.13,2000,40,2018.0,단독다가구,2022
성북구,13900,석관동,7.0,20220122,월세,84.81,9000,111,2011.0,아파트,2022
성북구,13600,하월곡동,,20220123,월세,18.0,1000,55,2019.0,단독다가구,2022
성북구,13300,정릉동,,20220123,월세,12.0,1000,40,2018.0,단독다가구,2022
성북구,13300,정릉동,,20220123,월세,18.0,1000,48,2021.0,단독다가구,2022
성북구,13300,정릉동,,20220123,월세,19.83,300,28,1983.0,단독다가구,2022
성북구,13600,하월곡동,,20220123,월세,15.0,500,40,2015.0,단독다가구,2022
성북구,13300,정릉동,,20220123,월세,18.0,1000,35,2013.0,단독다가구,2022
성북구,13300,정릉동,,20220123,월세,17.0,500,45,2021.0,단독다가구,2022
성북구,11700,동선동2가,,20220123,월세,18.5,1000,53,2019.0,단독다가구,2022
성북구,11800,동선동3가,,20220123,월세,20.0,1000,55,1973.0,단독다가구,2022
성북구,13600,하월곡동,,20220123,월세,40.71,1000,20,1993.0,단독다가구,2022
성북구,11200,삼선동2가,,20220123,월세,46.28,3000,50,1990.0,단독다가구,2022
성북구,12500,안암동5가,,20220123,월세,20.0,1000,47,1984.0,단독다가구,2022
성북구,11000,동소문동7가,5.0,20220123,월세,59.91,16000,100,2004.0,아파트,2022
성북구,13700,상월곡동,,20220123,월세,20.0,1000,50,2015.0,단독다가구,2022
성북구,12100,안암동1가,,20220123,월세,30.0,1000,45,2004.0,단독다가구,2022
성북구,11700,동선동2가,,20220123,월세,23.0,300,40,1968.0,단독다가구,2022
성북구,12500,안암동5가,,20220123,월세,20.0,1000,65,2019.0,단독다가구,2022
성북구,11700,동선동2가,,20220123,월세,20.0,1000,53,2018.0,단독다가구,2022
성북구,11800,동선동3가,,20220123,월세,20.0,3000,30,2010.0,단독다가구,2022
성북구,13300,정릉동,,20220123,월세,18.0,1000,50,2021.0,단독다가구,2022
성북구,12500,안암동5가,,20220123,월세,29.0,1000,50,,단독다가구,2022
성북구,13300,정릉동,,20220123,월세,15.0,1000,60,2018.0,단독다가구,2022
성북구,13600,하월곡동,19.0,20220123,월세,59.75,10000,90,2006.0,아파트,2022
성북구,13400,길음동,20.0,20220123,월세,59.88,30000,110,2022.0,아파트,2022
성북구,13900,석관동,10.0,20220123,월세,84.98,1000,55,2019.0,아파트,2022
성북구,13500,종암동,3.0,20220123,월세,84.99,8000,180,2011.0,아파트,2022
성북구,10800,동소문동5가,,20220123,월세,49.24,1000,70,1991.0,단독다가구,2022
성북구,11200,삼선동2가,,20220123,월세,36.3,5000,35,1991.0,단독다가구,2022
성북구,11700,동선동2가,,20220123,월세,40.0,2000,60,2002.0,단독다가구,2022
성북구,12200,안암동2가,,20220123,월세,34.08,5000,60,2015.0,단독다가구,2022
성북구,13800,장위동,,20220124,월세,44.44,12000,25,1996.0,단독다가구,2022
성북구,13800,장위동,,20220124,월세,43.73,2000,45,1994.0,단독다가구,2022
성북구,10300,돈암동,,20220124,월세,21.0,1000,40,1994.0,단독다가구,2022
성북구,12200,안암동2가,,20220124,월세,20.5,1000,55,2019.0,단독다가구,2022
성북구,13000,보문동1가,,20220124,월세,25.0,8000,30,2021.0,단독다가구,2022
성북구,11300,삼선동3가,4.0,20220124,월세,56.9,20000,25,2002.0,연립다세대,2022
성북구,12500,안암동5가,,20220124,월세,24.79,1000,39,1994.0,단독다가구,2022
성북구,13100,보문동2가,,20220124,월세,26.0,500,50,1997.0,단독다가구,2022
성북구,11800,동선동3가,,20220124,월세,39.6,10000,50,2012.0,단독다가구,2022
성북구,13500,종암동,,20220124,월세,35.0,3000,70,1966.0,단독다가구,2022
성북구,12200,안암동2가,,20220124,월세,33.0,1000,41,1997.0,단독다가구,2022
성북구,12800,보문동6가,,20220124,월세,18.0,3000,37,2019.0,단독다가구,2022
성북구,11900,동선동4가,,20220124,월세,38.66,1000,40,1992.0,단독다가구,2022
성북구,11500,삼선동5가,,20220124,월세,31.48,500,50,1997.0,단독다가구,2022
성북구,11800,동선동3가,,20220124,월세,20.0,1000,50,2019.0,단독다가구,2022
성북구,13700,상월곡동,,20220124,월세,16.0,2000,41,2017.0,단독다가구,2022
성북구,13300,정릉동,,20220124,월세,15.0,1000,40,2018.0,단독다가구,2022
성북구,10300,돈암동,4.0,20220124,월세,59.58,7000,100,1998.0,아파트,2022
성북구,13900,석관동,,20220124,월세,19.8,1000,45,2018.0,단독다가구,2022
성북구,11800,동선동3가,,20220124,월세,16.5,1000,45,2019.0,단독다가구,2022
성북구,13300,정릉동,,20220124,월세,16.5,100,45,2018.0,단독다가구,2022
성북구,13600,하월곡동,4.0,20220124,월세,15.62,500,55,2013.0,아파트,2022
성북구,13600,하월곡동,,20220124,월세,18.0,1000,50,2017.0,단독다가구,2022
성북구,13100,보문동2가,2.0,20220124,월세,17.81,2000,45,2012.0,연립다세대,2022
성북구,13300,정릉동,,20220124,월세,19.8,1000,40,2017.0,단독다가구,2022
성북구,13300,정릉동,,20220124,월세,15.0,1000,45,2014.0,단독다가구,2022
성북구,13300,정릉동,,20220124,월세,17.0,500,45,2021.0,단독다가구,2022
성북구,13300,정릉동,1.0,20220124,월세,40.7,2000,40,1995.0,연립다세대,2022
성북구,12500,안암동5가,,20220124,월세,17.0,500,48,2001.0,단독다가구,2022
성북구,13400,길음동,3.0,20220124,월세,84.05,22500,82,2007.0,아파트,2022
성북구,13800,장위동,-1.0,20220124,월세,31.06,300,30,1995.0,연립다세대,2022
성북구,13900,석관동,14.0,20220124,월세,114.84,50000,50,1999.0,아파트,2022
성북구,13800,장위동,3.0,20220124,월세,59.99,5000,115,2008.0,아파트,2022
성북구,13400,길음동,1.0,20220124,월세,43.63,3120,16,2022.0,아파트,2022
성북구,13400,길음동,11.0,20220124,월세,43.63,4860,6,2022.0,아파트,2022
성북구,13400,길음동,3.0,20220124,월세,43.63,4860,6,2022.0,아파트,2022
성북구,13400,길음동,6.0,20220124,월세,43.63,3120,16,2022.0,아파트,2022
성북구,13400,길음동,2.0,20220124,월세,43.63,3120,16,2022.0,아파트,2022
성북구,13400,길음동,2.0,20220124,월세,43.63,4860,6,2022.0,아파트,2022
성북구,13400,길음동,3.0,20220124,월세,43.63,3120,16,2022.0,아파트,2022
성북구,13400,길음동,4.0,20220124,월세,43.63,3120,16,2022.0,아파트,2022
성북구,13400,길음동,6.0,20220124,월세,43.63,1248,20,2022.0,아파트,2022
성북구,13400,길음동,8.0,20220124,월세,43.63,4860,6,2022.0,아파트,2022
성북구,13400,길음동,1.0,20220124,월세,43.63,1248,20,2022.0,아파트,2022
성북구,13400,길음동,4.0,20220124,월세,43.63,1248,20,2022.0,아파트,2022
성북구,13400,길음동,8.0,20220124,월세,53.31,5913,8,2022.0,아파트,2022
성북구,10300,돈암동,18.0,20220124,월세,59.4,7000,100,1999.0,아파트,2022
성북구,13400,길음동,10.0,20220124,월세,53.31,5913,8,2022.0,아파트,2022
성북구,13400,길음동,6.0,20220124,월세,53.31,3796,20,2022.0,아파트,2022
성북구,13400,길음동,5.0,20220124,월세,53.31,5913,8,2022.0,아파트,2022
성북구,13400,길음동,8.0,20220124,월세,53.31,3796,20,2022.0,아파트,2022
성북구,13400,길음동,5.0,20220124,월세,53.31,3796,20,2022.0,아파트,2022
성북구,13400,길음동,10.0,20220124,월세,53.31,3796,20,2022.0,아파트,2022
성북구,13400,길음동,6.0,20220124,월세,38.02,2733,14,2022.0,아파트,2022
성북구,13400,길음동,6.0,20220124,월세,38.02,4258,6,2022.0,아파트,2022
성북구,13400,길음동,6.0,20220124,월세,38.02,1633,16,2022.0,아파트,2022
성북구,13400,길음동,11.0,20220124,월세,43.63,3120,16,2022.0,아파트,2022
성북구,12100,안암동1가,,20220124,월세,47.6,1000,60,1995.0,단독다가구,2022
성북구,13100,보문동2가,,20220124,월세,53.55,1000,65,1990.0,단독다가구,2022
성북구,13500,종암동,,20220124,월세,79.92,10000,70,2002.0,단독다가구,2022
성북구,13300,정릉동,3.0,20220124,월세,32.76,1470,15,2005.0,아파트,2022
성북구,12200,안암동2가,,20220125,월세,60.7,8000,40,1991.0,단독다가구,2022
성북구,13300,정릉동,11.0,20220125,월세,84.09,29000,40,2005.0,아파트,2022
성북구,13900,석관동,,20220125,월세,74.91,3000,80,1975.0,단독다가구,2022
성북구,11100,삼선동1가,,20220125,월세,22.0,2000,40,2010.0,단독다가구,2022
성북구,13300,정릉동,,20220125,월세,81.9,13000,15,1991.0,단독다가구,2022
성북구,12500,안암동5가,,20220125,월세,45.2,1000,55,1993.0,단독다가구,2022
성북구,11100,삼선동1가,,20220125,월세,30.0,1000,50,1992.0,단독다가구,2022
성북구,12500,안암동5가,,20220125,월세,21.5,200,42,1959.0,단독다가구,2022
성북구,13400,길음동,,20220125,월세,41.0,2000,40,1991.0,단독다가구,2022
성북구,13900,석관동,,20220125,월세,24.0,3000,36,2017.0,단독다가구,2022
성북구,12100,안암동1가,,20220125,월세,30.0,1000,80,2014.0,단독다가구,2022
성북구,12200,안암동2가,,20220125,월세,93.6,1000,50,1993.0,단독다가구,2022
성북구,13300,정릉동,,20220125,월세,13.0,1000,45,2017.0,단독다가구,2022
성북구,11500,삼선동5가,7.0,20220125,월세,18.6,2000,59,2014.0,오피스텔,2022
성북구,13300,정릉동,3.0,20220125,월세,15.12,613,3,2012.0,연립다세대,2022
성북구,11900,동선동4가,,20220125,월세,40.0,2000,30,2002.0,단독다가구,2022
성북구,11800,동선동3가,3.0,20220125,월세,29.83,2000,48,2015.0,연립다세대,2022
성북구,13700,상월곡동,,20220125,월세,33.0,1000,55,1991.0,단독다가구,2022
성북구,12500,안암동5가,,20220125,월세,33.0,1000,80,1992.0,단독다가구,2022
성북구,10700,동소문동4가,5.0,20220125,월세,15.16,1000,55,2013.0,연립다세대,2022
성북구,12500,안암동5가,3.0,20220125,월세,16.92,1000,50,2013.0,연립다세대,2022
성북구,13900,석관동,,20220125,월세,32.74,1000,50,1992.0,단독다가구,2022
성북구,13600,하월곡동,2.0,20220125,월세,29.76,2000,85,2020.0,오피스텔,2022
성북구,13800,장위동,7.0,20220125,월세,40.24,9693,25,2017.0,아파트,2022
성북구,11300,삼선동3가,11.0,20220125,월세,35.58,2012,20,2008.0,아파트,2022
성북구,11900,동선동4가,6.0,20220125,월세,21.77,1000,65,2011.0,오피스텔,2022
성북구,13400,길음동,1.0,20220125,월세,59.77,8000,120,2005.0,아파트,2022
성북구,13900,석관동,6.0,20220125,월세,19.11,5000,15,2002.0,오피스텔,2022
성북구,12000,동선동5가,,20220125,월세,20.0,500,35,2003.0,단독다가구,2022
성북구,12500,안암동5가,,20220125,월세,16.5,1000,40,1989.0,단독다가구,2022
성북구,13300,정릉동,,20220125,월세,15.0,1000,50,2017.0,단독다가구,2022
성북구,13900,석관동,9.0,20220125,월세,54.55,40,36,1998.0,아파트,2022
성북구,13900,석관동,,20220125,월세,19.0,1000,25,1993.0,단독다가구,2022
성북구,12100,안암동1가,,20220125,월세,18.0,2000,45,2017.0,단독다가구,2022
성북구,11700,동선동2가,,20220125,월세,19.8,6500,10,2008.0,단독다가구,2022
성북구,13500,종암동,3.0,20220125,월세,40.35,2580,23,2009.0,아파트,2022
성북구,13300,정릉동,8.0,20220125,월세,84.98,8400,105,2004.0,아파트,2022
성북구,13400,길음동,7.0,20220125,월세,43.63,1248,20,2022.0,아파트,2022
성북구,13400,길음동,10.0,20220125,월세,43.63,3120,16,2022.0,아파트,2022
성북구,13400,길음동,6.0,20220125,월세,43.63,3120,16,2022.0,아파트,2022
성북구,13400,길음동,7.0,20220125,월세,43.63,3120,16,2022.0,아파트,2022
성북구,13400,길음동,4.0,20220125,월세,43.63,3120,16,2022.0,아파트,2022
성북구,13400,길음동,6.0,20220125,월세,53.31,3796,20,2022.0,아파트,2022
성북구,13400,길음동,1.0,20220125,월세,53.31,3796,20,2022.0,아파트,2022
성북구,13400,길음동,3.0,20220125,월세,53.31,3796,20,2022.0,아파트,2022
성북구,13400,길음동,11.0,20220125,월세,59.78,10000,160,2022.0,아파트,2022
성북구,13400,길음동,8.0,20220125,월세,59.78,7000,185,2022.0,아파트,2022
성북구,13500,종암동,5.0,20220126,월세,84.73,5000,180,2005.0,아파트,2022
성북구,13400,길음동,2.0,20220126,월세,53.31,5913,8,2022.0,아파트,2022
성북구,13400,길음동,2.0,20220126,월세,53.31,3796,20,2022.0,아파트,2022
성북구,13400,길음동,6.0,20220126,월세,53.31,5913,8,2022.0,아파트,2022
성북구,13400,길음동,6.0,20220126,월세,53.31,3796,20,2022.0,아파트,2022
성북구,13400,길음동,24.0,20220126,월세,59.87,5000,180,2022.0,아파트,2022
성북구,10500,동소문동2가,,20220126,월세,26.0,400,29,1993.0,단독다가구,2022
성북구,12100,안암동1가,,20220126,월세,21.0,1000,50,2016.0,단독다가구,2022
성북구,12500,안암동5가,,20220126,월세,20.46,1000,43,2001.0,단독다가구,2022
성북구,10900,동소문동6가,5.0,20220126,월세,13.27,7000,30,2013.0,아파트,2022
성북구,11800,동선동3가,,20220126,월세,23.0,1000,40,2001.0,단독다가구,2022
성북구,13300,정릉동,,20220126,월세,22.0,1000,45,2019.0,단독다가구,2022
성북구,10700,동소문동4가,,20220126,월세,30.0,1000,50,2000.0,단독다가구,2022
성북구,13100,보문동2가,,20220126,월세,29.7,1000,55,1996.0,단독다가구,2022
성북구,12500,안암동5가,,20220126,월세,12.0,100,40,1957.0,단독다가구,2022
성북구,13600,하월곡동,,20220126,월세,75.24,3000,65,1997.0,단독다가구,2022
성북구,13300,정릉동,7.0,20220126,월세,59.63,20000,100,2015.0,아파트,2022
성북구,13900,석관동,,20220126,월세,67.6,5000,50,1997.0,단독다가구,2022
성북구,13900,석관동,,20220126,월세,67.6,3500,60,1997.0,단독다가구,2022
성북구,13800,장위동,10.0,20220126,월세,18.03,1000,50,2019.0,오피스텔,2022
성북구,10800,동소문동5가,15.0,20220126,월세,14.09,500,80,2018.0,아파트,2022
성북구,13700,상월곡동,11.0,20220126,월세,59.95,10000,85,2003.0,아파트,2022
성북구,13500,종암동,5.0,20220126,월세,31.05,2319,21,2011.0,아파트,2022
성북구,13800,장위동,,20220126,월세,33.0,200,25,1990.0,단독다가구,2022
성북구,12500,안암동5가,,20220126,월세,33.0,1000,75,1994.0,단독다가구,2022
성북구,12100,안암동1가,,20220126,월세,37.56,2000,70,2015.0,단독다가구,2022
성북구,11500,삼선동5가,3.0,20220126,월세,22.68,1000,68,2018.0,연립다세대,2022
성북구,13600,하월곡동,,20220126,월세,18.0,1000,55,2019.0,단독다가구,2022
성북구,13100,보문동2가,,20220126,월세,16.5,5000,60,2010.0,단독다가구,2022
성북구,13600,하월곡동,,20220126,월세,15.76,1000,55,2019.0,단독다가구,2022
성북구,12500,안암동5가,,20220126,월세,19.8,500,38,1992.0,단독다가구,2022
성북구,13300,정릉동,,20220126,월세,16.0,1000,45,2017.0,단독다가구,2022
성북구,11800,동선동3가,,20220126,월세,20.0,1000,45,2011.0,단독다가구,2022
성북구,13600,하월곡동,,20220126,월세,15.0,130,35,2015.0,단독다가구,2022
성북구,11800,동선동3가,,20220126,월세,20.0,3000,30,2010.0,단독다가구,2022
성북구,13300,정릉동,,20220126,월세,15.0,1000,40,2017.0,단독다가구,2022
성북구,13400,길음동,5.0,20220126,월세,84.97,25000,100,2005.0,아파트,2022
성북구,12500,안암동5가,,20220126,월세,19.8,1000,65,2016.0,단독다가구,2022
성북구,13300,정릉동,,20220126,월세,19.8,5000,30,2019.0,단독다가구,2022
성북구,11900,동선동4가,3.0,20220126,월세,21.05,1000,63,2011.0,오피스텔,2022
성북구,13600,하월곡동,,20220126,월세,18.0,1000,50,2017.0,단독다가구,2022
성북구,12800,보문동6가,5.0,20220126,월세,84.99,1000,75,2017.0,아파트,2022
성북구,11800,동선동3가,,20220127,월세,20.0,1000,45,2019.0,단독다가구,2022
성북구,13300,정릉동,,20220127,월세,18.0,500,45,2017.0,단독다가구,2022
성북구,11200,삼선동2가,1.0,20220127,월세,84.83,4000,130,2009.0,아파트,2022
성북구,13300,정릉동,,20220127,월세,15.0,1000,45,2017.0,단독다가구,2022
성북구,13900,석관동,6.0,20220127,월세,33.15,5000,31,2003.0,오피스텔,2022
성북구,13300,정릉동,,20220127,월세,20.0,500,45,2002.0,단독다가구,2022
성북구,10700,동소문동4가,8.0,20220127,월세,22.8,1000,52,2003.0,오피스텔,2022
성북구,13000,보문동1가,8.0,20220127,월세,59.79,10000,130,2022.0,아파트,2022
성북구,12200,안암동2가,,20220127,월세,19.8,1000,50,1991.0,단독다가구,2022
성북구,12000,동선동5가,,20220127,월세,15.0,2000,40,2002.0,단독다가구,2022
성북구,12500,안암동5가,,20220127,월세,19.0,500,55,2002.0,단독다가구,2022
성북구,13900,석관동,,20220127,월세,27.0,13000,10,2018.0,단독다가구,2022
성북구,13600,하월곡동,,20220127,월세,23.14,300,39,1997.0,단독다가구,2022
성북구,10100,성북동,,20220127,월세,30.84,8000,110,1954.0,단독다가구,2022
성북구,13400,길음동,15.0,20220127,월세,59.78,20000,130,2022.0,아파트,2022
성북구,13400,길음동,3.0,20220127,월세,59.93,13052,21,2019.0,아파트,2022
성북구,13400,길음동,7.0,20220127,월세,43.63,3120,16,2022.0,아파트,2022
성북구,13400,길음동,1.0,20220127,월세,43.63,3120,16,2022.0,아파트,2022
성북구,13400,길음동,8.0,20220127,월세,43.63,4860,6,2022.0,아파트,2022
성북구,13400,길음동,8.0,20220127,월세,43.63,3120,16,2022.0,아파트,2022
성북구,13800,장위동,7.0,20220127,월세,39.34,2047,16,2006.0,아파트,2022
성북구,13800,장위동,7.0,20220127,월세,39.34,1329,20,2006.0,아파트,2022
성북구,11100,삼선동1가,1.0,20220127,월세,49.29,1000,30,2011.0,연립다세대,2022
성북구,10700,동소문동4가,,20220127,월세,61.82,1000,57,,단독다가구,2022
성북구,13800,장위동,17.0,20220127,월세,40.24,9693,25,2017.0,아파트,2022
성북구,11400,삼선동4가,4.0,20220127,월세,12.67,3000,30,2010.0,연립다세대,2022
성북구,13400,길음동,2.0,20220127,월세,114.73,23000,80,2005.0,아파트,2022
성북구,13500,종암동,13.0,20220127,월세,84.99,3000,158,2011.0,아파트,2022
성북구,13400,길음동,4.0,20220127,월세,84.97,3500,126,2005.0,아파트,2022
성북구,11600,동선동1가,6.0,20220127,월세,21.46,1000,50,2002.0,오피스텔,2022
성북구,13300,정릉동,7.0,20220127,월세,84.83,15000,85,2001.0,아파트,2022
성북구,10300,돈암동,11.0,20220127,월세,80.54,22400,70,2003.0,아파트,2022
성북구,10300,돈암동,1.0,20220127,월세,21.32,300,27,1965.0,연립다세대,2022
성북구,13900,석관동,4.0,20220127,월세,37.86,3027,39,2021.0,연립다세대,2022
성북구,13800,장위동,13.0,20220127,월세,36.14,11260,29,2020.0,아파트,2022
성북구,11500,삼선동5가,6.0,20220127,월세,18.6,2000,59,2014.0,오피스텔,2022
성북구,11500,삼선동5가,5.0,20220127,월세,13.4,8500,1,2011.0,연립다세대,2022
성북구,10800,동소문동5가,6.0,20220127,월세,14.02,1000,84,2018.0,아파트,2022
성북구,12500,안암동5가,,20220127,월세,39.66,6300,20,1993.0,단독다가구,2022
성북구,11800,동선동3가,,20220127,월세,40.0,11000,10,1988.0,단독다가구,2022
성북구,12500,안암동5가,,20220127,월세,31.39,3000,40,1993.0,단독다가구,2022
성북구,13500,종암동,,20220127,월세,36.0,3000,50,2002.0,단독다가구,2022
성북구,13600,하월곡동,,20220127,월세,35.0,10000,10,1994.0,단독다가구,2022
성북구,10100,성북동,,20220128,월세,39.67,1000,15,,단독다가구,2022
성북구,13500,종암동,,20220128,월세,21.0,300,35,2018.0,단독다가구,2022
성북구,13300,정릉동,,20220128,월세,28.1,0,50,1973.0,단독다가구,2022
성북구,12500,안암동5가,,20220128,월세,23.1,2000,40,1989.0,단독다가구,2022
성북구,12500,안암동5가,,20220128,월세,23.1,1500,75,2002.0,단독다가구,2022
성북구,13600,하월곡동,,20220128,월세,30.0,500,35,1992.0,단독다가구,2022
성북구,10100,성북동,,20220128,월세,12.0,500,35,2016.0,단독다가구,2022
성북구,13900,석관동,,20220128,월세,12.32,500,30,2017.0,단독다가구,2022
성북구,13800,장위동,1.0,20220128,월세,39.34,3480,8,2006.0,아파트,2022
성북구,12500,안암동5가,,20220128,월세,16.0,500,60,,단독다가구,2022
성북구,13300,정릉동,11.0,20220128,월세,32.76,3078,6,2005.0,아파트,2022
성북구,13600,하월곡동,,20220128,월세,18.0,1000,50,2017.0,단독다가구,2022
성북구,11900,동선동4가,,20220128,월세,16.52,1000,50,2012.0,단독다가구,2022
성북구,11700,동선동2가,,20220128,월세,20.0,1000,45,2008.0,단독다가구,2022
성북구,13300,정릉동,,20220128,월세,18.1,500,37,2018.0,단독다가구,2022
성북구,12500,안암동5가,,20220128,월세,15.5,500,30,1992.0,단독다가구,2022
성북구,12500,안암동5가,,20220128,월세,19.8,1000,55,1997.0,단독다가구,2022
성북구,13300,정릉동,4.0,20220128,월세,47.44,1000,80,2002.0,연립다세대,2022
성북구,10300,돈암동,4.0,20220128,월세,132.96,70000,20,1998.0,아파트,2022
성북구,10700,동소문동4가,,20220128,월세,19.8,3000,35,2011.0,단독다가구,2022
성북구,12800,보문동6가,13.0,20220128,월세,29.96,11153,29,2017.0,아파트,2022
성북구,13300,정릉동,,20220128,월세,18.0,500,47,2019.0,단독다가구,2022
성북구,13400,길음동,8.0,20220128,월세,43.63,1248,20,2022.0,아파트,2022
성북구,13400,길음동,8.0,20220128,월세,43.63,3120,16,2022.0,아파트,2022
성북구,13400,길음동,13.0,20220128,월세,59.78,5000,185,2022.0,아파트,2022
성북구,13400,길음동,7.0,20220128,월세,38.02,2733,14,2022.0,아파트,2022
성북구,13400,길음동,4.0,20220128,월세,53.31,5913,8,2022.0,아파트,2022
성북구,13400,길음동,8.0,20220128,월세,53.31,3796,20,2022.0,아파트,2022
성북구,13400,길음동,4.0,20220128,월세,53.31,3796,20,2022.0,아파트,2022
성북구,13500,종암동,16.0,20220128,월세,84.98,10000,150,2004.0,아파트,2022
성북구,13400,길음동,13.0,20220128,월세,84.82,53000,55,2010.0,아파트,2022
성북구,11700,동선동2가,,20220128,월세,45.31,1000,70,1996.0,단독다가구,2022
성북구,12700,보문동5가,,20220128,월세,51.75,2000,75,1992.0,단독다가구,2022
성북구,11100,삼선동1가,,20220128,월세,42.57,500,55,1995.0,단독다가구,2022
성북구,13800,장위동,11.0,20220128,월세,15.21,500,65,2019.0,아파트,2022
성북구,11400,삼선동4가,5.0,20220128,월세,12.09,3000,37,2010.0,연립다세대,2022
성북구,12500,안암동5가,4.0,20220128,월세,14.13,2000,55,2012.0,연립다세대,2022
성북구,11300,삼선동3가,2.0,20220129,월세,45.86,8500,27,2002.0,연립다세대,2022
성북구,13700,상월곡동,13.0,20220129,월세,84.97,10000,150,2003.0,아파트,2022
성북구,13500,종암동,5.0,20220129,월세,84.99,30000,110,2009.0,아파트,2022
성북구,13500,종암동,19.0,20220129,월세,84.99,10000,185,2011.0,아파트,2022
성북구,13300,정릉동,,20220129,월세,12.0,1000,40,2018.0,단독다가구,2022
성북구,13400,길음동,20.0,20220129,월세,59.87,40000,50,2022.0,아파트,2022
성북구,12500,안암동5가,,20220129,월세,13.0,300,35,2009.0,단독다가구,2022
성북구,13400,길음동,5.0,20220129,월세,43.63,3120,16,2022.0,아파트,2022
성북구,12500,안암동5가,,20220129,월세,13.2,500,75,1992.0,단독다가구,2022
성북구,13600,하월곡동,,20220129,월세,35.0,10000,10,1994.0,단독다가구,2022
성북구,12500,안암동5가,,20220129,월세,40.31,2000,80,2002.0,단독다가구,2022
성북구,12500,안암동5가,,20220129,월세,21.0,1000,60,2018.0,단독다가구,2022
성북구,13800,장위동,,20220129,월세,28.0,2500,20,1993.0,단독다가구,2022
성북구,13300,정릉동,,20220129,월세,18.22,1000,45,2019.0,단독다가구,2022
성북구,11700,동선동2가,,20220129,월세,18.18,1000,40,2003.0,단독다가구,2022
성북구,12500,안암동5가,,20220129,월세,19.8,1000,55,1992.0,단독다가구,2022
성북구,12200,안암동2가,,20220129,월세,21.0,1000,47,2012.0,단독다가구,2022
성북구,11900,동선동4가,,20220129,월세,20.0,1000,39,2010.0,단독다가구,2022
성북구,13300,정릉동,6.0,20220129,월세,59.77,10000,100,2006.0,아파트,2022
성북구,12500,안암동5가,,20220129,월세,23.1,3000,33,2000.0,단독다가구,2022
성북구,13800,장위동,,20220129,월세,21.5,300,45,2017.0,단독다가구,2022
성북구,12500,안암동5가,,20220129,월세,19.83,500,43,1992.0,단독다가구,2022
성북구,13000,보문동1가,12.0,20220129,월세,59.79,20000,150,2022.0,아파트,2022
성북구,11500,삼선동5가,10.0,20220129,월세,30.81,1000,60,2003.0,오피스텔,2022
성북구,11000,동소문동7가,7.0,20220129,월세,59.96,20000,135,2010.0,아파트,2022
성북구,10300,돈암동,15.0,20220129,월세,59.58,30000,4,1998.0,아파트,2022
성북구,13900,석관동,5.0,20220129,월세,59.9,30000,50,2009.0,아파트,2022
성북구,12100,안암동1가,5.0,20220129,월세,14.99,1000,55,2014.0,연립다세대,2022
성북구,13600,하월곡동,18.0,20220129,월세,79.25,30000,60,2004.0,아파트,2022
성북구,12200,안암동2가,,20220129,월세,52.9,1000,115,2003.0,단독다가구,2022
성북구,13400,길음동,3.0,20220129,월세,84.97,25000,58,2005.0,아파트,2022
성북구,13300,정릉동,18.0,20220129,월세,59.59,38000,32,1999.0,아파트,2022
성북구,13600,하월곡동,,20220130,월세,20.0,500,50,2015.0,단독다가구,2022
성북구,13300,정릉동,,20220130,월세,20.0,500,37,1993.0,단독다가구,2022
성북구,12100,안암동1가,6.0,20220130,월세,59.7,30000,70,2005.0,아파트,2022
성북구,11200,삼선동2가,,20220201,월세,15.3,1000,50,2019.0,단독다가구,2022
성북구,10900,동소문동6가,12.0,20220201,월세,14.02,1000,75,2015.0,아파트,2022
성북구,13800,장위동,7.0,20220201,월세,14.71,500,50,2019.0,아파트,2022
성북구,13400,길음동,3.0,20220201,월세,43.63,4860,6,2022.0,아파트,2022
성북구,13500,종암동,,20220201,월세,89.99,5000,85,2006.0,단독다가구,2022
성북구,13800,장위동,,20220202,월세,64.95,3000,50,1993.0,단독다가구,2022
성북구,12500,안암동5가,,20220202,월세,21.0,1000,45,2000.0,단독다가구,2022
성북구,13300,정릉동,,20220202,월세,15.0,500,40,2019.0,단독다가구,2022
성북구,13300,정릉동,,20220202,월세,15.0,1000,50,2017.0,단독다가구,2022
성북구,13700,상월곡동,15.0,20220202,월세,59.95,5000,100,2003.0,아파트,2022
성북구,13500,종암동,16.0,20220202,월세,84.95,5000,105,2004.0,아파트,2022
성북구,13400,길음동,12.0,20220203,월세,59.93,13240,20,2019.0,아파트,2022
성북구,13400,길음동,8.0,20220203,월세,38.02,2733,14,2022.0,아파트,2022
성북구,13400,길음동,8.0,20220203,월세,38.02,4258,6,2022.0,아파트,2022
성북구,13400,길음동,11.0,20220203,월세,43.63,4860,6,2022.0,아파트,2022
성북구,13400,길음동,11.0,20220203,월세,43.63,3120,16,2022.0,아파트,2022
성북구,13400,길음동,7.0,20220203,월세,53.31,3796,20,2022.0,아파트,2022
성북구,13400,길음동,7.0,20220203,월세,53.31,5913,8,2022.0,아파트,2022
성북구,13400,길음동,11.0,20220203,월세,112.51,50000,210,2022.0,아파트,2022
성북구,13900,석관동,,20220203,월세,25.0,300,35,2017.0,단독다가구,2022
성북구,11200,삼선동2가,,20220203,월세,23.1,500,43,1992.0,단독다가구,2022
성북구,13600,하월곡동,,20220203,월세,49.02,3000,30,1992.0,단독다가구,2022
성북구,11500,삼선동5가,,20220203,월세,30.0,500,50,1994.0,단독다가구,2022
성북구,13600,하월곡동,,20220203,월세,23.0,500,60,2019.0,단독다가구,2022
성북구,10300,돈암동,12.0,20220203,월세,114.66,30000,100,1999.0,아파트,2022
성북구,12500,안암동5가,,20220203,월세,23.0,500,40,2001.0,단독다가구,2022
성북구,13900,석관동,,20220203,월세,67.0,20000,20,1969.0,단독다가구,2022
성북구,11100,삼선동1가,,20220203,월세,20.0,1000,50,1984.0,단독다가구,2022
성북구,13300,정릉동,,20220203,월세,15.0,1000,50,2019.0,단독다가구,2022
성북구,12500,안암동5가,,20220203,월세,17.0,500,40,2001.0,단독다가구,2022
성북구,13500,종암동,,20220203,월세,20.0,500,45,1992.0,단독다가구,2022
성북구,12500,안암동5가,,20220203,월세,18.0,1000,45,2001.0,단독다가구,2022
성북구,12500,안암동5가,,20220203,월세,18.0,500,44,2000.0,단독다가구,2022
성북구,13300,정릉동,,20220203,월세,16.0,1000,45,2017.0,단독다가구,2022
성북구,12000,동선동5가,,20220203,월세,16.0,300,33,1993.0,단독다가구,2022
성북구,13300,정릉동,,20220203,월세,15.0,500,45,2018.0,단독다가구,2022
성북구,13100,보문동2가,,20220203,월세,19.8,12000,30,2010.0,단독다가구,2022
성북구,13500,종암동,,20220203,월세,19.8,300,40,2017.0,단독다가구,2022
성북구,10300,돈암동,12.0,20220203,월세,59.99,3000,115,2004.0,아파트,2022
성북구,13300,정릉동,4.0,20220203,월세,85.0,20000,110,2006.0,아파트,2022
성북구,13500,종암동,15.0,20220203,월세,59.04,25000,60,1999.0,아파트,2022
성북구,10300,돈암동,1.0,20220203,월세,68.13,2000,105,1998.0,아파트,2022
성북구,13600,하월곡동,11.0,20220203,월세,114.93,50000,35,2007.0,아파트,2022
성북구,13300,정릉동,13.0,20220203,월세,114.93,33000,65,2005.0,아파트,2022
성북구,13600,하월곡동,12.0,20220203,월세,15.55,3000,40,2013.0,아파트,2022
성북구,13800,장위동,20.0,20220203,월세,32.22,6279,23,2017.0,아파트,2022
성북구,13800,장위동,11.0,20220203,월세,32.22,6279,23,2017.0,아파트,2022
성북구,13300,정릉동,2.0,20220203,월세,64.64,1000,29,2010.0,연립다세대,2022
성북구,13300,정릉동,2.0,20220203,월세,88.15,1000,20,1998.0,연립다세대,2022
성북구,13900,석관동,7.0,20220203,월세,59.9,4805,9,2009.0,아파트,2022
성북구,13600,하월곡동,3.0,20220203,월세,41.62,2000,80,2007.0,오피스텔,2022
성북구,11800,동선동3가,2.0,20220204,월세,49.89,6000,72,2015.0,아파트,2022
성북구,13400,길음동,11.0,20220204,월세,43.63,3120,16,2022.0,아파트,2022
성북구,13400,길음동,11.0,20220204,월세,43.63,4860,6,2022.0,아파트,2022
성북구,13400,길음동,7.0,20220204,월세,43.63,3120,16,2022.0,아파트,2022
성북구,13400,길음동,7.0,20220204,월세,53.31,3796,20,2022.0,아파트,2022
성북구,13300,정릉동,,20220204,월세,46.0,500,63,1994.0,단독다가구,2022
성북구,13500,종암동,,20220204,월세,43.0,2000,45,1989.0,단독다가구,2022
성북구,13800,장위동,4.0,20220204,월세,15.21,1000,52,2019.0,아파트,2022
성북구,12600,보문동4가,,20220204,월세,33.87,12000,7,,단독다가구,2022
성북구,13600,하월곡동,,20220204,월세,33.05,500,50,1993.0,단독다가구,2022
성북구,13400,길음동,,20220204,월세,40.0,800,45,1994.0,단독다가구,2022
성북구,13400,길음동,9.0,20220204,월세,59.97,10000,160,2019.0,아파트,2022
성북구,13400,길음동,10.0,20220204,월세,59.9,30000,50,2019.0,아파트,2022
성북구,10400,동소문동1가,,20220204,월세,39.6,11000,20,,단독다가구,2022
성북구,11200,삼선동2가,,20220204,월세,36.3,1000,35,1996.0,단독다가구,2022
성북구,13900,석관동,,20220204,월세,59.84,1000,40,1995.0,단독다가구,2022
성북구,13300,정릉동,,20220204,월세,71.26,3000,105,1991.0,단독다가구,2022
성북구,11100,삼선동1가,,20220204,월세,22.0,1000,40,2010.0,단독다가구,2022
성북구,13800,장위동,,20220204,월세,76.4,3000,60,1974.0,단독다가구,2022
성북구,13800,장위동,,20220204,월세,76.4,4000,50,1974.0,단독다가구,2022
성북구,13400,길음동,,20220204,월세,28.0,0,100,1993.0,단독다가구,2022
성북구,13800,장위동,,20220204,월세,22.28,200,20,1984.0,단독다가구,2022
성북구,13500,종암동,,20220204,월세,50.0,3000,100,1997.0,단독다가구,2022
성북구,12800,보문동6가,20.0,20220204,월세,84.99,30000,120,2017.0,아파트,2022
성북구,12800,보문동6가,11.0,20220204,월세,84.99,1000,80,2017.0,아파트,2022
성북구,13300,정릉동,,20220204,월세,26.0,1000,70,2019.0,단독다가구,2022
성북구,13700,상월곡동,,20220204,월세,23.0,1000,55,2019.0,단독다가구,2022
성북구,11500,삼선동5가,2.0,20220204,월세,39.27,3000,45,2002.0,연립다세대,2022
성북구,13300,정릉동,,20220204,월세,15.0,1000,40,2018.0,단독다가구,2022
성북구,13300,정릉동,,20220204,월세,16.0,5000,35,2018.0,단독다가구,2022
성북구,13300,정릉동,,20220204,월세,16.5,500,40,2017.0,단독다가구,2022
성북구,13900,석관동,,20220204,월세,18.15,500,45,2019.0,단독다가구,2022
성북구,13400,길음동,7.0,20220204,월세,59.97,20000,80,2005.0,아파트,2022
성북구,13800,장위동,4.0,20220204,월세,29.12,6000,45,2019.0,연립다세대,2022
성북구,13800,장위동,26.0,20220204,월세,40.47,2672,16,2020.0,아파트,2022
성북구,11800,동선동3가,,20220204,월세,20.0,3000,30,2010.0,단독다가구,2022
성북구,11500,삼선동5가,,20220204,월세,20.0,1000,45,2017.0,단독다가구,2022
성북구,13800,장위동,10.0,20220204,월세,84.71,10000,180,2017.0,아파트,2022
성북구,13300,정릉동,,20220204,월세,19.8,1000,40,2017.0,단독다가구,2022
성북구,13600,하월곡동,,20220204,월세,18.0,1000,50,2019.0,단독다가구,2022
성북구,12500,안암동5가,,20220204,월세,16.5,500,35,1989.0,단독다가구,2022
성북구,12500,안암동5가,,20220204,월세,19.8,3000,50,,단독다가구,2022
성북구,10300,돈암동,18.0,20220204,월세,59.58,20000,34,1998.0,아파트,2022
성북구,11500,삼선동5가,,20220204,월세,16.52,1000,50,2017.0,단독다가구,2022
성북구,13300,정릉동,2.0,20220204,월세,22.26,6768,22,2020.0,연립다세대,2022
성북구,11000,동소문동7가,10.0,20220204,월세,84.95,5000,137,2004.0,아파트,2022
성북구,12700,보문동5가,6.0,20220204,월세,47.26,2000,100,2016.0,연립다세대,2022
성북구,13600,하월곡동,13.0,20220204,월세,84.84,25000,110,2003.0,아파트,2022
성북구,13300,정릉동,2.0,20220204,월세,22.26,8918,11,2020.0,연립다세대,2022
성북구,10300,돈암동,3.0,20220205,월세,59.58,3000,120,1998.0,아파트,2022
성북구,10900,동소문동6가,10.0,20220205,월세,14.01,1000,73,2015.0,아파트,2022
성북구,13200,보문동3가,3.0,20220205,월세,59.65,25000,75,2003.0,아파트,2022
성북구,12200,안암동2가,,20220205,월세,42.18,500,40,1993.0,단독다가구,2022
성북구,13400,길음동,28.0,20220205,월세,84.77,25000,165,2022.0,아파트,2022
성북구,13400,길음동,23.0,20220205,월세,59.87,40000,50,2022.0,아파트,2022
성북구,13400,길음동,19.0,20220205,월세,59.78,40000,50,2022.0,아파트,2022
성북구,13400,길음동,5.0,20220205,월세,43.63,3120,16,2022.0,아파트,2022
성북구,13400,길음동,5.0,20220205,월세,43.63,4860,6,2022.0,아파트,2022
성북구,13500,종암동,4.0,20220205,월세,15.01,500,55,2013.0,연립다세대,2022
성북구,10400,동소문동1가,5.0,20220205,월세,24.48,10000,40,1998.0,연립다세대,2022
성북구,13800,장위동,9.0,20220205,월세,59.99,10000,95,2020.0,아파트,2022
성북구,13500,종암동,11.0,20220205,월세,84.98,10000,116,2009.0,아파트,2022
성북구,10800,동소문동5가,12.0,20220205,월세,15.42,1000,92,2018.0,아파트,2022
성북구,13300,정릉동,4.0,20220205,월세,46.86,12000,15,2012.0,연립다세대,2022
성북구,13900,석관동,22.0,20220205,월세,84.9,5250,105,1998.0,아파트,2022
성북구,13900,석관동,2.0,20220205,월세,29.71,5000,70,2018.0,연립다세대,2022
성북구,13400,길음동,9.0,20220205,월세,59.97,10000,160,2019.0,아파트,2022
성북구,12100,안암동1가,3.0,20220205,월세,59.7,5000,116,2005.0,아파트,2022
성북구,13600,하월곡동,,20220205,월세,35.51,2000,16,1992.0,단독다가구,2022
성북구,13300,정릉동,,20220205,월세,12.0,1000,40,2018.0,단독다가구,2022
성북구,13300,정릉동,,20220205,월세,12.0,1000,45,2017.0,단독다가구,2022
성북구,13300,정릉동,,20220205,월세,13.0,1000,48,2018.0,단독다가구,2022
성북구,13500,종암동,,20220205,월세,13.0,3000,30,2007.0,단독다가구,2022
성북구,13100,보문동2가,6.0,20220205,월세,15.84,1000,55,2018.0,연립다세대,2022
성북구,12300,안암동3가,,20220205,월세,33.56,500,55,1995.0,단독다가구,2022
성북구,13600,하월곡동,,20220205,월세,34.5,1000,60,1971.0,단독다가구,2022
성북구,12700,보문동5가,,20220205,월세,33.75,500,50,1993.0,단독다가구,2022
성북구,13700,상월곡동,,20220205,월세,40.0,5000,45,1991.0,단독다가구,2022
성북구,10300,돈암동,,20220205,월세,37.81,5000,20,,단독다가구,2022
성북구,13300,정릉동,,20220205,월세,16.0,1000,50,2017.0,단독다가구,2022
성북구,13400,길음동,12.0,20220205,월세,59.94,5000,95,1998.0,아파트,2022
성북구,13300,정릉동,,20220205,월세,15.0,1000,45,2021.0,단독다가구,2022
성북구,11700,동선동2가,,20220205,월세,20.0,1000,53,2018.0,단독다가구,2022
성북구,11800,동선동3가,,20220205,월세,20.0,3000,30,2010.0,단독다가구,2022
성북구,11900,동선동4가,,20220205,월세,15.05,7400,5,1994.0,단독다가구,2022
성북구,13600,하월곡동,,20220205,월세,18.0,1000,55,2019.0,단독다가구,2022
성북구,13300,정릉동,,20220205,월세,19.8,1000,47,2021.0,단독다가구,2022
성북구,13600,하월곡동,14.0,20220205,월세,15.54,1000,55,2013.0,아파트,2022
성북구,11800,동선동3가,,20220205,월세,20.0,1000,50,2012.0,단독다가구,2022
성북구,12000,동선동5가,,20220205,월세,20.0,1000,40,2003.0,단독다가구,2022
성북구,11600,동선동1가,,20220205,월세,18.0,3000,45,2016.0,단독다가구,2022
성북구,13500,종암동,,20220205,월세,18.18,500,45,2017.0,단독다가구,2022
성북구,13300,정릉동,1.0,20220205,월세,59.7,2000,75,1990.0,연립다세대,2022
성북구,11700,동선동2가,,20220205,월세,18.18,500,43,2003.0,단독다가구,2022
성북구,13500,종암동,15.0,20220205,월세,59.99,5000,100,2004.0,아파트,2022
성북구,13300,정릉동,,20220205,월세,16.0,500,40,2017.0,단독다가구,2022
성북구,13600,하월곡동,10.0,20220205,월세,15.62,1000,50,2013.0,아파트,2022
성북구,13500,종암동,,20220205,월세,19.83,300,40,1996.0,단독다가구,2022
성북구,13300,정릉동,,20220205,월세,18.0,500,45,2007.0,단독다가구,2022
성북구,13300,정릉동,,20220205,월세,15.0,1000,47,2021.0,단독다가구,2022
성북구,11700,동선동2가,,20220205,월세,18.18,500,45,2003.0,단독다가구,2022
성북구,11700,동선동2가,,20220205,월세,18.5,1000,53,2019.0,단독다가구,2022
성북구,13600,하월곡동,,20220205,월세,19.8,1000,60,,단독다가구,2022
성북구,13300,정릉동,,20220205,월세,16.0,1000,45,2021.0,단독다가구,2022
성북구,13900,석관동,,20220205,월세,56.09,3000,65,1989.0,단독다가구,2022
성북구,13400,길음동,,20220205,월세,48.0,3500,30,1992.0,단독다가구,2022
성북구,11200,삼선동2가,,20220205,월세,19.0,2000,50,2019.0,단독다가구,2022
성북구,13300,정릉동,,20220205,월세,16.5,1000,50,2019.0,단독다가구,2022
성북구,13500,종암동,,20220205,월세,47.0,500,40,1993.0,단독다가구,2022
성북구,13600,하월곡동,4.0,20220205,월세,84.91,30000,75,2011.0,아파트,2022
성북구,11700,동선동2가,,20220205,월세,24.0,500,40,1996.0,단독다가구,2022
성북구,12300,안암동3가,2.0,20220205,월세,44.96,5000,15,1971.0,아파트,2022
성북구,12500,안암동5가,1.0,20220205,월세,12.21,1000,65,2011.0,연립다세대,2022
성북구,12500,안암동5가,,20220205,월세,29.0,500,78,1998.0,단독다가구,2022
성북구,12500,안암동5가,,20220205,월세,24.0,1000,50,2007.0,단독다가구,2022
성북구,12100,안암동1가,,20220205,월세,30.0,300,35,1990.0,단독다가구,2022
성북구,13900,석관동,10.0,20220205,월세,112.23,15000,120,1999.0,아파트,2022
성북구,12500,안암동5가,2.0,20220205,월세,18.85,1000,40,2011.0,연립다세대,2022
성북구,13300,정릉동,3.0,20220205,월세,12.42,500,45,2012.0,연립다세대,2022
성북구,13800,장위동,1.0,20220205,월세,81.32,3000,60,1982.0,연립다세대,2022
성북구,10900,동소문동6가,9.0,20220205,월세,13.2,8000,24,2013.0,아파트,2022
성북구,13300,정릉동,5.0,20220205,월세,23.82,3000,35,2017.0,연립다세대,2022
성북구,12500,안암동5가,4.0,20220205,월세,24.24,3000,55,2019.0,연립다세대,2022
성북구,13800,장위동,6.0,20220205,월세,43.16,17500,44,2016.0,연립다세대,2022
성북구,13000,보문동1가,,20220206,월세,12.0,1000,45,2008.0,단독다가구,2022
성북구,13400,길음동,14.0,20220206,월세,59.78,35000,70,2022.0,아파트,2022
성북구,13300,정릉동,2.0,20220206,월세,19.7,5780,18,2020.0,연립다세대,2022
성북구,13300,정릉동,2.0,20220206,월세,19.7,4380,21,2020.0,연립다세대,2022
성북구,10300,돈암동,3.0,20220206,월세,39.35,10000,55,2017.0,연립다세대,2022
성북구,12100,안암동1가,12.0,20220206,월세,59.7,9000,135,2005.0,아파트,2022
성북구,12600,보문동4가,5.0,20220206,월세,29.56,3000,82,2016.0,연립다세대,2022
성북구,12300,안암동3가,3.0,20220206,월세,60.93,3000,65,1971.0,아파트,2022
성북구,13800,장위동,,20220206,월세,33.0,1000,70,2017.0,단독다가구,2022
성북구,12500,안암동5가,,20220206,월세,33.0,1000,45,1997.0,단독다가구,2022
성북구,11800,동선동3가,,20220206,월세,20.0,1000,50,2012.0,단독다가구,2022
성북구,12100,안암동1가,,20220206,월세,27.0,5000,50,1993.0,단독다가구,2022
성북구,11700,동선동2가,,20220206,월세,20.0,1000,45,2008.0,단독다가구,2022
성북구,10900,동소문동6가,,20220206,월세,16.0,1000,40,2002.0,단독다가구,2022
성북구,13300,정릉동,,20220206,월세,30.0,500,20,,단독다가구,2022
성북구,13900,석관동,,20220206,월세,47.84,1000,40,1998.0,단독다가구,2022
성북구,12500,안암동5가,,20220206,월세,18.0,500,48,2000.0,단독다가구,2022
성북구,13600,하월곡동,,20220206,월세,18.0,1000,50,2017.0,단독다가구,2022
성북구,11800,동선동3가,,20220207,월세,20.0,1000,45,2011.0,단독다가구,2022
성북구,12000,동선동5가,,20220207,월세,20.0,1000,40,2003.0,단독다가구,2022
성북구,13700,상월곡동,,20220207,월세,20.0,3000,43,2019.0,단독다가구,2022
성북구,13600,하월곡동,,20220207,월세,18.0,1000,50,2017.0,단독다가구,2022
성북구,12500,안암동5가,,20220207,월세,18.0,500,55,1993.0,단독다가구,2022
성북구,13300,정릉동,2.0,20220207,월세,19.7,5780,18,2020.0,연립다세대,2022
성북구,13900,석관동,,20220207,월세,20.0,300,30,2004.0,단독다가구,2022
성북구,13300,정릉동,1.0,20220207,월세,58.87,10000,23,2002.0,연립다세대,2022
성북구,13500,종암동,,20220207,월세,19.0,300,43,1998.0,단독다가구,2022
성북구,13300,정릉동,2.0,20220207,월세,58.87,5000,68,2002.0,연립다세대,2022
성북구,13300,정릉동,,20220207,월세,18.0,500,60,2018.0,단독다가구,2022
성북구,13300,정릉동,,20220207,월세,15.0,500,40,2019.0,단독다가구,2022
성북구,13300,정릉동,,20220207,월세,18.0,500,55,2018.0,단독다가구,2022
성북구,12000,동선동5가,,20220207,월세,16.5,1000,45,2010.0,단독다가구,2022
성북구,13300,정릉동,8.0,20220207,월세,84.92,30000,60,2004.0,아파트,2022
성북구,13500,종암동,,20220207,월세,20.0,500,50,2003.0,단독다가구,2022
성북구,13300,정릉동,,20220207,월세,16.0,1000,45,2017.0,단독다가구,2022
성북구,13700,상월곡동,,20220207,월세,17.0,1000,48,2016.0,단독다가구,2022
성북구,12500,안암동5가,,20220207,월세,18.0,1000,45,2000.0,단독다가구,2022
성북구,11700,동선동2가,,20220207,월세,20.0,500,40,2010.0,단독다가구,2022
성북구,13300,정릉동,,20220207,월세,18.0,1000,45,2018.0,단독다가구,2022
성북구,13300,정릉동,,20220207,월세,15.83,500,45,2007.0,단독다가구,2022
성북구,13300,정릉동,,20220207,월세,59.58,3000,50,1988.0,단독다가구,2022
성북구,13800,장위동,,20220207,월세,55.76,1000,50,2002.0,단독다가구,2022
성북구,13600,하월곡동,4.0,20220207,월세,18.36,2000,70,2019.0,연립다세대,2022
성북구,13400,길음동,14.0,20220207,월세,59.78,30000,80,2022.0,아파트,2022
성북구,13400,길음동,1.0,20220207,월세,43.63,4860,6,2022.0,아파트,2022
성북구,13400,길음동,10.0,20220207,월세,43.63,3120,16,2022.0,아파트,2022
성북구,13400,길음동,1.0,20220207,월세,43.63,3120,16,2022.0,아파트,2022
성북구,13500,종암동,,20220207,월세,10.0,100,10,1984.0,단독다가구,2022
성북구,13400,길음동,1.0,20220207,월세,38.02,2733,14,2022.0,아파트,2022
성북구,13400,길음동,1.0,20220207,월세,38.02,1093,18,2022.0,아파트,2022
성북구,11300,삼선동3가,,20220207,월세,43.0,4500,45,1991.0,단독다가구,2022
성북구,10300,돈암동,10.0,20220207,월세,84.87,46000,20,1998.0,아파트,2022
성북구,10200,성북동1가,,20220207,월세,28.0,1000,65,2012.0,단독다가구,2022
성북구,12500,안암동5가,,20220207,월세,30.0,2000,80,2002.0,단독다가구,2022
성북구,13600,하월곡동,9.0,20220207,월세,114.61,30000,60,2010.0,아파트,2022
성북구,13500,종암동,,20220207,월세,23.18,500,20,1997.0,단독다가구,2022
성북구,12500,안암동5가,,20220207,월세,30.0,1000,95,2002.0,단독다가구,2022
성북구,12600,보문동4가,,20220207,월세,23.22,12000,7,,단독다가구,2022
성북구,11600,동선동1가,7.0,20220207,월세,25.84,17000,50,2020.0,연립다세대,2022
성북구,10300,돈암동,9.0,20220207,월세,84.94,5000,125,2009.0,아파트,2022
성북구,13500,종암동,13.0,20220207,월세,84.98,5000,180,2009.0,아파트,2022
성북구,13100,보문동2가,4.0,20220207,월세,14.7,1000,52,2011.0,연립다세대,2022
성북구,12000,동선동5가,,20220207,월세,40.0,1000,40,1993.0,단독다가구,2022
성북구,13800,장위동,,20220207,월세,33.63,300,30,1970.0,단독다가구,2022
성북구,11900,동선동4가,7.0,20220207,월세,21.05,1000,63,2011.0,오피스텔,2022
성북구,12500,안암동5가,,20220207,월세,39.66,100,42,1993.0,단독다가구,2022
성북구,13900,석관동,4.0,20220207,월세,33.15,1000,65,2003.0,오피스텔,2022
성북구,13800,장위동,,20220207,월세,38.54,12000,5,1988.0,단독다가구,2022
성북구,13800,장위동,,20220207,월세,35.0,1000,30,1996.0,단독다가구,2022
성북구,10300,돈암동,,20220208,월세,40.0,2000,70,1965.0,단독다가구,2022
성북구,11700,동선동2가,,20220208,월세,33.05,1000,50,1992.0,단독다가구,2022
성북구,11200,삼선동2가,,20220208,월세,39.6,1000,60,1991.0,단독다가구,2022
성북구,12500,안암동5가,,20220208,월세,12.0,500,46,1992.0,단독다가구,2022
성북구,13600,하월곡동,11.0,20220208,월세,15.62,2000,50,2013.0,아파트,2022
성북구,10700,동소문동4가,2.0,20220208,월세,10.74,500,48,2011.0,연립다세대,2022
성북구,13300,정릉동,1.0,20220208,월세,19.7,5780,18,2020.0,연립다세대,2022
성북구,11000,동소문동7가,,20220208,월세,15.0,1000,50,2018.0,단독다가구,2022
성북구,13300,정릉동,3.0,20220208,월세,22.26,8422,10,2020.0,연립다세대,2022
성북구,13300,정릉동,3.0,20220208,월세,22.26,6392,20,2020.0,연립다세대,2022
성북구,13300,정릉동,,20220208,월세,59.4,2000,75,1994.0,단독다가구,2022
성북구,13300,정릉동,,20220208,월세,16.0,1000,45,2017.0,단독다가구,2022
성북구,11100,삼선동1가,,20220208,월세,17.8,1000,50,2017.0,단독다가구,2022
성북구,13500,종암동,,20220208,월세,52.47,1000,65,1993.0,단독다가구,2022
성북구,13300,정릉동,1.0,20220208,월세,19.7,7610,9,2020.0,연립다세대,2022
성북구,13700,상월곡동,,20220208,월세,61.17,5000,40,2003.0,단독다가구,2022
성북구,13700,상월곡동,,20220208,월세,19.83,1000,40,2017.0,단독다가구,2022
성북구,13300,정릉동,,20220208,월세,50.0,2000,60,1997.0,단독다가구,2022
성북구,13300,정릉동,,20220208,월세,19.8,500,40,2018.0,단독다가구,2022
성북구,13500,종암동,,20220208,월세,18.0,1000,45,2019.0,단독다가구,2022
성북구,13300,정릉동,,20220208,월세,16.17,500,40,2018.0,단독다가구,2022
성북구,13300,정릉동,,20220208,월세,17.0,500,45,2021.0,단독다가구,2022
성북구,13600,하월곡동,,20220208,월세,15.0,500,35,2017.0,단독다가구,2022
성북구,12700,보문동5가,,20220208,월세,60.96,5000,50,1991.0,단독다가구,2022
성북구,12500,안암동5가,,20220208,월세,17.0,1000,55,2016.0,단독다가구,2022
성북구,13600,하월곡동,,20220208,월세,16.5,500,35,2015.0,단독다가구,2022
성북구,11800,동선동3가,,20220208,월세,18.0,500,46,2001.0,단독다가구,2022
성북구,13400,길음동,8.0,20220208,월세,84.98,20000,180,2022.0,아파트,2022
성북구,13000,보문동1가,,20220208,월세,18.2,1000,45,2008.0,단독다가구,2022
성북구,11700,동선동2가,,20220208,월세,20.0,1000,40,2010.0,단독다가구,2022
성북구,13400,길음동,10.0,20220208,월세,59.87,40000,50,2022.0,아파트,2022
성북구,13400,길음동,4.0,20220208,월세,43.63,4860,6,2022.0,아파트,2022
성북구,13300,정릉동,,20220208,월세,20.0,500,45,2018.0,단독다가구,2022
성북구,13400,길음동,7.0,20220208,월세,43.63,3120,16,2022.0,아파트,2022
성북구,12700,보문동5가,,20220208,월세,19.83,6000,4,2008.0,단독다가구,2022
성북구,13400,길음동,7.0,20220208,월세,84.98,10000,230,2022.0,아파트,2022
성북구,11700,동선동2가,,20220208,월세,21.0,300,38,1997.0,단독다가구,2022
성북구,11500,삼선동5가,5.0,20220208,월세,31.97,5000,77,2014.0,오피스텔,2022
성북구,11700,동선동2가,,20220208,월세,25.0,1000,40,2002.0,단독다가구,2022
성북구,12100,안암동1가,,20220208,월세,26.5,300,37,1991.0,단독다가구,2022
성북구,11100,삼선동1가,,20220208,월세,22.0,1000,40,2010.0,단독다가구,2022
성북구,11700,동선동2가,,20220208,월세,21.0,1000,40,2002.0,단독다가구,2022
성북구,13500,종암동,10.0,20220208,월세,84.73,10000,130,2005.0,아파트,2022
성북구,13800,장위동,3.0,20220208,월세,52.86,2000,50,1992.0,연립다세대,2022
성북구,13300,정릉동,2.0,20220208,월세,41.4,1000,60,1988.0,연립다세대,2022
성북구,13300,정릉동,2.0,20220208,월세,83.07,2666,22,2008.0,연립다세대,2022
성북구,13400,길음동,18.0,20220208,월세,59.75,35000,30,2006.0,아파트,2022
성북구,12300,안암동3가,7.0,20220208,월세,56.96,0,70,1971.0,아파트,2022
성북구,12300,안암동3가,1.0,20220208,월세,47.87,1000,50,1971.0,아파트,2022
성북구,13300,정릉동,-1.0,20220208,월세,51.79,1000,60,1991.0,연립다세대,2022
성북구,13400,길음동,9.0,20220208,월세,84.64,3000,131,2005.0,아파트,2022
성북구,11400,삼선동4가,4.0,20220208,월세,13.54,3000,12,2010.0,연립다세대,2022
성북구,11400,삼선동4가,4.0,20220208,월세,13.54,3000,32,2010.0,연립다세대,2022
성북구,13400,길음동,18.0,20220209,월세,59.97,10000,160,2019.0,아파트,2022
성북구,13500,종암동,5.0,20220209,월세,84.99,30000,98,2011.0,아파트,2022
성북구,13800,장위동,18.0,20220209,월세,84.94,20000,140,2020.0,아파트,2022
성북구,10800,동소문동5가,15.0,20220209,월세,15.94,1000,100,2018.0,아파트,2022
성북구,13600,하월곡동,,20220209,월세,16.5,1000,15,1970.0,단독다가구,2022
성북구,13300,정릉동,,20220209,월세,20.0,1000,40,2017.0,단독다가구,2022
성북구,12500,안암동5가,,20220209,월세,14.0,300,35,1998.0,단독다가구,2022
성북구,13300,정릉동,,20220209,월세,17.16,500,40,2018.0,단독다가구,2022
성북구,13300,정릉동,,20220209,월세,15.0,1000,45,2018.0,단독다가구,2022
성북구,12500,안암동5가,,20220209,월세,19.83,200,48,1994.0,단독다가구,2022
성북구,13700,상월곡동,,20220209,월세,16.52,1000,40,2019.0,단독다가구,2022
성북구,13600,하월곡동,,20220209,월세,17.0,500,45,2015.0,단독다가구,2022
성북구,13500,종암동,,20220209,월세,18.0,500,75,2004.0,단독다가구,2022
성북구,11700,동선동2가,,20220209,월세,18.5,1000,53,2019.0,단독다가구,2022
성북구,12500,안암동5가,,20220209,월세,40.31,1000,85,2002.0,단독다가구,2022
성북구,13300,정릉동,,20220209,월세,15.0,1000,55,2002.0,단독다가구,2022
성북구,11800,동선동3가,,20220209,월세,20.0,2000,40,2010.0,단독다가구,2022
성북구,11800,동선동3가,,20220209,월세,20.0,1000,45,2011.0,단독다가구,2022
성북구,11200,삼선동2가,11.0,20220209,월세,59.95,21800,40,2008.0,아파트,2022
성북구,10300,돈암동,3.0,20220209,월세,84.93,13500,75,2009.0,아파트,2022
성북구,13600,하월곡동,7.0,20220209,월세,84.73,25000,65,2010.0,아파트,2022
성북구,12300,안암동3가,4.0,20220209,월세,54.31,1000,55,1971.0,아파트,2022
성북구,13800,장위동,22.0,20220209,월세,32.22,7507,20,2017.0,아파트,2022
성북구,12600,보문동4가,3.0,20220209,월세,82.03,50000,35,2011.0,아파트,2022
성북구,13800,장위동,2.0,20220209,월세,47.47,26000,8,2019.0,연립다세대,2022
성북구,10300,돈암동,,20220209,월세,63.92,5000,70,1994.0,단독다가구,2022
성북구,13100,보문동2가,,20220209,월세,59.34,1000,80,1996.0,단독다가구,2022
성북구,13300,정릉동,3.0,20220209,월세,84.92,38000,50,2004.0,아파트,2022
성북구,13300,정릉동,1.0,20220209,월세,36.33,10728,34,2020.0,연립다세대,2022
성북구,13300,정릉동,4.0,20220209,월세,26.15,7480,24,2020.0,연립다세대,2022
성북구,13300,정릉동,4.0,20220209,월세,26.15,9850,12,2020.0,연립다세대,2022
성북구,13300,정릉동,3.0,20220209,월세,22.26,6768,22,2020.0,연립다세대,2022
성북구,13300,정릉동,3.0,20220209,월세,22.26,8918,11,2020.0,연립다세대,2022
성북구,12100,안암동1가,11.0,20220209,월세,59.7,5000,100,2005.0,아파트,2022
성북구,11400,삼선동4가,7.0,20220209,월세,27.6,10000,46,2014.0,오피스텔,2022
성북구,12300,안암동3가,,20220209,월세,44.82,1000,80,1992.0,단독다가구,2022
성북구,11700,동선동2가,,20220209,월세,40.75,500,33,1994.0,단독다가구,2022
성북구,13500,종암동,,20220209,월세,44.98,13000,10,1994.0,단독다가구,2022
성북구,13800,장위동,3.0,20220209,월세,53.49,10000,10,2003.0,연립다세대,2022
성북구,13400,길음동,3.0,20220209,월세,59.87,40000,50,2022.0,아파트,2022
성북구,13400,길음동,18.0,20220209,월세,59.78,30000,90,2022.0,아파트,2022
성북구,13600,하월곡동,20.0,20220209,월세,84.69,12000,100,1996.0,아파트,2022
성북구,13400,길음동,10.0,20220209,월세,53.31,3796,20,2022.0,아파트,2022
성북구,13400,길음동,10.0,20220209,월세,53.31,5913,8,2022.0,아파트,2022
성북구,13400,길음동,2.0,20220209,월세,53.31,3796,20,2022.0,아파트,2022
성북구,13400,길음동,1.0,20220209,월세,43.63,1248,20,2022.0,아파트,2022
성북구,13400,길음동,4.0,20220209,월세,43.63,3120,16,2022.0,아파트,2022
성북구,13400,길음동,10.0,20220209,월세,43.63,4860,6,2022.0,아파트,2022
성북구,13400,길음동,3.0,20220209,월세,43.63,3120,16,2022.0,아파트,2022
성북구,13400,길음동,3.0,20220209,월세,43.63,4860,6,2022.0,아파트,2022
성북구,13400,길음동,11.0,20220209,월세,84.93,3700,185,2019.0,아파트,2022
성북구,13100,보문동2가,,20220209,월세,30.3,500,42,1994.0,단독다가구,2022
성북구,13700,상월곡동,,20220209,월세,23.0,3000,45,2019.0,단독다가구,2022
성북구,11700,동선동2가,,20220209,월세,21.0,1000,53,2018.0,단독다가구,2022
성북구,11600,동선동1가,5.0,20220209,월세,14.08,1000,55,2014.0,연립다세대,2022
성북구,13900,석관동,,20220209,월세,23.1,200,25,1998.0,단독다가구,2022
성북구,13600,하월곡동,,20220209,월세,21.0,1500,10,1993.0,단독다가구,2022
성북구,13300,정릉동,4.0,20220209,월세,45.09,1218,23,2018.0,연립다세대,2022
성북구,11000,동소문동7가,2.0,20220210,월세,59.91,21000,50,2004.0,아파트,2022
성북구,13500,종암동,4.0,20220210,월세,29.23,1000,70,2012.0,연립다세대,2022
성북구,11800,동선동3가,,20220210,월세,16.0,1000,45,2002.0,단독다가구,2022
성북구,13300,정릉동,,20220210,월세,19.8,1000,45,2020.0,단독다가구,2022
성북구,12500,안암동5가,,20220210,월세,19.8,500,48,2000.0,단독다가구,2022
성북구,13600,하월곡동,,20220210,월세,16.52,3000,30,2017.0,단독다가구,2022
성북구,13300,정릉동,,20220210,월세,33.0,1000,80,2017.0,단독다가구,2022
성북구,11700,동선동2가,,20220210,월세,20.0,3000,45,2018.0,단독다가구,2022
성북구,13800,장위동,,20220210,월세,33.0,1000,40,1996.0,단독다가구,2022
성북구,12500,안암동5가,,20220210,월세,16.5,1000,40,1989.0,단독다가구,2022
성북구,11200,삼선동2가,,20220210,월세,34.44,1000,60,2018.0,단독다가구,2022
성북구,12500,안암동5가,,20220210,월세,19.83,300,51,1994.0,단독다가구,2022
성북구,11200,삼선동2가,,20220210,월세,32.0,500,40,1989.0,단독다가구,2022
성북구,13300,정릉동,,20220210,월세,15.0,500,40,2019.0,단독다가구,2022
성북구,13700,상월곡동,,20220210,월세,15.0,500,50,2016.0,단독다가구,2022
성북구,11200,삼선동2가,,20220210,월세,35.96,1000,65,1993.0,단독다가구,2022
성북구,13600,하월곡동,,20220210,월세,40.19,1000,30,1993.0,단독다가구,2022
성북구,12500,안암동5가,,20220210,월세,15.0,500,40,1998.0,단독다가구,2022
성북구,11800,동선동3가,,20220210,월세,20.0,1000,45,2019.0,단독다가구,2022
성북구,11500,삼선동5가,,20220210,월세,16.0,500,30,2001.0,단독다가구,2022
성북구,10300,돈암동,13.0,20220210,월세,59.86,5000,127,2016.0,아파트,2022
성북구,13300,정릉동,,20220210,월세,18.1,500,44,2021.0,단독다가구,2022
성북구,13300,정릉동,,20220210,월세,20.0,1000,45,2020.0,단독다가구,2022
성북구,10900,동소문동6가,,20220210,월세,19.8,1000,55,2018.0,단독다가구,2022
성북구,13800,장위동,,20220210,월세,30.0,500,30,1994.0,단독다가구,2022
성북구,13600,하월곡동,,20220210,월세,30.79,800,35,1991.0,단독다가구,2022
성북구,12500,안암동5가,,20220210,월세,26.4,3000,75,2002.0,단독다가구,2022
성북구,13400,길음동,15.0,20220210,월세,59.37,25000,67,2007.0,아파트,2022
성북구,13600,하월곡동,,20220210,월세,22.12,7500,28,1990.0,단독다가구,2022
성북구,13400,길음동,11.0,20220210,월세,84.97,2000,180,2005.0,아파트,2022
성북구,12100,안암동1가,,20220210,월세,27.0,500,35,1992.0,단독다가구,2022
성북구,13400,길음동,4.0,20220210,월세,59.99,40000,60,2010.0,아파트,2022
성북구,13400,길음동,7.0,20220210,월세,84.64,5000,150,2005.0,아파트,2022
성북구,11000,동소문동7가,,20220210,월세,25.9,2000,50,2016.0,단독다가구,2022
성북구,13300,정릉동,4.0,20220210,월세,52.71,534,48,2019.0,연립다세대,2022
성북구,13400,길음동,5.0,20220210,월세,59.94,1000,105,1998.0,아파트,2022
성북구,13300,정릉동,9.0,20220210,월세,52.89,2000,70,1977.0,아파트,2022
성북구,13100,보문동2가,3.0,20220210,월세,14.08,1000,50,2012.0,연립다세대,2022
성북구,12600,보문동4가,5.0,20220210,월세,23.1,12000,7,1972.0,오피스텔,2022
성북구,12500,안암동5가,3.0,20220210,월세,14.16,1000,40,2011.0,연립다세대,2022
성북구,13300,정릉동,11.0,20220210,월세,59.9,15000,37,1999.0,아파트,2022
성북구,11500,삼선동5가,2.0,20220210,월세,29.65,1534,20,2017.0,연립다세대,2022
성북구,13800,장위동,,20220210,월세,49.39,12000,40,1980.0,단독다가구,2022
성북구,11300,삼선동3가,,20220210,월세,69.36,24000,3,1988.0,단독다가구,2022
성북구,13600,하월곡동,19.0,20220210,월세,59.98,11000,85,2007.0,아파트,2022
성북구,13300,정릉동,2.0,20220210,월세,46.65,15000,60,2000.0,아파트,2022
성북구,11100,삼선동1가,,20220210,월세,66.0,5000,55,,단독다가구,2022
성북구,13900,석관동,,20220210,월세,60.5,1000,55,1978.0,단독다가구,2022
성북구,12500,안암동5가,,20220210,월세,49.58,1000,31,1994.0,단독다가구,2022
성북구,12500,안암동5가,,20220210,월세,49.58,1000,60,1994.0,단독다가구,2022
성북구,13800,장위동,,20220210,월세,59.5,1000,65,1970.0,단독다가구,2022
성북구,11400,삼선동4가,2.0,20220210,월세,18.43,1000,52,2017.0,연립다세대,2022
성북구,13400,길음동,8.0,20220210,월세,43.63,4860,6,2022.0,아파트,2022
성북구,13400,길음동,4.0,20220210,월세,43.63,3120,16,2022.0,아파트,2022
성북구,13400,길음동,7.0,20220210,월세,43.63,1248,20,2022.0,아파트,2022
성북구,13400,길음동,8.0,20220210,월세,43.63,3120,16,2022.0,아파트,2022
성북구,13800,장위동,,20220210,월세,44.28,1000,45,1994.0,단독다가구,2022
성북구,13800,장위동,,20220210,월세,46.39,12000,40,1980.0,단독다가구,2022
성북구,11700,동선동2가,,20220211,월세,25.0,1000,55,1996.0,단독다가구,2022
성북구,13300,정릉동,,20220211,월세,42.0,500,80,1990.0,단독다가구,2022
성북구,11800,동선동3가,,20220211,월세,28.5,1000,47,2001.0,단독다가구,2022
성북구,11800,동선동3가,,20220211,월세,28.5,500,48,2001.0,단독다가구,2022
성북구,13300,정릉동,,20220211,월세,29.92,2000,100,2022.0,단독다가구,2022
성북구,13800,장위동,,20220211,월세,45.36,2000,50,1997.0,단독다가구,2022
성북구,12500,안암동5가,,20220211,월세,21.5,500,50,1990.0,단독다가구,2022
성북구,11100,삼선동1가,,20220211,월세,30.0,1000,45,1996.0,단독다가구,2022
성북구,13900,석관동,2.0,20220211,월세,134.97,50000,50,1998.0,아파트,2022
성북구,13400,길음동,28.0,20220211,월세,59.9,19000,130,2019.0,아파트,2022
성북구,12500,안암동5가,,20220211,월세,23.0,1000,65,2016.0,단독다가구,2022
성북구,12700,보문동5가,,20220211,월세,23.0,2000,50,2020.0,단독다가구,2022
성북구,13600,하월곡동,,20220211,월세,23.0,1000,55,2017.0,단독다가구,2022
성북구,13600,하월곡동,9.0,20220211,월세,84.59,6000,126,2006.0,아파트,2022
성북구,11700,동선동2가,,20220211,월세,18.5,1000,53,2019.0,단독다가구,2022
성북구,13300,정릉동,,20220211,월세,18.0,2000,41,2019.0,단독다가구,2022
성북구,13300,정릉동,,20220211,월세,15.0,1000,45,2018.0,단독다가구,2022
성북구,13300,정릉동,,20220211,월세,15.0,1000,49,2018.0,단독다가구,2022
성북구,11500,삼선동5가,,20220211,월세,19.8,1000,40,2016.0,단독다가구,2022
성북구,13600,하월곡동,,20220211,월세,33.0,1000,70,2013.0,단독다가구,2022
성북구,12500,안암동5가,,20220211,월세,18.0,500,35,1995.0,단독다가구,2022
성북구,11800,동선동3가,,20220211,월세,18.0,500,40,2010.0,단독다가구,2022
성북구,11800,동선동3가,,20220211,월세,38.0,5000,45,1997.0,단독다가구,2022
성북구,13700,상월곡동,,20220211,월세,17.0,3000,35,2018.0,단독다가구,2022
성북구,13300,정릉동,,20220211,월세,35.0,500,35,1989.0,단독다가구,2022
성북구,13500,종암동,,20220211,월세,16.5,500,35,2018.0,단독다가구,2022
성북구,13300,정릉동,,20220211,월세,19.8,500,40,2019.0,단독다가구,2022
성북구,13300,정릉동,,20220211,월세,16.5,1000,48,2019.0,단독다가구,2022
성북구,10300,돈암동,,20220211,월세,40.0,2000,50,1993.0,단독다가구,2022
성북구,13300,정릉동,,20220211,월세,37.21,10000,17,1969.0,단독다가구,2022
성북구,11900,동선동4가,,20220211,월세,20.0,1000,30,2008.0,단독다가구,2022
성북구,13600,하월곡동,,20220211,월세,18.0,1000,50,2019.0,단독다가구,2022
성북구,13700,상월곡동,,20220211,월세,15.0,1000,40,2017.0,단독다가구,2022
성북구,13300,정릉동,,20220211,월세,15.0,1000,50,2017.0,단독다가구,2022
성북구,13300,정릉동,,20220211,월세,15.0,500,42,2018.0,단독다가구,2022
성북구,13300,정릉동,,20220211,월세,38.0,3000,70,1996.0,단독다가구,2022
성북구,12500,안암동5가,,20220211,월세,19.8,1000,75,2021.0,단독다가구,2022
성북구,13200,보문동3가,8.0,20220211,월세,59.65,40000,40,2003.0,아파트,2022
성북구,11900,동선동4가,3.0,20220211,월세,15.3,5000,52,2012.0,연립다세대,2022
성북구,11800,동선동3가,5.0,20220211,월세,35.7,5000,53,2012.0,연립다세대,2022
성북구,12500,안암동5가,5.0,20220211,월세,15.48,1000,55,2016.0,연립다세대,2022
성북구,10300,돈암동,2.0,20220211,월세,84.87,5000,120,1998.0,아파트,2022
성북구,13600,하월곡동,6.0,20220211,월세,84.91,10000,150,2011.0,아파트,2022
성북구,13600,하월곡동,,20220211,월세,14.0,500,40,2017.0,단독다가구,2022
성북구,13300,정릉동,,20220211,월세,12.0,500,40,2017.0,단독다가구,2022
성북구,13800,장위동,,20220211,월세,12.42,500,42,2020.0,단독다가구,2022
성북구,13400,길음동,16.0,20220211,월세,59.37,4000,127,2007.0,아파트,2022
성북구,13400,길음동,12.0,20220211,월세,84.64,25000,77,2005.0,아파트,2022
성북구,13400,길음동,9.0,20220211,월세,84.96,10000,160,2003.0,아파트,2022
성북구,13300,정릉동,3.0,20220211,월세,52.79,2000,100,2012.0,연립다세대,2022
성북구,13800,장위동,9.0,20220211,월세,32.22,6279,23,2017.0,아파트,2022
성북구,10800,동소문동5가,18.0,20220211,월세,14.09,1000,70,2018.0,아파트,2022
성북구,13400,길음동,23.0,20220211,월세,59.87,30000,100,2022.0,아파트,2022
성북구,13400,길음동,21.0,20220211,월세,59.88,7000,190,2022.0,아파트,2022
성북구,10800,동소문동5가,10.0,20220211,월세,16.67,3000,80,2017.0,아파트,2022
성북구,13300,정릉동,1.0,20220211,월세,104.65,10500,84,2004.0,아파트,2022
성북구,13800,장위동,7.0,20220211,월세,84.68,30000,100,2005.0,아파트,2022
성북구,11900,동선동4가,6.0,20220211,월세,12.11,1000,55,2014.0,연립다세대,2022
성북구,10100,성북동,,20220211,월세,70.49,5000,40,1995.0,단독다가구,2022
성북구,12000,동선동5가,,20220211,월세,50.0,500,30,1989.0,단독다가구,2022
성북구,13800,장위동,,20220211,월세,75.07,9450,10,1976.0,단독다가구,2022
성북구,13300,정릉동,,20220211,월세,59.91,10000,30,1994.0,단독다가구,2022
성북구,13900,석관동,,20220211,월세,49.86,10000,40,1994.0,단독다가구,2022
성북구,13900,석관동,,20220211,월세,49.84,1000,50,1997.0,단독다가구,2022
성북구,12500,안암동5가,,20220212,월세,49.88,2000,95,1993.0,단독다가구,2022
성북구,13800,장위동,,20220212,월세,74.0,500,53,2001.0,단독다가구,2022
성북구,13300,정릉동,,20220212,월세,12.0,500,45,2018.0,단독다가구,2022
성북구,13300,정릉동,,20220212,월세,13.0,1000,45,2020.0,단독다가구,2022
성북구,13300,정릉동,,20220212,월세,13.0,100,50,2019.0,단독다가구,2022
성북구,11500,삼선동5가,,20220212,월세,47.56,1000,70,1997.0,단독다가구,2022
성북구,13400,길음동,,20220212,월세,52.89,3000,55,1991.0,단독다가구,2022
성북구,13800,장위동,,20220212,월세,55.5,1000,35,1973.0,단독다가구,2022
성북구,11300,삼선동3가,,20220212,월세,60.0,100,40,1997.0,단독다가구,2022
성북구,13300,정릉동,1.0,20220212,월세,84.92,20000,70,1999.0,아파트,2022
성북구,13900,석관동,,20220212,월세,63.36,4000,50,1992.0,단독다가구,2022
성북구,11100,삼선동1가,1.0,20220212,월세,49.29,1000,30,2011.0,연립다세대,2022
성북구,12700,보문동5가,,20220212,월세,48.68,1000,65,1993.0,단독다가구,2022
성북구,13500,종암동,,20220212,월세,49.76,3000,55,1991.0,단독다가구,2022
성북구,13400,길음동,23.0,20220212,월세,59.9,30000,90,2019.0,아파트,2022
성북구,13400,길음동,5.0,20220212,월세,59.97,30000,75,2019.0,아파트,2022
성북구,10300,돈암동,7.0,20220212,월세,59.92,20000,90,2007.0,아파트,2022
성북구,13500,종암동,11.0,20220212,월세,84.99,10000,170,2011.0,아파트,2022
성북구,13600,하월곡동,,20220212,월세,27.0,500,50,2006.0,단독다가구,2022
성북구,10300,돈암동,18.0,20220212,월세,84.59,20000,95,1999.0,아파트,2022
성북구,13500,종암동,1.0,20220212,월세,84.99,13000,130,2011.0,아파트,2022
성북구,13300,정릉동,,20220212,월세,17.0,1500,29,2021.0,단독다가구,2022
성북구,13300,정릉동,,20220212,월세,15.0,1000,46,2021.0,단독다가구,2022
성북구,12000,동선동5가,,20220212,월세,23.5,1000,50,1995.0,단독다가구,2022
성북구,12500,안암동5가,,20220212,월세,26.44,500,50,1994.0,단독다가구,2022
성북구,13900,석관동,,20220212,월세,25.2,1000,40,2010.0,단독다가구,2022
성북구,11500,삼선동5가,,20220212,월세,18.0,500,40,2009.0,단독다가구,2022
성북구,13300,정릉동,,20220212,월세,20.0,500,40,1993.0,단독다가구,2022
성북구,11700,동선동2가,,20220212,월세,23.14,500,32,1992.0,단독다가구,2022
성북구,13600,하월곡동,,20220212,월세,18.0,1000,40,2011.0,단독다가구,2022
성북구,13500,종암동,,20220212,월세,19.8,2000,40,2019.0,단독다가구,2022
성북구,13300,정릉동,,20220212,월세,16.0,500,38,2017.0,단독다가구,2022
성북구,13600,하월곡동,,20220212,월세,18.0,1000,45,2019.0,단독다가구,2022
성북구,13900,석관동,,20220212,월세,31.3,1000,40,1993.0,단독다가구,2022
성북구,13700,상월곡동,,20220212,월세,16.0,3000,35,2018.0,단독다가구,2022
성북구,13600,하월곡동,,20220212,월세,16.5,500,50,2017.0,단독다가구,2022
성북구,13300,정릉동,,20220212,월세,15.0,1000,45,2018.0,단독다가구,2022
성북구,12500,안암동5가,,20220212,월세,21.5,500,38,1997.0,단독다가구,2022
성북구,12100,안암동1가,,20220212,월세,16.0,1000,48,2019.0,단독다가구,2022
성북구,12100,안암동1가,,20220212,월세,23.0,500,40,1994.0,단독다가구,2022
성북구,12200,안암동2가,,20220212,월세,23.0,500,40,1995.0,단독다가구,2022
성북구,13500,종암동,2.0,20220212,월세,29.23,1000,70,2012.0,연립다세대,2022
성북구,13600,하월곡동,,20220212,월세,25.56,1000,70,2022.0,단독다가구,2022
성북구,13300,정릉동,,20220212,월세,29.81,2000,100,2022.0,단독다가구,2022
성북구,13300,정릉동,,20220212,월세,15.0,1000,50,2017.0,단독다가구,2022
성북구,13700,상월곡동,,20220212,월세,18.0,2000,40,2013.0,단독다가구,2022
성북구,12500,안암동5가,,20220212,월세,19.0,300,35,2001.0,단독다가구,2022
성북구,13300,정릉동,,20220212,월세,15.0,500,35,2018.0,단독다가구,2022
성북구,13600,하월곡동,,20220212,월세,16.5,1000,45,2012.0,단독다가구,2022
성북구,13100,보문동2가,,20220212,월세,19.8,1000,50,1996.0,단독다가구,2022
성북구,13300,정릉동,,20220212,월세,18.1,500,40,2018.0,단독다가구,2022
성북구,12500,안암동5가,,20220212,월세,19.8,1000,45,2004.0,단독다가구,2022
성북구,13300,정릉동,,20220212,월세,18.0,1000,45,2018.0,단독다가구,2022
성북구,10900,동소문동6가,5.0,20220212,월세,29.21,1000,60,2003.0,오피스텔,2022
성북구,11400,삼선동4가,3.0,20220212,월세,30.56,5000,75,2017.0,연립다세대,2022
성북구,13900,석관동,6.0,20220212,월세,25.45,4000,27,2005.0,오피스텔,2022
성북구,13500,종암동,12.0,20220212,월세,59.86,3000,90,1999.0,아파트,2022
성북구,13100,보문동2가,3.0,20220212,월세,17.55,2000,49,2018.0,오피스텔,2022
성북구,13500,종암동,21.0,20220212,월세,114.75,50000,75,1999.0,아파트,2022
성북구,13100,보문동2가,3.0,20220212,월세,18.51,5000,45,2014.0,연립다세대,2022
성북구,13300,정릉동,1.0,20220212,월세,57.25,11000,4,1979.0,연립다세대,2022
성북구,13400,길음동,3.0,20220212,월세,84.77,300,60,2022.0,아파트,2022
성북구,13400,길음동,2.0,20220212,월세,59.87,40000,50,2022.0,아파트,2022
성북구,13400,길음동,28.0,20220212,월세,59.78,10000,190,2022.0,아파트,2022
성북구,13400,길음동,5.0,20220212,월세,43.63,3120,16,2022.0,아파트,2022
성북구,13300,정릉동,16.0,20220212,월세,84.96,10000,105,2000.0,아파트,2022
성북구,13300,정릉동,17.0,20220212,월세,84.09,4000,110,2005.0,아파트,2022
성북구,10300,돈암동,9.0,20220212,월세,59.99,26000,45,2004.0,아파트,2022
성북구,13500,종암동,7.0,20220212,월세,59.67,14000,48,2000.0,아파트,2022
성북구,13400,길음동,8.0,20220212,월세,59.99,20000,70,2003.0,아파트,2022
성북구,13800,장위동,4.0,20220212,월세,59.99,30000,50,2008.0,아파트,2022
성북구,13400,길음동,7.0,20220212,월세,59.75,38000,20,2006.0,아파트,2022
성북구,13400,길음동,15.0,20220212,월세,59.75,3000,150,2006.0,아파트,2022
성북구,13400,길음동,13.0,20220212,월세,84.99,5000,150,2010.0,아파트,2022
성북구,13300,정릉동,2.0,20220212,월세,52.02,3400,50,1995.0,연립다세대,2022
성북구,13300,정릉동,2.0,20220212,월세,13.5,1000,37,2008.0,연립다세대,2022
성북구,13100,보문동2가,3.0,20220212,월세,27.72,2000,60,2002.0,연립다세대,2022
성북구,10700,동소문동4가,6.0,20220212,월세,58.59,5000,90,1998.0,아파트,2022
성북구,12800,보문동6가,10.0,20220212,월세,59.81,20000,120,2017.0,아파트,2022
성북구,12200,안암동2가,,20220213,월세,46.0,2000,75,2008.0,단독다가구,2022
성북구,13400,길음동,12.0,20220213,월세,59.69,30000,90,2019.0,아파트,2022
성북구,13300,정릉동,,20220213,월세,12.0,1000,45,2021.0,단독다가구,2022
성북구,13300,정릉동,,20220213,월세,50.0,6500,10,1967.0,단독다가구,2022
성북구,13300,정릉동,,20220213,월세,15.0,1000,45,2017.0,단독다가구,2022
성북구,12200,안암동2가,,20220213,월세,38.5,3000,65,1990.0,단독다가구,2022
성북구,13600,하월곡동,,20220213,월세,16.52,500,40,1993.0,단독다가구,2022
성북구,13300,정릉동,,20220213,월세,15.0,1000,40,2021.0,단독다가구,2022
성북구,13600,하월곡동,,20220213,월세,39.2,1000,50,2002.0,단독다가구,2022
성북구,13300,정릉동,,20220213,월세,16.0,1000,40,2011.0,단독다가구,2022
성북구,12100,안암동1가,,20220213,월세,40.0,1000,70,1991.0,단독다가구,2022
성북구,12100,안암동1가,,20220213,월세,33.0,500,43,1994.0,단독다가구,2022
성북구,13600,하월곡동,,20220213,월세,16.52,400,20,2001.0,단독다가구,2022
성북구,13300,정릉동,,20220213,월세,18.0,30,39,,단독다가구,2022
성북구,13300,정릉동,,20220213,월세,18.0,1000,45,2000.0,단독다가구,2022
성북구,13500,종암동,1.0,20220213,월세,18.9,500,50,2013.0,연립다세대,2022
성북구,13600,하월곡동,3.0,20220213,월세,32.33,1000,85,2019.0,연립다세대,2022
성북구,13300,정릉동,8.0,20220214,월세,43.11,3000,57,2001.0,아파트,2022
성북구,12900,보문동7가,,20220214,월세,13.0,2000,58,1993.0,단독다가구,2022
성북구,13400,길음동,12.0,20220214,월세,84.97,5000,150,2005.0,아파트,2022
성북구,12300,안암동3가,,20220214,월세,39.0,500,45,1995.0,단독다가구,2022
성북구,13300,정릉동,,20220214,월세,32.5,1000,45,1993.0,단독다가구,2022
성북구,12500,안암동5가,,20220214,월세,39.66,2000,75,1994.0,단독다가구,2022
성북구,13900,석관동,6.0,20220214,월세,33.15,12000,10,2003.0,오피스텔,2022
성북구,13400,길음동,7.0,20220214,월세,59.87,35000,50,2022.0,아파트,2022
성북구,12600,보문동4가,2.0,20220214,월세,21.78,1000,50,1972.0,오피스텔,2022
성북구,12800,보문동6가,20.0,20220214,월세,84.96,65000,40,2017.0,아파트,2022
성북구,13600,하월곡동,13.0,20220214,월세,15.62,1000,50,2013.0,아파트,2022
성북구,13400,길음동,7.0,20220214,월세,43.63,1248,20,2022.0,아파트,2022
성북구,12600,보문동4가,6.0,20220214,월세,82.03,10000,125,2011.0,아파트,2022
성북구,13600,하월곡동,11.0,20220214,월세,15.52,4000,30,2013.0,아파트,2022
성북구,11200,삼선동2가,6.0,20220214,월세,56.83,35000,20,2009.0,아파트,2022
성북구,13400,길음동,28.0,20220214,월세,84.98,20000,170,2022.0,아파트,2022
성북구,10300,돈암동,8.0,20220214,월세,84.92,10000,125,1998.0,아파트,2022
성북구,13400,길음동,33.0,20220214,월세,84.98,55000,80,2022.0,아파트,2022
성북구,13400,길음동,12.0,20220214,월세,59.97,10000,160,2019.0,아파트,2022
성북구,13900,석관동,4.0,20220214,월세,12.95,500,45,2013.0,연립다세대,2022
성북구,13800,장위동,5.0,20220214,월세,84.97,20000,120,2021.0,아파트,2022
성북구,13900,석관동,,20220214,월세,46.2,1500,35,1995.0,단독다가구,2022
성북구,10300,돈암동,1.0,20220214,월세,113.67,50000,50,1998.0,아파트,2022
성북구,13400,길음동,12.0,20220214,월세,59.97,20000,130,2019.0,아파트,2022
성북구,13800,장위동,1.0,20220214,월세,46.76,1000,50,1993.0,연립다세대,2022
성북구,13800,장위동,1.0,20220214,월세,31.05,500,35,1991.0,연립다세대,2022
성북구,13900,석관동,,20220214,월세,53.02,1500,60,1993.0,단독다가구,2022
성북구,13800,장위동,,20220214,월세,82.29,4000,80,1989.0,단독다가구,2022
성북구,13900,석관동,,20220214,월세,60.9,13000,30,1991.0,단독다가구,2022
성북구,12300,안암동3가,,20220214,월세,18.0,4000,50,2016.0,단독다가구,2022
성북구,11800,동선동3가,,20220214,월세,19.8,1000,50,2001.0,단독다가구,2022
성북구,13500,종암동,,20220214,월세,16.5,500,45,2016.0,단독다가구,2022
성북구,13500,종암동,,20220214,월세,25.0,5000,29,2002.0,단독다가구,2022
성북구,11500,삼선동5가,,20220214,월세,15.0,1000,40,2010.0,단독다가구,2022
성북구,13300,정릉동,,20220214,월세,18.22,500,50,2019.0,단독다가구,2022
성북구,11700,동선동2가,,20220214,월세,28.0,1000,45,2005.0,단독다가구,2022
성북구,13300,정릉동,,20220214,월세,15.0,1000,50,2017.0,단독다가구,2022
성북구,11200,삼선동2가,,20220214,월세,23.1,500,48,1992.0,단독다가구,2022
성북구,11200,삼선동2가,,20220214,월세,23.1,500,40,1992.0,단독다가구,2022
성북구,13100,보문동2가,,20220214,월세,28.5,1000,40,,단독다가구,2022
성북구,13900,석관동,,20220214,월세,16.55,4000,5,1990.0,단독다가구,2022
성북구,13500,종암동,,20220214,월세,20.0,1000,50,2018.0,단독다가구,2022
성북구,12700,보문동5가,,20220214,월세,20.0,2000,35,1993.0,단독다가구,2022
성북구,13900,석관동,,20220214,월세,30.0,1000,35,1993.0,단독다가구,2022
성북구,13300,정릉동,,20220214,월세,15.18,500,45,2019.0,단독다가구,2022
성북구,13300,정릉동,,20220214,월세,15.0,1000,45,2018.0,단독다가구,2022
성북구,12500,안암동5가,,20220214,월세,18.0,500,45,2000.0,단독다가구,2022
성북구,13300,정릉동,,20220214,월세,15.0,500,40,2018.0,단독다가구,2022
성북구,11600,동선동1가,,20220214,월세,18.0,1000,48,2010.0,단독다가구,2022
성북구,13300,정릉동,,20220214,월세,22.0,3000,50,2000.0,단독다가구,2022
성북구,13600,하월곡동,,20220214,월세,22.0,500,30,1992.0,단독다가구,2022
성북구,12500,안암동5가,,20220214,월세,24.8,1000,45,1995.0,단독다가구,2022
성북구,11800,동선동3가,,20220214,월세,24.0,500,20,1991.0,단독다가구,2022
성북구,11400,삼선동4가,,20220214,월세,21.49,1000,40,2010.0,단독다가구,2022
성북구,13500,종암동,4.0,20220214,월세,28.25,1000,65,2016.0,연립다세대,2022
성북구,13600,하월곡동,15.0,20220214,월세,84.88,40000,38,2007.0,아파트,2022
성북구,13300,정릉동,4.0,20220214,월세,114.56,35000,50,2006.0,아파트,2022
성북구,13200,보문동3가,15.0,20220214,월세,84.77,30000,120,2013.0,아파트,2022
성북구,13100,보문동2가,4.0,20220214,월세,23.18,1000,50,2002.0,오피스텔,2022
성북구,13500,종암동,2.0,20220215,월세,29.46,5000,60,2018.0,연립다세대,2022
성북구,13600,하월곡동,17.0,20220215,월세,15.54,500,55,2013.0,아파트,2022
성북구,13000,보문동1가,15.0,20220215,월세,59.79,45000,70,2022.0,아파트,2022
성북구,11500,삼선동5가,6.0,20220215,월세,30.81,1000,60,2003.0,오피스텔,2022
성북구,12800,보문동6가,,20220215,월세,33.0,1000,60,1989.0,단독다가구,2022
성북구,13700,상월곡동,,20220215,월세,33.0,500,35,1991.0,단독다가구,2022
성북구,13800,장위동,,20220215,월세,33.28,200,30,1990.0,단독다가구,2022
성북구,11500,삼선동5가,,20220215,월세,32.0,5000,40,1990.0,단독다가구,2022
성북구,12000,동선동5가,,20220215,월세,33.02,1000,60,2002.0,단독다가구,2022
성북구,12500,안암동5가,,20220215,월세,12.0,500,50,1957.0,단독다가구,2022
성북구,12900,보문동7가,,20220215,월세,13.0,2000,58,1993.0,단독다가구,2022
성북구,13900,석관동,,20220215,월세,13.2,500,25,2011.0,단독다가구,2022
성북구,12200,안암동2가,,20220215,월세,34.6,5000,22,1997.0,단독다가구,2022
성북구,12300,안암동3가,1.0,20220215,월세,43.17,1000,40,1971.0,아파트,2022
성북구,13800,장위동,8.0,20220215,월세,40.24,8521,31,2017.0,아파트,2022
성북구,13800,장위동,19.0,20220215,월세,32.22,7507,20,2017.0,아파트,2022
성북구,13400,길음동,3.0,20220215,월세,43.63,1248,20,2022.0,아파트,2022
성북구,13400,길음동,10.0,20220215,월세,43.63,3120,16,2022.0,아파트,2022
성북구,13400,길음동,3.0,20220215,월세,43.63,3120,16,2022.0,아파트,2022
성북구,13400,길음동,9.0,20220215,월세,59.97,40000,30,2005.0,아파트,2022
성북구,12900,보문동7가,,20220215,월세,43.65,10000,53,2018.0,단독다가구,2022
성북구,11500,삼선동5가,,20220215,월세,45.5,1000,55,1994.0,단독다가구,2022
성북구,13600,하월곡동,,20220215,월세,46.64,1000,45,1986.0,단독다가구,2022
성북구,10300,돈암동,16.0,20220215,월세,68.13,20000,90,1998.0,아파트,2022
성북구,13600,하월곡동,3.0,20220215,월세,26.2,12000,10,2018.0,연립다세대,2022
성북구,13700,상월곡동,7.0,20220215,월세,114.66,37700,5,2003.0,아파트,2022
성북구,12900,보문동7가,2.0,20220215,월세,13.92,1000,47,2012.0,연립다세대,2022
성북구,13900,석관동,,20220215,월세,92.43,10000,70,1975.0,단독다가구,2022
성북구,13800,장위동,13.0,20220215,월세,18.39,7700,11,2020.0,아파트,2022
성북구,13100,보문동2가,,20220215,월세,49.94,2000,70,1997.0,단독다가구,2022
성북구,13700,상월곡동,3.0,20220215,월세,13.64,300,40,2012.0,연립다세대,2022
성북구,10100,성북동,,20220215,월세,50.0,5000,95,1998.0,단독다가구,2022
성북구,10900,동소문동6가,,20220215,월세,54.8,4000,55,1994.0,단독다가구,2022
성북구,13800,장위동,8.0,20220215,월세,59.98,10000,70,2001.0,아파트,2022
성북구,13600,하월곡동,,20220215,월세,49.73,1000,50,1992.0,단독다가구,2022
성북구,11200,삼선동2가,,20220215,월세,67.8,25000,36,1997.0,단독다가구,2022
성북구,13500,종암동,,20220215,월세,49.0,1000,45,1987.0,단독다가구,2022
성북구,13900,석관동,,20220215,월세,57.61,2000,60,1994.0,단독다가구,2022
성북구,12500,안암동5가,,20220215,월세,18.0,500,50,2000.0,단독다가구,2022
성북구,11600,동선동1가,,20220215,월세,16.52,200,40,1977.0,단독다가구,2022
성북구,13300,정릉동,,20220215,월세,15.0,500,40,2004.0,단독다가구,2022
성북구,12300,안암동3가,,20220215,월세,15.0,500,40,2020.0,단독다가구,2022
성북구,13800,장위동,4.0,20220215,월세,21.44,2000,40,2002.0,연립다세대,2022
성북구,13600,하월곡동,,20220215,월세,16.0,2000,30,2016.0,단독다가구,2022
성북구,11900,동선동4가,,20220215,월세,20.0,1000,40,2008.0,단독다가구,2022
성북구,13300,정릉동,,20220215,월세,17.0,500,40,1990.0,단독다가구,2022
성북구,11700,동선동2가,,20220215,월세,25.0,1000,60,1992.0,단독다가구,2022
성북구,13600,하월곡동,,20220215,월세,16.0,1000,45,2017.0,단독다가구,2022
성북구,12500,안암동5가,,20220215,월세,18.0,300,40,1994.0,단독다가구,2022
성북구,13900,석관동,,20220215,월세,18.02,500,40,2011.0,단독다가구,2022
성북구,12200,안암동2가,,20220215,월세,18.0,2000,60,2021.0,단독다가구,2022
성북구,13300,정릉동,,20220215,월세,19.8,500,45,2017.0,단독다가구,2022
성북구,12500,안암동5가,,20220216,월세,23.11,500,45,1996.0,단독다가구,2022
성북구,12100,안암동1가,,20220216,월세,30.0,1000,55,1990.0,단독다가구,2022
성북구,11100,삼선동1가,,20220216,월세,21.0,500,40,1983.0,단독다가구,2022
성북구,13500,종암동,,20220216,월세,21.0,500,43,2018.0,단독다가구,2022
성북구,13600,하월곡동,,20220216,월세,24.75,1000,35,1995.0,단독다가구,2022
성북구,13500,종암동,,20220216,월세,21.45,4000,27,2004.0,단독다가구,2022
성북구,12500,안암동5가,,20220216,월세,16.0,500,30,1992.0,단독다가구,2022
성북구,11800,동선동3가,,20220216,월세,20.0,1000,50,1973.0,단독다가구,2022
성북구,11600,동선동1가,,20220216,월세,16.0,500,50,1995.0,단독다가구,2022
성북구,13100,보문동2가,,20220216,월세,19.8,1000,50,1996.0,단독다가구,2022
성북구,12500,안암동5가,,20220216,월세,16.5,300,40,1987.0,단독다가구,2022
성북구,11900,동선동4가,,20220216,월세,39.63,8000,45,1993.0,단독다가구,2022
성북구,12500,안암동5가,,20220216,월세,19.8,1000,50,2019.0,단독다가구,2022
성북구,13500,종암동,,20220216,월세,20.0,100,20,1993.0,단독다가구,2022
성북구,11100,삼선동1가,,20220216,월세,20.0,500,40,,단독다가구,2022
성북구,13700,상월곡동,,20220216,월세,40.0,1000,40,1993.0,단독다가구,2022
성북구,12100,안암동1가,,20220216,월세,15.0,1000,40,2012.0,단독다가구,2022
성북구,13500,종암동,,20220216,월세,31.57,1000,60,1964.0,단독다가구,2022
성북구,11600,동선동1가,,20220216,월세,20.0,1000,43,2011.0,단독다가구,2022
성북구,13900,석관동,,20220216,월세,20.0,1000,48,2018.0,단독다가구,2022
성북구,13600,하월곡동,,20220216,월세,16.0,500,40,2011.0,단독다가구,2022
성북구,13300,정릉동,2.0,20220216,월세,23.59,100,12,2014.0,연립다세대,2022
성북구,12500,안암동5가,,20220216,월세,14.9,1000,55,2021.0,단독다가구,2022
성북구,13300,정릉동,18.0,20220216,월세,84.09,10000,120,2005.0,아파트,2022
성북구,13300,정릉동,16.0,20220216,월세,84.56,10000,180,2015.0,아파트,2022
성북구,11200,삼선동2가,,20220216,월세,43.66,1500,65,1991.0,단독다가구,2022
성북구,13400,길음동,6.0,20220216,월세,59.78,45000,50,2022.0,아파트,2022
성북구,13400,길음동,19.0,20220216,월세,59.87,25000,80,2022.0,아파트,2022
성북구,13800,장위동,7.0,20220216,월세,40.24,8521,31,2017.0,아파트,2022
성북구,13800,장위동,7.0,20220216,월세,40.24,6816,35,2017.0,아파트,2022
성북구,13400,길음동,7.0,20220216,월세,43.63,3120,16,2022.0,아파트,2022
성북구,13300,정릉동,1.0,20220216,월세,12.71,500,40,2013.0,연립다세대,2022
성북구,11400,삼선동4가,6.0,20220216,월세,28.11,12500,21,2014.0,오피스텔,2022
성북구,13600,하월곡동,17.0,20220216,월세,126.6,10000,270,2011.0,아파트,2022
성북구,13500,종암동,,20220216,월세,82.48,19000,10,1997.0,단독다가구,2022
성북구,13300,정릉동,,20220216,월세,49.0,500,55,1993.0,단독다가구,2022
성북구,10800,동소문동5가,8.0,20220216,월세,14.09,18900,3,2018.0,아파트,2022
성북구,13900,석관동,,20220216,월세,50.64,5000,55,1998.0,단독다가구,2022
성북구,10800,동소문동5가,10.0,20220216,월세,15.94,21000,3,2018.0,아파트,2022
성북구,13900,석관동,,20220217,월세,33.69,11000,15,1971.0,단독다가구,2022
성북구,10100,성북동,,20220217,월세,22.0,6000,20,1957.0,단독다가구,2022
성북구,13800,장위동,,20220217,월세,39.3,500,40,1994.0,단독다가구,2022
성북구,13100,보문동2가,,20220217,월세,25.0,300,40,1993.0,단독다가구,2022
성북구,13300,정릉동,,20220217,월세,22.0,1000,35,2009.0,단독다가구,2022
성북구,11500,삼선동5가,,20220217,월세,33.02,1000,60,1993.0,단독다가구,2022
성북구,13500,종암동,,20220217,월세,36.0,500,40,1991.0,단독다가구,2022
성북구,13300,정릉동,,20220217,월세,24.0,100,35,1997.0,단독다가구,2022
성북구,13300,정릉동,,20220217,월세,15.5,500,40,2009.0,단독다가구,2022
성북구,12100,안암동1가,,20220217,월세,19.8,500,40,1993.0,단독다가구,2022
성북구,13800,장위동,6.0,20220217,월세,33.02,300,40,2016.0,연립다세대,2022
성북구,13100,보문동2가,,20220217,월세,16.0,3000,40,2010.0,단독다가구,2022
성북구,13400,길음동,,20220217,월세,30.0,1000,33,1988.0,단독다가구,2022
성북구,13300,정릉동,,20220217,월세,19.8,500,40,1991.0,단독다가구,2022
성북구,12500,안암동5가,,20220217,월세,17.0,3000,50,2002.0,단독다가구,2022
성북구,11600,동선동1가,,20220217,월세,18.0,1000,45,2010.0,단독다가구,2022
성북구,13600,하월곡동,,20220217,월세,15.0,1000,35,2019.0,단독다가구,2022
성북구,12500,안암동5가,,20220217,월세,17.0,300,38,1998.0,단독다가구,2022
성북구,13300,정릉동,,20220217,월세,15.0,1000,47,2021.0,단독다가구,2022
성북구,12300,안암동3가,,20220217,월세,15.0,2000,35,,단독다가구,2022
성북구,13300,정릉동,,20220217,월세,20.0,0,10,2007.0,단독다가구,2022
성북구,13300,정릉동,,20220217,월세,15.0,500,45,1965.0,단독다가구,2022
성북구,13500,종암동,5.0,20220217,월세,59.99,3000,130,2004.0,아파트,2022
성북구,13300,정릉동,2.0,20220217,월세,59.88,35000,15,2005.0,아파트,2022
성북구,13300,정릉동,6.0,20220217,월세,59.98,3501,55,2008.0,아파트,2022
성북구,10200,성북동1가,,20220217,월세,20.0,1000,40,1992.0,단독다가구,2022
성북구,13600,하월곡동,3.0,20220217,월세,84.88,42500,30,2007.0,아파트,2022
성북구,13600,하월곡동,7.0,20220217,월세,18.02,1000,60,2020.0,오피스텔,2022
성북구,13800,장위동,,20220217,월세,45.56,1000,40,2001.0,단독다가구,2022
성북구,10700,동소문동4가,5.0,20220217,월세,60.27,1000,40,2001.0,연립다세대,2022
성북구,12400,안암동4가,,20220217,월세,45.06,1000,50,1992.0,단독다가구,2022
성북구,13500,종암동,,20220217,월세,111.52,500,30,1991.0,단독다가구,2022
성북구,13300,정릉동,,20220217,월세,49.15,3000,40,1958.0,단독다가구,2022
성북구,12700,보문동5가,,20220217,월세,49.58,3000,50,1991.0,단독다가구,2022
성북구,12700,보문동5가,,20220217,월세,49.98,3000,50,1991.0,단독다가구,2022
성북구,13900,석관동,,20220217,월세,48.35,12000,15,1991.0,단독다가구,2022
성북구,13600,하월곡동,5.0,20220217,월세,32.15,1000,85,2019.0,연립다세대,2022
성북구,13400,길음동,29.0,20220217,월세,84.77,10000,240,2022.0,아파트,2022
성북구,13800,장위동,18.0,20220217,월세,32.22,5364,27,2017.0,아파트,2022
성북구,13600,하월곡동,13.0,20220217,월세,59.65,8000,85,2010.0,아파트,2022
성북구,13400,길음동,32.0,20220217,월세,59.99,20000,140,2019.0,아파트,2022
성북구,13900,석관동,18.0,20220217,월세,44.19,3143,20,2019.0,아파트,2022
성북구,13400,길음동,9.0,20220217,월세,49.18,4030,6,2019.0,아파트,2022
성북구,13900,석관동,18.0,20220217,월세,84.9,5000,150,1998.0,아파트,2022
성북구,13400,길음동,13.0,20220217,월세,33.46,2448,6,2019.0,아파트,2022
성북구,13300,정릉동,1.0,20220217,월세,82.02,9500,20,1983.0,연립다세대,2022
성북구,13500,종암동,2.0,20220217,월세,26.89,1000,70,2012.0,연립다세대,2022
성북구,13900,석관동,,20220218,월세,46.32,10000,30,1991.0,단독다가구,2022
성북구,10100,성북동,4.0,20220218,월세,48.22,25000,20,2002.0,연립다세대,2022
성북구,12800,보문동6가,,20220218,월세,41.1,500,45,1994.0,단독다가구,2022
성북구,13100,보문동2가,,20220218,월세,42.97,6000,60,,단독다가구,2022
성북구,12000,동선동5가,,20220218,월세,33.0,2000,65,1990.0,단독다가구,2022
성북구,10300,돈암동,13.0,20220218,월세,59.58,3000,90,1998.0,아파트,2022
성북구,13900,석관동,,20220218,월세,34.36,1000,40,1993.0,단독다가구,2022
성북구,11500,삼선동5가,,20220218,월세,36.37,5000,70,1993.0,단독다가구,2022
성북구,13900,석관동,,20220218,월세,35.0,250,32,1994.0,단독다가구,2022
성북구,11400,삼선동4가,12.0,20220218,월세,59.94,11000,120,1999.0,아파트,2022
성북구,10100,성북동,,20220218,월세,13.92,500,25,1997.0,단독다가구,2022
성북구,13700,상월곡동,,20220218,월세,14.0,1000,45,2019.0,단독다가구,2022
성북구,13300,정릉동,,20220218,월세,12.0,500,45,2018.0,단독다가구,2022
성북구,11800,동선동3가,,20220218,월세,29.4,1000,58,1973.0,단독다가구,2022
성북구,13600,하월곡동,,20220218,월세,18.0,2000,55,2019.0,단독다가구,2022
성북구,13300,정릉동,,20220218,월세,15.0,1000,50,2017.0,단독다가구,2022
성북구,13000,보문동1가,,20220218,월세,30.0,6000,5,1994.0,단독다가구,2022
성북구,13300,정릉동,,20220218,월세,20.0,1000,40,2000.0,단독다가구,2022
성북구,13300,정릉동,,20220218,월세,15.0,500,45,1965.0,단독다가구,2022
성북구,13300,정릉동,,20220218,월세,15.0,1000,45,2019.0,단독다가구,2022
성북구,11500,삼선동5가,,20220218,월세,18.0,500,40,2009.0,단독다가구,2022
성북구,13300,정릉동,,20220218,월세,16.5,500,48,2018.0,단독다가구,2022
성북구,13700,상월곡동,,20220218,월세,18.0,1000,50,2012.0,단독다가구,2022
성북구,13600,하월곡동,,20220218,월세,18.0,1000,50,2019.0,단독다가구,2022
성북구,13600,하월곡동,,20220218,월세,16.5,500,38,1977.0,단독다가구,2022
성북구,13600,하월곡동,,20220218,월세,17.0,1000,60,2022.0,단독다가구,2022
성북구,13300,정릉동,,20220218,월세,17.16,500,45,2017.0,단독다가구,2022
성북구,13300,정릉동,,20220218,월세,16.0,1000,45,2017.0,단독다가구,2022
성북구,13600,하월곡동,,20220218,월세,20.0,5000,40,2019.0,단독다가구,2022
성북구,13300,정릉동,,20220218,월세,15.0,2000,37,2018.0,단독다가구,2022
성북구,13400,길음동,13.0,20220218,월세,59.97,13000,150,2019.0,아파트,2022
성북구,13900,석관동,19.0,20220218,월세,59.97,35000,6,1998.0,아파트,2022
성북구,13800,장위동,,20220218,월세,68.99,1600,60,1986.0,단독다가구,2022
성북구,10900,동소문동6가,8.0,20220218,월세,14.18,18600,5,2012.0,아파트,2022
성북구,13600,하월곡동,14.0,20220218,월세,84.84,38000,20,2003.0,아파트,2022
성북구,12500,안암동5가,2.0,20220218,월세,53.6,10000,54,1997.0,연립다세대,2022
성북구,13400,길음동,5.0,20220218,월세,84.84,30200,10,2003.0,아파트,2022
성북구,13400,길음동,9.0,20220218,월세,59.75,5000,140,2006.0,아파트,2022
성북구,13400,길음동,9.0,20220218,월세,84.95,30000,88,2010.0,아파트,2022
성북구,11700,동선동2가,,20220218,월세,99.08,4000,40,2018.0,단독다가구,2022
성북구,13400,길음동,9.0,20220218,월세,43.63,3120,16,2022.0,아파트,2022
성북구,13400,길음동,17.0,20220218,월세,59.87,10000,180,2022.0,아파트,2022
성북구,11300,삼선동3가,2.0,20220219,월세,45.21,8500,22,2002.0,연립다세대,2022
성북구,13400,길음동,7.0,20220219,월세,59.78,20000,130,2022.0,아파트,2022
성북구,13400,길음동,13.0,20220219,월세,59.87,30000,90,2022.0,아파트,2022
성북구,13400,길음동,21.0,20220219,월세,84.98,20000,190,2022.0,아파트,2022
성북구,13400,길음동,20.0,20220219,월세,84.98,50000,65,2022.0,아파트,2022
성북구,13800,장위동,3.0,20220219,월세,29.47,19000,5,2020.0,연립다세대,2022
성북구,13300,정릉동,,20220219,월세,15.0,500,45,2018.0,단독다가구,2022
성북구,13300,정릉동,,20220219,월세,15.0,500,40,2018.0,단독다가구,2022
성북구,13300,정릉동,,20220219,월세,15.0,1000,45,2014.0,단독다가구,2022
성북구,13300,정릉동,,20220219,월세,15.0,1000,40,2021.0,단독다가구,2022
성북구,13300,정릉동,,20220219,월세,16.5,500,40,2017.0,단독다가구,2022
성북구,13700,상월곡동,,20220219,월세,19.83,1000,45,2017.0,단독다가구,2022
성북구,10200,성북동1가,,20220219,월세,17.0,1000,35,2010.0,단독다가구,2022
성북구,13300,정릉동,,20220219,월세,12.0,1000,40,2018.0,단독다가구,2022
성북구,13900,석관동,,20220219,월세,13.0,500,35,2012.0,단독다가구,2022
성북구,13300,정릉동,,20220219,월세,13.0,1000,45,2021.0,단독다가구,2022
성북구,13300,정릉동,,20220219,월세,13.0,500,43,2014.0,단독다가구,2022
성북구,13300,정릉동,,20220219,월세,13.0,1000,47,2019.0,단독다가구,2022
성북구,13300,정릉동,,20220219,월세,20.0,500,50,2017.0,단독다가구,2022
성북구,13300,정릉동,,20220219,월세,32.0,500,30,1989.0,단독다가구,2022
성북구,11100,삼선동1가,,20220219,월세,35.0,4000,45,1993.0,단독다가구,2022
성북구,13300,정릉동,,20220219,월세,15.0,500,50,2018.0,단독다가구,2022
성북구,13600,하월곡동,,20220219,월세,16.0,500,38,2021.0,단독다가구,2022
성북구,12700,보문동5가,,20220219,월세,34.31,1000,50,2017.0,단독다가구,2022
성북구,13600,하월곡동,,20220219,월세,16.52,500,40,1993.0,단독다가구,2022
성북구,13600,하월곡동,,20220219,월세,16.0,300,30,2003.0,단독다가구,2022
성북구,13300,정릉동,,20220219,월세,19.8,500,45,2019.0,단독다가구,2022
성북구,12500,안암동5가,,20220219,월세,33.0,500,85,2000.0,단독다가구,2022
성북구,11100,삼선동1가,,20220219,월세,33.0,1000,50,2001.0,단독다가구,2022
성북구,11800,동선동3가,,20220219,월세,20.0,1000,50,1973.0,단독다가구,2022
성북구,13100,보문동2가,,20220219,월세,19.8,1000,54,2010.0,단독다가구,2022
성북구,11800,동선동3가,,20220219,월세,20.0,1000,40,2007.0,단독다가구,2022
성북구,13500,종암동,,20220219,월세,15.0,500,40,2018.0,단독다가구,2022
성북구,13300,정릉동,,20220219,월세,19.8,1000,45,2019.0,단독다가구,2022
성북구,12500,안암동5가,,20220219,월세,39.66,5000,35,1995.0,단독다가구,2022
성북구,13300,정릉동,,20220219,월세,17.0,3000,25,1995.0,단독다가구,2022
성북구,13600,하월곡동,,20220219,월세,20.0,2000,45,2017.0,단독다가구,2022
성북구,13100,보문동2가,,20220219,월세,39.6,1000,50,1993.0,단독다가구,2022
성북구,12200,안암동2가,,20220219,월세,45.68,2000,70,1993.0,단독다가구,2022
성북구,13300,정릉동,,20220219,월세,19.8,1000,40,2021.0,단독다가구,2022
성북구,11400,삼선동4가,,20220219,월세,16.0,500,35,1995.0,단독다가구,2022
성북구,12500,안암동5가,,20220219,월세,15.0,500,35,1989.0,단독다가구,2022
성북구,11800,동선동3가,,20220219,월세,42.0,2000,120,1973.0,단독다가구,2022
성북구,11900,동선동4가,,20220219,월세,43.0,2000,75,1997.0,단독다가구,2022
성북구,13900,석관동,5.0,20220219,월세,28.05,2000,60,2016.0,연립다세대,2022
성북구,13300,정릉동,,20220219,월세,17.0,500,45,2018.0,단독다가구,2022
성북구,13600,하월곡동,,20220219,월세,18.8,500,40,2011.0,단독다가구,2022
성북구,11700,동선동2가,2.0,20220219,월세,67.07,100,40,2004.0,연립다세대,2022
성북구,11500,삼선동5가,,20220219,월세,15.0,1000,38,2010.0,단독다가구,2022
성북구,12500,안암동5가,,20220219,월세,22.0,1000,80,2021.0,단독다가구,2022
성북구,10900,동소문동6가,,20220219,월세,21.0,1000,45,2019.0,단독다가구,2022
성북구,11600,동선동1가,,20220219,월세,30.0,2000,29,1980.0,단독다가구,2022
성북구,13900,석관동,14.0,20220219,월세,59.94,11000,50,1999.0,아파트,2022
성북구,11800,동선동3가,,20220219,월세,23.0,1000,69,1973.0,단독다가구,2022
성북구,12100,안암동1가,,20220219,월세,26.44,500,50,2016.0,단독다가구,2022
성북구,10400,동소문동1가,,20220219,월세,23.15,1000,50,2010.0,단독다가구,2022
성북구,13700,상월곡동,,20220219,월세,23.14,2000,45,2019.0,단독다가구,2022
성북구,12500,안암동5가,,20220219,월세,24.79,500,58,1994.0,단독다가구,2022
성북구,11100,삼선동1가,,20220219,월세,25.41,1000,70,2022.0,단독다가구,2022
성북구,12500,안암동5가,,20220219,월세,21.5,500,45,1997.0,단독다가구,2022
성북구,13900,석관동,,20220219,월세,24.0,300,40,2012.0,단독다가구,2022
성북구,10300,돈암동,10.0,20220219,월세,84.59,20000,120,1999.0,아파트,2022
성북구,13600,하월곡동,9.0,20220219,월세,59.75,6000,110,2006.0,아파트,2022
성북구,13800,장위동,24.0,20220219,월세,84.94,30000,115,2020.0,아파트,2022
성북구,13400,길음동,17.0,20220219,월세,84.96,4000,126,2003.0,아파트,2022
성북구,13400,길음동,9.0,20220219,월세,32.98,10000,55,2000.0,아파트,2022
성북구,13300,정릉동,5.0,20220219,월세,12.05,500,45,2012.0,연립다세대,2022
성북구,13600,하월곡동,23.0,20220219,월세,84.78,20000,70,1998.0,아파트,2022
성북구,10800,동소문동5가,8.0,20220219,월세,15.42,4000,74,2018.0,아파트,2022
성북구,13900,석관동,9.0,20220219,월세,115.58,20000,125,2011.0,아파트,2022
성북구,13500,종암동,2.0,20220219,월세,84.98,10000,120,2004.0,아파트,2022
성북구,13800,장위동,10.0,20220219,월세,15.21,1000,55,2019.0,아파트,2022
성북구,13800,장위동,7.0,20220219,월세,18.03,6000,33,2019.0,오피스텔,2022
성북구,13600,하월곡동,9.0,20220219,월세,84.88,10000,125,2007.0,아파트,2022
성북구,13600,하월곡동,,20220219,월세,51.07,6500,20,1993.0,단독다가구,2022
성북구,13300,정릉동,1.0,20220219,월세,84.96,15000,100,2000.0,아파트,2022
성북구,13500,종암동,19.0,20220219,월세,119.87,31500,137,2010.0,아파트,2022
성북구,11100,삼선동1가,,20220219,월세,50.0,500,50,,단독다가구,2022
성북구,13500,종암동,,20220219,월세,50.0,500,55,1993.0,단독다가구,2022
성북구,13500,종암동,22.0,20220219,월세,114.75,10000,170,1999.0,아파트,2022
성북구,13800,장위동,,20220219,월세,57.12,11000,40,1977.0,단독다가구,2022
성북구,13600,하월곡동,15.0,20220219,월세,15.62,1000,55,2013.0,아파트,2022
성북구,13400,길음동,10.0,20220219,월세,59.94,30000,30,1998.0,아파트,2022
성북구,13300,정릉동,,20220220,월세,50.0,1000,50,,단독다가구,2022
성북구,12500,안암동5가,,20220220,월세,12.0,1000,50,1957.0,단독다가구,2022
성북구,11700,동선동2가,,20220220,월세,50.0,2000,90,2016.0,단독다가구,2022
성북구,13300,정릉동,,20220220,월세,13.0,1000,45,2018.0,단독다가구,2022
성북구,13300,정릉동,,20220220,월세,13.04,500,40,2019.0,단독다가구,2022
성북구,13300,정릉동,1.0,20220220,월세,12.56,500,40,2013.0,연립다세대,2022
성북구,13300,정릉동,2.0,20220220,월세,13.5,500,43,2013.0,연립다세대,2022
성북구,12200,안암동2가,,20220220,월세,66.11,4000,100,1989.0,단독다가구,2022
성북구,11600,동선동1가,7.0,20220220,월세,15.38,1000,50,2014.0,연립다세대,2022
성북구,13300,정릉동,,20220220,월세,38.0,2000,80,1996.0,단독다가구,2022
성북구,13300,정릉동,,20220220,월세,30.0,1000,80,1996.0,단독다가구,2022
성북구,12500,안암동5가,,20220220,월세,15.0,300,35,1998.0,단독다가구,2022
성북구,10300,돈암동,,20220220,월세,20.0,100,38,1991.0,단독다가구,2022
성북구,13300,정릉동,,20220220,월세,15.0,1000,45,2018.0,단독다가구,2022
성북구,13900,석관동,,20220220,월세,23.0,300,25,1993.0,단독다가구,2022
성북구,11300,삼선동3가,,20220220,월세,39.54,1000,40,1991.0,단독다가구,2022
성북구,13600,하월곡동,,20220220,월세,18.18,500,35,1997.0,단독다가구,2022
성북구,13100,보문동2가,,20220220,월세,15.0,1000,50,2010.0,단독다가구,2022
성북구,11700,동선동2가,,20220220,월세,20.0,1000,40,2002.0,단독다가구,2022
성북구,12500,안암동5가,,20220220,월세,16.5,500,45,1993.0,단독다가구,2022
성북구,13900,석관동,,20220220,월세,17.0,500,45,2018.0,단독다가구,2022
성북구,13300,정릉동,,20220220,월세,16.17,1000,46,2019.0,단독다가구,2022
성북구,11700,동선동2가,,20220220,월세,20.0,1000,50,2017.0,단독다가구,2022
성북구,11800,동선동3가,,20220220,월세,20.0,1000,40,2007.0,단독다가구,2022
성북구,13300,정릉동,,20220220,월세,15.0,1000,50,2018.0,단독다가구,2022
성북구,13300,정릉동,14.0,20220220,월세,85.0,10000,130,2006.0,아파트,2022
성북구,13300,정릉동,,20220220,월세,18.18,1000,48,2018.0,단독다가구,2022
성북구,13300,정릉동,,20220220,월세,20.0,1000,45,2017.0,단독다가구,2022
성북구,12100,안암동1가,,20220220,월세,18.0,1000,40,2009.0,단독다가구,2022
성북구,13400,길음동,10.0,20220220,월세,59.99,5500,95,2005.0,아파트,2022
성북구,13800,장위동,16.0,20220221,월세,15.21,1000,49,2019.0,아파트,2022
성북구,13500,종암동,9.0,20220221,월세,114.98,15750,162,2011.0,아파트,2022
성북구,13800,장위동,4.0,20220221,월세,15.21,1000,52,2019.0,아파트,2022
성북구,13800,장위동,4.0,20220221,월세,15.21,1000,50,2019.0,아파트,2022
성북구,13800,장위동,7.0,20220221,월세,84.97,10000,200,2021.0,아파트,2022
성북구,13400,길음동,6.0,20220221,월세,59.99,5000,160,2019.0,아파트,2022
성북구,13900,석관동,10.0,20220221,월세,59.97,15000,95,1998.0,아파트,2022
성북구,11700,동선동2가,,20220221,월세,24.0,500,45,2008.0,단독다가구,2022
성북구,10300,돈암동,13.0,20220221,월세,152.25,20000,200,1998.0,아파트,2022
성북구,10300,돈암동,,20220221,월세,21.7,3150,42,2007.0,단독다가구,2022
성북구,11900,동선동4가,,20220221,월세,23.0,1000,60,2019.0,단독다가구,2022
성북구,13900,석관동,,20220221,월세,26.92,5000,15,1992.0,단독다가구,2022
성북구,11500,삼선동5가,,20220221,월세,43.33,3000,40,1993.0,단독다가구,2022
성북구,13500,종암동,,20220221,월세,43.0,12000,10,1994.0,단독다가구,2022
성북구,13700,상월곡동,5.0,20220221,월세,19.91,5000,30,2015.0,연립다세대,2022
성북구,13300,정릉동,3.0,20220221,월세,25.11,2000,39,2020.0,연립다세대,2022
성북구,11300,삼선동3가,9.0,20220221,월세,35.58,4118,8,2008.0,아파트,2022
성북구,13300,정릉동,,20220221,월세,33.26,1000,42,1990.0,단독다가구,2022
성북구,13800,장위동,,20220221,월세,33.0,500,29,1993.0,단독다가구,2022
성북구,13500,종암동,,20220221,월세,96.93,5000,100,1997.0,단독다가구,2022
성북구,13500,종암동,,20220221,월세,49.83,2000,50,1993.0,단독다가구,2022
성북구,12100,안암동1가,,20220221,월세,39.66,2000,50,1994.0,단독다가구,2022
성북구,13600,하월곡동,,20220221,월세,51.63,2000,50,1992.0,단독다가구,2022
성북구,13400,길음동,11.0,20220221,월세,59.78,30000,90,2022.0,아파트,2022
성북구,13400,길음동,6.0,20220221,월세,43.63,1248,20,2022.0,아파트,2022
성북구,13400,길음동,14.0,20220221,월세,84.77,50000,100,2022.0,아파트,2022
성북구,13400,길음동,6.0,20220221,월세,43.63,3120,16,2022.0,아파트,2022
성북구,13900,석관동,,20220221,월세,16.18,300,27,2017.0,단독다가구,2022
성북구,11200,삼선동2가,,20220221,월세,20.0,1000,48,2019.0,단독다가구,2022
성북구,13300,정릉동,,20220221,월세,19.8,1000,48,2016.0,단독다가구,2022
성북구,11800,동선동3가,,20220221,월세,20.0,1000,45,2001.0,단독다가구,2022
성북구,11100,삼선동1가,,20220221,월세,17.5,500,30,1995.0,단독다가구,2022
성북구,11100,삼선동1가,,20220221,월세,17.0,200,40,1985.0,단독다가구,2022
성북구,12500,안암동5가,,20220221,월세,19.0,300,35,2001.0,단독다가구,2022
성북구,13300,정릉동,,20220221,월세,18.1,1000,40,2021.0,단독다가구,2022
성북구,13600,하월곡동,,20220221,월세,15.0,1000,40,2015.0,단독다가구,2022
성북구,13600,하월곡동,,20220221,월세,19.83,500,60,2019.0,단독다가구,2022
성북구,10400,동소문동1가,,20220221,월세,20.0,6000,50,1997.0,단독다가구,2022
성북구,11700,동선동2가,,20220221,월세,19.8,500,50,2004.0,단독다가구,2022
성북구,13300,정릉동,,20220221,월세,15.0,1000,45,2019.0,단독다가구,2022
성북구,10900,동소문동6가,,20220221,월세,18.0,1000,45,1994.0,단독다가구,2022
성북구,13500,종암동,3.0,20220221,월세,65.46,1500,55,1983.0,아파트,2022
성북구,10300,돈암동,3.0,20220221,월세,59.99,23000,50,2004.0,아파트,2022
성북구,13500,종암동,5.0,20220221,월세,29.25,1000,50,2012.0,연립다세대,2022
성북구,13400,길음동,8.0,20220221,월세,84.64,3000,160,2005.0,아파트,2022
성북구,13500,종암동,1.0,20220221,월세,84.96,2000,126,2000.0,아파트,2022
성북구,13600,하월곡동,9.0,20220221,월세,59.65,5000,95,2010.0,아파트,2022
성북구,13400,길음동,10.0,20220221,월세,59.99,30000,70,2003.0,아파트,2022
성북구,13400,길음동,25.0,20220221,월세,84.96,3000,150,2010.0,아파트,2022
성북구,11800,동선동3가,,20220222,월세,23.0,1000,50,1973.0,단독다가구,2022
성북구,13600,하월곡동,13.0,20220222,월세,59.65,5000,90,2010.0,아파트,2022
성북구,12100,안암동1가,,20220222,월세,23.0,1000,50,2010.0,단독다가구,2022
성북구,13300,정릉동,,20220222,월세,21.83,9550,1,2021.0,단독다가구,2022
성북구,13500,종암동,,20220222,월세,23.4,2000,35,1994.0,단독다가구,2022
성북구,13300,정릉동,,20220222,월세,23.1,1000,60,2017.0,단독다가구,2022
성북구,13300,정릉동,,20220222,월세,20.87,300,45,1983.0,단독다가구,2022
성북구,12500,안암동5가,,20220222,월세,29.7,1000,65,2010.0,단독다가구,2022
성북구,13600,하월곡동,,20220222,월세,26.44,500,26,1993.0,단독다가구,2022
성북구,13900,석관동,,20220222,월세,12.5,1500,30,2011.0,단독다가구,2022
성북구,10300,돈암동,,20220222,월세,13.2,500,35,2010.0,단독다가구,2022
성북구,10300,돈암동,11.0,20220222,월세,41.58,1000,70,1991.0,아파트,2022
성북구,13700,상월곡동,7.0,20220222,월세,114.66,10000,120,2003.0,아파트,2022
성북구,10400,동소문동1가,4.0,20220222,월세,24.44,10000,20,1998.0,연립다세대,2022
성북구,10300,돈암동,10.0,20220222,월세,84.39,19000,90,1991.0,아파트,2022
성북구,13300,정릉동,,20220222,월세,39.8,1000,60,1995.0,단독다가구,2022
성북구,11100,삼선동1가,,20220222,월세,40.0,300,30,1968.0,단독다가구,2022
성북구,13500,종암동,,20220222,월세,40.0,500,45,1997.0,단독다가구,2022
성북구,10300,돈암동,13.0,20220222,월세,59.58,25000,45,1998.0,아파트,2022
성북구,10100,성북동,-1.0,20220222,월세,63.87,15000,15,1997.0,연립다세대,2022
성북구,13800,장위동,6.0,20220222,월세,47.88,300,52,2016.0,연립다세대,2022
성북구,13300,정릉동,4.0,20220222,월세,12.69,1000,42,2012.0,연립다세대,2022
성북구,12800,보문동6가,,20220222,월세,53.97,2000,70,1996.0,단독다가구,2022
성북구,13400,길음동,7.0,20220222,월세,84.98,55000,70,2022.0,아파트,2022
성북구,11400,삼선동4가,,20220222,월세,61.0,3000,60,1991.0,단독다가구,2022
성북구,12000,동선동5가,,20220222,월세,75.24,1000,70,1989.0,단독다가구,2022
성북구,11800,동선동3가,,20220222,월세,82.6,1000,75,1992.0,단독다가구,2022
성북구,13400,길음동,1.0,20220222,월세,59.87,49000,30,2022.0,아파트,2022
성북구,13100,보문동2가,,20220222,월세,51.25,6000,40,1996.0,단독다가구,2022
성북구,13400,길음동,,20220222,월세,51.26,10000,30,1993.0,단독다가구,2022
성북구,13300,정릉동,,20220222,월세,16.5,500,35,2021.0,단독다가구,2022
성북구,13600,하월곡동,,20220222,월세,16.0,1000,45,2018.0,단독다가구,2022
성북구,13300,정릉동,9.0,20220222,월세,59.88,5000,90,2005.0,아파트,2022
성북구,13300,정릉동,,20220222,월세,16.5,1000,40,2009.0,단독다가구,2022
성북구,13300,정릉동,,20220222,월세,15.0,500,42,1971.0,단독다가구,2022
성북구,11700,동선동2가,,20220222,월세,20.0,1000,40,2010.0,단독다가구,2022
성북구,13300,정릉동,,20220222,월세,15.0,1000,37,2021.0,단독다가구,2022
성북구,13600,하월곡동,,20220222,월세,20.0,1000,50,2013.0,단독다가구,2022
성북구,12100,안암동1가,,20220222,월세,18.0,1000,60,2018.0,단독다가구,2022
성북구,12200,안암동2가,,20220222,월세,16.5,500,30,2010.0,단독다가구,2022
성북구,11500,삼선동5가,,20220222,월세,16.5,500,40,2010.0,단독다가구,2022
성북구,13600,하월곡동,,20220222,월세,15.0,500,29,2004.0,단독다가구,2022
성북구,13300,정릉동,,20220222,월세,16.5,1000,50,2018.0,단독다가구,2022
성북구,11400,삼선동4가,,20220222,월세,20.0,5000,45,2009.0,단독다가구,2022
성북구,12200,안암동2가,,20220222,월세,16.5,500,39,2004.0,단독다가구,2022
성북구,13700,상월곡동,,20220222,월세,18.0,300,35,2011.0,단독다가구,2022
성북구,13300,정릉동,,20220223,월세,15.0,500,37,2017.0,단독다가구,2022
성북구,12100,안암동1가,,20220223,월세,20.0,1000,50,2010.0,단독다가구,2022
성북구,13600,하월곡동,,20220223,월세,15.0,500,40,2003.0,단독다가구,2022
성북구,13100,보문동2가,,20220223,월세,18.0,1000,50,2018.0,단독다가구,2022
성북구,13900,석관동,3.0,20220223,월세,84.97,40000,75,2019.0,아파트,2022
성북구,11700,동선동2가,,20220223,월세,20.0,500,35,1997.0,단독다가구,2022
성북구,13700,상월곡동,,20220223,월세,16.52,500,20,1984.0,단독다가구,2022
성북구,13300,정릉동,,20220223,월세,19.8,500,40,2019.0,단독다가구,2022
성북구,10900,동소문동6가,,20220223,월세,16.51,2000,35,1994.0,단독다가구,2022
성북구,13700,상월곡동,,20220223,월세,19.83,1000,45,2017.0,단독다가구,2022
성북구,13300,정릉동,,20220223,월세,16.52,1000,45,2021.0,단독다가구,2022
성북구,12100,안암동1가,,20220223,월세,19.8,1000,50,2010.0,단독다가구,2022
성북구,13300,정릉동,,20220223,월세,16.0,500,40,2019.0,단독다가구,2022
성북구,12000,동선동5가,,20220223,월세,45.54,1500,60,1993.0,단독다가구,2022
성북구,12800,보문동6가,,20220223,월세,40.44,1000,68,1987.0,단독다가구,2022
성북구,12100,안암동1가,,20220223,월세,20.0,500,40,2008.0,단독다가구,2022
성북구,13600,하월곡동,,20220223,월세,16.0,500,35,2012.0,단독다가구,2022
성북구,13300,정릉동,,20220223,월세,20.0,500,40,1967.0,단독다가구,2022
성북구,13500,종암동,,20220223,월세,15.0,500,40,2018.0,단독다가구,2022
성북구,13300,정릉동,,20220223,월세,12.0,500,45,2011.0,단독다가구,2022
성북구,11200,삼선동2가,,20220223,월세,12.0,500,35,1993.0,단독다가구,2022
성북구,13300,정릉동,,20220223,월세,14.5,1000,40,2019.0,단독다가구,2022
성북구,13400,길음동,2.0,20220223,월세,84.96,5000,150,2003.0,아파트,2022
성북구,13400,길음동,5.0,20220223,월세,59.9,3150,137,2010.0,아파트,2022
성북구,13900,석관동,6.0,20220223,월세,29.94,22000,10,2018.0,연립다세대,2022
성북구,10300,돈암동,4.0,20220223,월세,59.84,25000,70,2016.0,아파트,2022
성북구,10300,돈암동,4.0,20220223,월세,59.84,25000,75,2016.0,아파트,2022
성북구,11500,삼선동5가,,20220223,월세,21.22,500,50,2000.0,단독다가구,2022
성북구,11100,삼선동1가,,20220223,월세,26.31,500,45,1961.0,단독다가구,2022
성북구,11800,동선동3가,,20220223,월세,39.0,500,50,1996.0,단독다가구,2022
성북구,13200,보문동3가,,20220223,월세,40.32,500,55,1994.0,단독다가구,2022
성북구,13300,정릉동,2.0,20220223,월세,28.16,1000,40,2015.0,연립다세대,2022
성북구,12500,안암동5가,2.0,20220223,월세,12.0,1000,60,2011.0,연립다세대,2022
성북구,13800,장위동,4.0,20220223,월세,39.71,8300,62,2020.0,아파트,2022
성북구,11200,삼선동2가,3.0,20220223,월세,84.83,20000,100,2008.0,아파트,2022
성북구,13800,장위동,,20220223,월세,55.69,10000,20,1995.0,단독다가구,2022
성북구,12800,보문동6가,,20220223,월세,47.45,1000,68,,단독다가구,2022
성북구,11500,삼선동5가,,20220223,월세,56.34,12000,15,1994.0,단독다가구,2022
성북구,13400,길음동,18.0,20220223,월세,59.88,40000,75,2022.0,아파트,2022
성북구,13300,정릉동,1.0,20220224,월세,43.2,1000,60,1989.0,연립다세대,2022
성북구,13500,종암동,4.0,20220224,월세,59.61,3000,115,2005.0,아파트,2022
성북구,13300,정릉동,,20220224,월세,16.0,500,55,2018.0,단독다가구,2022
성북구,13300,정릉동,,20220224,월세,15.0,500,40,2019.0,단독다가구,2022
성북구,13300,정릉동,,20220224,월세,15.0,1000,50,2021.0,단독다가구,2022
성북구,13900,석관동,5.0,20220224,월세,18.32,500,40,2013.0,연립다세대,2022
성북구,11200,삼선동2가,,20220224,월세,20.0,1000,50,1993.0,단독다가구,2022
성북구,13400,길음동,,20220224,월세,19.8,1000,40,2010.0,단독다가구,2022
성북구,13300,정릉동,,20220224,월세,16.5,500,44,2021.0,단독다가구,2022
성북구,13500,종암동,12.0,20220224,월세,59.98,43000,25,2011.0,아파트,2022
성북구,13300,정릉동,,20220224,월세,18.0,1000,50,2020.0,단독다가구,2022
성북구,13300,정릉동,,20220224,월세,16.0,500,45,2018.0,단독다가구,2022
성북구,13600,하월곡동,,20220224,월세,16.52,1000,35,1991.0,단독다가구,2022
성북구,13500,종암동,,20220224,월세,45.0,1000,50,1994.0,단독다가구,2022
성북구,13300,정릉동,,20220224,월세,18.0,500,40,2018.0,단독다가구,2022
성북구,11500,삼선동5가,,20220224,월세,10.71,500,40,2010.0,단독다가구,2022
성북구,13300,정릉동,,20220224,월세,12.0,500,45,2018.0,단독다가구,2022
성북구,11700,동선동2가,,20220224,월세,12.0,500,30,1997.0,단독다가구,2022
성북구,13100,보문동2가,,20220224,월세,12.0,1000,30,2008.0,단독다가구,2022
성북구,13300,정릉동,,20220224,월세,21.0,3000,26,2017.0,단독다가구,2022
성북구,13900,석관동,,20220224,월세,13.0,500,35,2012.0,단독다가구,2022
성북구,12100,안암동1가,4.0,20220224,월세,15.56,9000,1,2012.0,연립다세대,2022
성북구,13400,길음동,16.0,20220224,월세,84.84,35000,65,2003.0,아파트,2022
성북구,12800,보문동6가,,20220224,월세,28.0,1000,50,1991.0,단독다가구,2022
성북구,12400,안암동4가,,20220224,월세,30.0,5000,40,1991.0,단독다가구,2022
성북구,11700,동선동2가,,20220224,월세,30.0,1000,65,1994.0,단독다가구,2022
성북구,13400,길음동,2.0,20220224,월세,84.84,10000,120,2003.0,아파트,2022
성북구,11100,삼선동1가,,20220224,월세,27.0,100,15,1968.0,단독다가구,2022
성북구,13600,하월곡동,3.0,20220224,월세,16.12,1000,60,2022.0,오피스텔,2022
성북구,13500,종암동,,20220224,월세,48.36,3000,60,1992.0,단독다가구,2022
성북구,13800,장위동,,20220224,월세,58.5,11000,33,1984.0,단독다가구,2022
성북구,11100,삼선동1가,,20220224,월세,51.51,9000,10,1994.0,단독다가구,2022
성북구,13800,장위동,9.0,20220224,월세,39.34,1329,20,2006.0,아파트,2022
성북구,13500,종암동,9.0,20220224,월세,84.72,20000,100,1999.0,아파트,2022
성북구,13300,정릉동,3.0,20220224,월세,32.76,3078,6,2005.0,아파트,2022
성북구,12300,안암동3가,,20220224,월세,40.0,1000,50,1991.0,단독다가구,2022
성북구,10300,돈암동,2.0,20220224,월세,59.58,16000,30,1998.0,아파트,2022
성북구,13900,석관동,,20220224,월세,38.64,4500,15,1992.0,단독다가구,2022
성북구,13800,장위동,,20220224,월세,37.5,1000,40,1993.0,단독다가구,2022
성북구,12500,안암동5가,5.0,20220224,월세,14.13,1000,65,2012.0,연립다세대,2022
성북구,10100,성북동,1.0,20220224,월세,23.4,5000,10,1971.0,연립다세대,2022
성북구,11000,동소문동7가,6.0,20220224,월세,59.96,5000,180,2010.0,아파트,2022
성북구,12800,보문동6가,5.0,20220224,월세,84.99,10000,52,2017.0,아파트,2022
성북구,10300,돈암동,3.0,20220225,월세,36.3,14000,50,2015.0,연립다세대,2022
성북구,10300,돈암동,3.0,20220225,월세,59.38,5000,120,2007.0,아파트,2022
성북구,13600,하월곡동,3.0,20220225,월세,59.86,2000,115,2003.0,아파트,2022
성북구,13900,석관동,3.0,20220225,월세,17.16,1000,50,2013.0,연립다세대,2022
성북구,10300,돈암동,8.0,20220225,월세,41.58,5000,53,1991.0,아파트,2022
성북구,13600,하월곡동,8.0,20220225,월세,84.59,42000,6,2006.0,아파트,2022
성북구,13400,길음동,6.0,20220225,월세,43.63,3120,16,2022.0,아파트,2022
성북구,13800,장위동,13.0,20220225,월세,14.71,1000,49,2019.0,아파트,2022
성북구,13300,정릉동,,20220225,월세,20.87,300,45,1983.0,단독다가구,2022
성북구,13800,장위동,3.0,20220225,월세,15.21,500,42,2019.0,아파트,2022
성북구,10700,동소문동4가,5.0,20220225,월세,58.59,9690,70,1998.0,아파트,2022
성북구,10700,동소문동4가,17.0,20220225,월세,58.59,11000,80,1998.0,아파트,2022
성북구,12200,안암동2가,,20220225,월세,25.0,500,45,1993.0,단독다가구,2022
성북구,10200,성북동1가,,20220225,월세,20.0,1000,40,1992.0,단독다가구,2022
성북구,11700,동선동2가,,20220225,월세,41.76,300,45,1993.0,단독다가구,2022
성북구,13300,정릉동,,20220225,월세,12.0,1000,40,2019.0,단독다가구,2022
성북구,12500,안암동5가,,20220225,월세,20.0,1000,60,2018.0,단독다가구,2022
성북구,13400,길음동,,20220225,월세,18.0,500,50,2019.0,단독다가구,2022
성북구,12500,안암동5가,,20220225,월세,18.0,500,55,1993.0,단독다가구,2022
성북구,12200,안암동2가,1.0,20220225,월세,34.32,1000,70,1994.0,연립다세대,2022
성북구,13300,정릉동,,20220225,월세,16.5,1000,55,2018.0,단독다가구,2022
성북구,13500,종암동,,20220225,월세,20.0,500,50,2019.0,단독다가구,2022
성북구,13300,정릉동,,20220225,월세,16.5,500,29,1965.0,단독다가구,2022
성북구,13700,상월곡동,,20220225,월세,15.0,1000,50,2016.0,단독다가구,2022
성북구,10100,성북동,-1.0,20220225,월세,21.05,6500,11,1996.0,연립다세대,2022
성북구,12500,안암동5가,,20220225,월세,20.0,2000,45,2002.0,단독다가구,2022
성북구,11100,삼선동1가,2.0,20220225,월세,31.62,1000,65,1986.0,연립다세대,2022
성북구,13300,정릉동,,20220225,월세,18.0,1000,30,2013.0,단독다가구,2022
성북구,13600,하월곡동,,20220225,월세,15.0,1000,45,2017.0,단독다가구,2022
성북구,13300,정릉동,,20220225,월세,15.0,500,40,2017.0,단독다가구,2022
성북구,13300,정릉동,10.0,20220225,월세,114.83,32000,30,1999.0,아파트,2022
성북구,13300,정릉동,-1.0,20220225,월세,35.12,1000,25,1993.0,연립다세대,2022
성북구,13800,장위동,15.0,20220225,월세,59.1,35000,40,2020.0,아파트,2022
성북구,13400,길음동,6.0,20220225,월세,59.9,3000,131,2010.0,아파트,2022
성북구,10300,돈암동,17.0,20220225,월세,59.58,10500,63,1998.0,아파트,2022
성북구,13500,종암동,,20220225,월세,55.8,1000,80,1994.0,단독다가구,2022
성북구,13600,하월곡동,,20220225,월세,31.32,500,35,1991.0,단독다가구,2022
성북구,13700,상월곡동,2.0,20220226,월세,13.64,300,40,2012.0,연립다세대,2022
성북구,12700,보문동5가,,20220226,월세,34.0,1000,55,1992.0,단독다가구,2022
성북구,11900,동선동4가,,20220226,월세,36.7,1000,60,2002.0,단독다가구,2022
성북구,11100,삼선동1가,,20220226,월세,40.0,1000,60,1996.0,단독다가구,2022
성북구,12100,안암동1가,9.0,20220226,월세,59.7,10000,120,2005.0,아파트,2022
성북구,10700,동소문동4가,,20220226,월세,13.23,500,40,1937.0,단독다가구,2022
성북구,13400,길음동,11.0,20220226,월세,59.78,10000,160,2022.0,아파트,2022
성북구,13400,길음동,1.0,20220226,월세,59.78,20000,105,2022.0,아파트,2022
성북구,13400,길음동,13.0,20220226,월세,84.98,50000,110,2022.0,아파트,2022
성북구,13900,석관동,8.0,20220226,월세,59.97,10000,100,1998.0,아파트,2022
성북구,11100,삼선동1가,,20220226,월세,84.37,3000,95,1992.0,단독다가구,2022
성북구,13800,장위동,,20220226,월세,58.5,4000,50,1990.0,단독다가구,2022
성북구,13400,길음동,13.0,20220226,월세,59.97,36000,70,2019.0,아파트,2022
성북구,13500,종암동,,20220226,월세,63.54,1000,45,1992.0,단독다가구,2022
성북구,13800,장위동,29.0,20220226,월세,84.97,30000,110,2021.0,아파트,2022
성북구,13800,장위동,17.0,20220226,월세,84.98,5000,152,2021.0,아파트,2022
성북구,10300,돈암동,1.0,20220226,월세,114.66,1000,30,1999.0,아파트,2022
성북구,12500,안암동5가,,20220226,월세,63.75,10000,60,1993.0,단독다가구,2022
성북구,10800,동소문동5가,15.0,20220226,월세,14.09,500,80,2018.0,아파트,2022
성북구,13500,종암동,,20220226,월세,24.0,500,48,2014.0,단독다가구,2022
성북구,12800,보문동6가,,20220226,월세,27.0,1000,40,2008.0,단독다가구,2022
성북구,10700,동소문동4가,,20220226,월세,23.1,1000,65,2008.0,단독다가구,2022
성북구,11800,동선동3가,,20220226,월세,24.5,1000,50,2007.0,단독다가구,2022
성북구,13100,보문동2가,,20220226,월세,23.1,1000,55,2018.0,단독다가구,2022
성북구,12100,안암동1가,,20220226,월세,23.0,7000,50,2008.0,단독다가구,2022
성북구,11800,동선동3가,,20220226,월세,30.0,500,50,1996.0,단독다가구,2022
성북구,13800,장위동,14.0,20220226,월세,18.03,1000,55,2019.0,오피스텔,2022
성북구,13800,장위동,2.0,20220226,월세,45.55,13000,16,2001.0,연립다세대,2022
성북구,13300,정릉동,-1.0,20220226,월세,26.55,1000,45,1999.0,연립다세대,2022
성북구,13900,석관동,5.0,20220226,월세,59.69,5000,94,2011.0,아파트,2022
성북구,10200,성북동1가,7.0,20220226,월세,22.47,1000,75,2015.0,오피스텔,2022
성북구,13900,석관동,3.0,20220226,월세,41.25,6000,43,2013.0,연립다세대,2022
성북구,12500,안암동5가,,20220226,월세,20.0,1000,45,1989.0,단독다가구,2022
성북구,11200,삼선동2가,,20220226,월세,16.77,1000,45,2016.0,단독다가구,2022
성북구,12200,안암동2가,,20220226,월세,43.43,10000,40,2014.0,단독다가구,2022
성북구,11500,삼선동5가,,20220226,월세,17.0,2000,40,2019.0,단독다가구,2022
성북구,13600,하월곡동,3.0,20220226,월세,21.54,1000,45,2013.0,연립다세대,2022
성북구,13400,길음동,21.0,20220226,월세,84.96,58000,22,2010.0,아파트,2022
성북구,10100,성북동,,20220226,월세,19.82,500,35,1966.0,단독다가구,2022
성북구,13700,상월곡동,,20220226,월세,15.0,3000,35,2018.0,단독다가구,2022
성북구,11500,삼선동5가,,20220226,월세,16.5,500,40,2009.0,단독다가구,2022
성북구,13400,길음동,7.0,20220226,월세,59.97,35000,35,2005.0,아파트,2022
성북구,13400,길음동,7.0,20220226,월세,84.96,58000,30,2010.0,아파트,2022
성북구,13400,길음동,8.0,20220226,월세,59.99,20000,110,2010.0,아파트,2022
성북구,13300,정릉동,,20220226,월세,16.17,1000,47,2021.0,단독다가구,2022
성북구,13400,길음동,5.0,20220226,월세,84.95,20000,160,2010.0,아파트,2022
성북구,13300,정릉동,,20220226,월세,17.0,500,40,2018.0,단독다가구,2022
성북구,12500,안암동5가,,20220226,월세,20.0,500,48,1997.0,단독다가구,2022
성북구,13600,하월곡동,,20220226,월세,20.0,1000,55,2022.0,단독다가구,2022
성북구,12300,안암동3가,,20220226,월세,20.0,0,26,1992.0,단독다가구,2022
성북구,13400,길음동,9.0,20220226,월세,59.99,10000,120,2003.0,아파트,2022
성북구,13300,정릉동,,20220226,월세,16.5,500,40,2019.0,단독다가구,2022
성북구,12200,안암동2가,,20220226,월세,20.0,500,38,1997.0,단독다가구,2022
성북구,13600,하월곡동,,20220226,월세,16.52,1000,35,1991.0,단독다가구,2022
성북구,13300,정릉동,14.0,20220226,월세,84.92,39000,15,2004.0,아파트,2022
성북구,10300,돈암동,11.0,20220226,월세,117.16,33500,20,2005.0,아파트,2022
성북구,10300,돈암동,18.0,20220226,월세,59.99,5300,120,2004.0,아파트,2022
성북구,12100,안암동1가,,20220227,월세,25.0,1000,55,1995.0,단독다가구,2022
성북구,13500,종암동,,20220227,월세,33.0,1000,45,2004.0,단독다가구,2022
성북구,12500,안암동5가,,20220227,월세,23.14,500,45,1994.0,단독다가구,2022
성북구,12200,안암동2가,,20220227,월세,35.1,2000,70,1990.0,단독다가구,2022
성북구,11100,삼선동1가,,20220227,월세,32.69,2000,30,1993.0,단독다가구,2022
성북구,13500,종암동,1.0,20220227,월세,50.58,200,10,1995.0,연립다세대,2022
성북구,13400,길음동,2.0,20220227,월세,43.63,4860,6,2022.0,아파트,2022
성북구,13300,정릉동,3.0,20220227,월세,50.08,4000,50,2001.0,연립다세대,2022
성북구,13000,보문동1가,11.0,20220227,월세,59.79,30000,100,2022.0,아파트,2022
성북구,12200,안암동2가,,20220227,월세,51.6,6500,65,1992.0,단독다가구,2022
성북구,13300,정릉동,,20220227,월세,19.8,500,40,2019.0,단독다가구,2022
성북구,13500,종암동,,20220227,월세,19.0,500,47,2016.0,단독다가구,2022
성북구,13600,하월곡동,,20220227,월세,20.0,1000,55,2022.0,단독다가구,2022
성북구,12500,안암동5가,,20220227,월세,17.0,500,45,1998.0,단독다가구,2022
성북구,12500,안암동5가,,20220227,월세,18.0,500,60,2018.0,단독다가구,2022
성북구,13300,정릉동,2.0,20220227,월세,56.07,10000,65,1994.0,연립다세대,2022
성북구,12900,보문동7가,3.0,20220227,월세,45.18,6000,70,2004.0,연립다세대,2022
성북구,12200,안암동2가,,20220228,월세,34.96,300,41,1993.0,단독다가구,2022
성북구,13100,보문동2가,,20220228,월세,40.52,1000,40,1996.0,단독다가구,2022
성북구,11800,동선동3가,,20220228,월세,33.0,4000,45,1994.0,단독다가구,2022
성북구,11200,삼선동2가,2.0,20220228,월세,24.08,1000,60,2018.0,연립다세대,2022
성북구,11800,동선동3가,,20220228,월세,37.35,8000,10,1993.0,단독다가구,2022
성북구,11300,삼선동3가,,20220228,월세,37.37,3000,60,1990.0,단독다가구,2022
성북구,13900,석관동,,20220228,월세,23.1,300,25,1991.0,단독다가구,2022
성북구,13300,정릉동,3.0,20220228,월세,59.72,36000,12,2019.0,연립다세대,2022
성북구,13600,하월곡동,26.0,20220228,월세,151.17,5000,316,2010.0,아파트,2022
성북구,13900,석관동,4.0,20220228,월세,29.94,2000,44,2016.0,연립다세대,2022
성북구,11800,동선동3가,,20220228,월세,30.0,3000,100,2003.0,단독다가구,2022
성북구,13300,정릉동,,20220228,월세,14.0,500,40,2019.0,단독다가구,2022
성북구,13300,정릉동,,20220228,월세,13.0,1000,45,2017.0,단독다가구,2022
성북구,13500,종암동,5.0,20220228,월세,37.21,1000,95,2015.0,연립다세대,2022
성북구,12600,보문동4가,5.0,20220228,월세,82.03,21000,100,2011.0,아파트,2022
성북구,13800,장위동,3.0,20220228,월세,54.15,9000,50,2002.0,연립다세대,2022
성북구,11400,삼선동4가,2.0,20220228,월세,26.37,3000,70,2018.0,연립다세대,2022
성북구,13400,길음동,16.0,20220228,월세,59.69,3000,180,2019.0,아파트,2022
성북구,13400,길음동,1.0,20220228,월세,43.63,4860,6,2022.0,아파트,2022
성북구,13400,길음동,11.0,20220228,월세,59.87,10000,200,2022.0,아파트,2022
성북구,13400,길음동,11.0,20220228,월세,84.98,50000,70,2022.0,아파트,2022
성북구,13400,길음동,18.0,20220228,월세,114.99,50000,150,2010.0,아파트,2022
성북구,13600,하월곡동,9.0,20220228,월세,59.65,21000,50,2010.0,아파트,2022
성북구,10300,돈암동,5.0,20220228,월세,68.13,5000,105,1998.0,아파트,2022
성북구,13300,정릉동,,20220228,월세,56.0,2000,50,1993.0,단독다가구,2022
성북구,10100,성북동,,20220228,월세,57.36,8000,43,1998.0,단독다가구,2022
성북구,11300,삼선동3가,,20220228,월세,50.05,3000,60,1991.0,단독다가구,2022
성북구,13300,정릉동,,20220228,월세,56.1,2000,50,1993.0,단독다가구,2022
성북구,10800,동소문동5가,14.0,20220228,월세,15.42,1000,95,2018.0,아파트,2022
성북구,13600,하월곡동,,20220228,월세,18.0,1000,45,2018.0,단독다가구,2022
성북구,13900,석관동,,20220228,월세,15.0,500,40,2018.0,단독다가구,2022
성북구,13800,장위동,,20220228,월세,20.0,8000,35,2017.0,단독다가구,2022
성북구,11800,동선동3가,,20220228,월세,18.0,500,40,2001.0,단독다가구,2022
성북구,11500,삼선동5가,,20220228,월세,16.5,500,40,2009.0,단독다가구,2022
성북구,11200,삼선동2가,,20220228,월세,17.0,1000,50,2019.0,단독다가구,2022
성북구,13600,하월곡동,,20220228,월세,20.0,500,45,2011.0,단독다가구,2022
성북구,13300,정릉동,,20220228,월세,18.1,1000,40,2021.0,단독다가구,2022
성북구,12000,동선동5가,,20220228,월세,15.0,4000,25,2002.0,단독다가구,2022
성북구,12500,안암동5가,,20220228,월세,16.5,500,40,2001.0,단독다가구,2022
성북구,13300,정릉동,,20220228,월세,16.5,500,41,2021.0,단독다가구,2022
성북구,13500,종암동,,20220228,월세,20.0,300,30,1993.0,단독다가구,2022
성북구,12100,안암동1가,,20220228,월세,18.0,300,35,1994.0,단독다가구,2022
성북구,13300,정릉동,,20220301,월세,15.0,500,35,2018.0,단독다가구,2022
성북구,13300,정릉동,4.0,20220301,월세,40.45,15000,17,2003.0,연립다세대,2022
성북구,11600,동선동1가,,20220301,월세,18.0,500,33,1981.0,단독다가구,2022
성북구,12200,안암동2가,,20220301,월세,20.0,500,40,1993.0,단독다가구,2022
성북구,13600,하월곡동,,20220301,월세,18.0,1000,55,2022.0,단독다가구,2022
성북구,11500,삼선동5가,,20220301,월세,19.0,3000,35,2010.0,단독다가구,2022
성북구,13300,정릉동,,20220301,월세,15.0,500,48,2017.0,단독다가구,2022
성북구,12500,안암동5가,,20220301,월세,16.5,1000,55,2021.0,단독다가구,2022
성북구,13700,상월곡동,,20220301,월세,17.0,3000,35,2019.0,단독다가구,2022
성북구,13400,길음동,14.0,20220301,월세,59.9,40000,65,2019.0,아파트,2022
성북구,11500,삼선동5가,,20220301,월세,15.0,300,48,1994.0,단독다가구,2022
성북구,11400,삼선동4가,3.0,20220301,월세,12.25,3000,32,2010.0,연립다세대,2022
성북구,13300,정릉동,,20220301,월세,19.8,1000,50,2017.0,단독다가구,2022
성북구,13900,석관동,16.0,20220301,월세,84.9,20000,50,1998.0,아파트,2022
성북구,13400,길음동,19.0,20220301,월세,59.99,5000,170,2019.0,아파트,2022
성북구,10900,동소문동6가,7.0,20220301,월세,30.3,1000,70,2003.0,오피스텔,2022
성북구,13900,석관동,3.0,20220301,월세,36.54,6000,21,2021.0,연립다세대,2022
성북구,13800,장위동,,20220301,월세,45.0,1000,50,1997.0,단독다가구,2022
성북구,13800,장위동,,20220301,월세,46.06,1000,40,1996.0,단독다가구,2022
성북구,11500,삼선동5가,,20220301,월세,41.2,8000,50,2002.0,단독다가구,2022
성북구,11100,삼선동1가,,20220301,월세,26.4,2000,40,1996.0,단독다가구,2022
성북구,10300,돈암동,,20220301,월세,26.4,50,70,2012.0,단독다가구,2022
성북구,11100,삼선동1가,,20220301,월세,26.4,500,47,1996.0,단독다가구,2022
성북구,12700,보문동5가,,20220301,월세,36.0,1000,55,1994.0,단독다가구,2022
성북구,12500,안암동5가,,20220301,월세,23.14,300,45,1994.0,단독다가구,2022
성북구,12700,보문동5가,,20220301,월세,29.8,1000,40,1994.0,단독다가구,2022
성북구,11900,동선동4가,9.0,20220301,월세,27.97,3000,90,2017.0,오피스텔,2022
성북구,10100,성북동,4.0,20220301,월세,108.68,2000,30,2003.0,연립다세대,2022
성북구,13100,보문동2가,,20220301,월세,30.5,1000,50,1993.0,단독다가구,2022
성북구,13600,하월곡동,,20220301,월세,23.0,500,50,2014.0,단독다가구,2022
성북구,13600,하월곡동,12.0,20220301,월세,84.84,3066,129,2003.0,아파트,2022
성북구,13300,정릉동,20.0,20220301,월세,114.56,45000,50,2006.0,아파트,2022
성북구,13400,길음동,13.0,20220301,월세,59.98,10000,150,2010.0,아파트,2022
성북구,13400,길음동,8.0,20220301,월세,114.73,20000,200,2005.0,아파트,2022
성북구,13400,길음동,18.0,20220301,월세,84.77,35000,150,2022.0,아파트,2022
성북구,13400,길음동,6.0,20220301,월세,84.98,37000,120,2022.0,아파트,2022
성북구,13500,종암동,4.0,20220301,월세,12.61,300,30,2010.0,연립다세대,2022
성북구,12100,안암동1가,,20220301,월세,49.49,2000,62,1993.0,단독다가구,2022
성북구,13800,장위동,,20220301,월세,47.56,2000,40,1995.0,단독다가구,2022
성북구,13800,장위동,,20220301,월세,50.6,1500,45,1996.0,단독다가구,2022
성북구,11800,동선동3가,,20220302,월세,46.6,4000,60,1998.0,단독다가구,2022
성북구,11600,동선동1가,,20220302,월세,42.97,1000,70,1985.0,단독다가구,2022
성북구,12300,안암동3가,,20220302,월세,45.86,1000,55,1993.0,단독다가구,2022
성북구,12400,안암동4가,,20220302,월세,30.0,300,40,1993.0,단독다가구,2022
성북구,11900,동선동4가,,20220302,월세,24.0,500,42,2002.0,단독다가구,2022
성북구,12800,보문동6가,,20220302,월세,20.2,500,30,1994.0,단독다가구,2022
성북구,13800,장위동,,20220302,월세,28.0,500,35,1982.0,단독다가구,2022
성북구,13800,장위동,21.0,20220302,월세,84.98,45000,60,2021.0,아파트,2022
성북구,13400,길음동,5.0,20220302,월세,51.08,4000,74,2018.0,연립다세대,2022
성북구,13600,하월곡동,5.0,20220302,월세,79.98,20000,55,2004.0,아파트,2022
성북구,13500,종암동,4.0,20220302,월세,37.09,1000,65,2002.0,연립다세대,2022
성북구,13500,종암동,3.0,20220302,월세,30.22,1000,63,2015.0,연립다세대,2022
성북구,13500,종암동,,20220302,월세,33.0,3000,30,1993.0,단독다가구,2022
성북구,11700,동선동2가,,20220302,월세,92.0,500,48,2010.0,단독다가구,2022
성북구,13300,정릉동,,20220302,월세,33.08,500,30,1991.0,단독다가구,2022
성북구,13800,장위동,,20220302,월세,65.98,13000,25,1985.0,단독다가구,2022
성북구,13600,하월곡동,,20220302,월세,48.84,3000,40,1993.0,단독다가구,2022
성북구,13900,석관동,,20220302,월세,51.15,2000,50,1993.0,단독다가구,2022
성북구,12800,보문동6가,6.0,20220302,월세,78.57,25000,40,1994.0,아파트,2022
성북구,13600,하월곡동,,20220302,월세,59.28,2000,50,1993.0,단독다가구,2022
성북구,13600,하월곡동,2.0,20220302,월세,114.93,30000,130,2007.0,아파트,2022
성북구,11400,삼선동4가,14.0,20220302,월세,59.94,31500,27,1999.0,아파트,2022
성북구,13300,정릉동,1.0,20220302,월세,22.26,8918,11,2020.0,연립다세대,2022
성북구,13300,정릉동,3.0,20220302,월세,54.85,3000,60,1995.0,연립다세대,2022
성북구,13300,정릉동,12.0,20220302,월세,46.65,10000,60,2000.0,아파트,2022
성북구,10100,성북동,4.0,20220302,월세,32.82,5814,14,2018.0,연립다세대,2022
성북구,10100,성북동,2.0,20220302,월세,16.41,2357,13,2018.0,연립다세대,2022
성북구,13400,길음동,6.0,20220302,월세,38.02,2733,14,2022.0,아파트,2022
성북구,13400,길음동,7.0,20220302,월세,43.63,4860,6,2022.0,아파트,2022
성북구,13400,길음동,7.0,20220302,월세,43.63,3120,16,2022.0,아파트,2022
성북구,13400,길음동,9.0,20220302,월세,43.63,3120,16,2022.0,아파트,2022
성북구,13400,길음동,5.0,20220302,월세,43.63,4860,6,2022.0,아파트,2022
성북구,13300,정릉동,,20220303,월세,14.5,1000,40,2019.0,단독다가구,2022
성북구,13800,장위동,3.0,20220303,월세,42.77,9000,48,2018.0,연립다세대,2022
성북구,12800,보문동6가,6.0,20220303,월세,45.96,3654,19,2017.0,아파트,2022
성북구,10300,돈암동,2.0,20220303,월세,51.47,1000,40,1981.0,아파트,2022
성북구,13600,하월곡동,,20220303,월세,19.8,500,35,1989.0,단독다가구,2022
성북구,13500,종암동,,20220303,월세,46.04,2000,50,1993.0,단독다가구,2022
성북구,13400,길음동,1.0,20220303,월세,59.99,2000,50,2003.0,아파트,2022
성북구,13900,석관동,,20220303,월세,21.0,300,20,1993.0,단독다가구,2022
성북구,13400,길음동,16.0,20220303,월세,84.95,11000,130,2010.0,아파트,2022
성북구,10400,동소문동1가,,20220303,월세,27.0,5000,22,2001.0,단독다가구,2022
성북구,13900,석관동,,20220303,월세,25.2,500,41,2017.0,단독다가구,2022
성북구,13500,종암동,10.0,20220303,월세,59.97,45000,30,2009.0,아파트,2022
성북구,10100,성북동,3.0,20220303,월세,16.41,2357,13,2018.0,연립다세대,2022
성북구,12200,안암동2가,,20220303,월세,34.62,10000,25,1993.0,단독다가구,2022
성북구,11100,삼선동1가,,20220303,월세,32.92,3000,30,1993.0,단독다가구,2022
성북구,13400,길음동,,20220303,월세,33.0,1000,48,1994.0,단독다가구,2022
성북구,10100,성북동,1.0,20220303,월세,86.49,3000,110,1998.0,연립다세대,2022
성북구,13800,장위동,,20220303,월세,137.13,2000,35,1990.0,단독다가구,2022
성북구,13900,석관동,2.0,20220303,월세,69.2,500,30,2001.0,연립다세대,2022
성북구,10400,동소문동1가,,20220303,월세,66.27,5000,70,,단독다가구,2022
성북구,13800,장위동,,20220303,월세,53.0,1000,40,1994.0,단독다가구,2022
성북구,13500,종암동,,20220303,월세,50.0,1000,55,1994.0,단독다가구,2022
성북구,13200,보문동3가,9.0,20220303,월세,59.66,15000,70,2013.0,아파트,2022
성북구,13800,장위동,5.0,20220303,월세,49.33,4401,10,2006.0,아파트,2022
성북구,13300,정릉동,17.0,20220304,월세,46.65,20000,45,2000.0,아파트,2022
성북구,13300,정릉동,11.0,20220304,월세,84.4,10000,160,2009.0,아파트,2022
성북구,13500,종암동,18.0,20220304,월세,84.72,30000,30,1999.0,아파트,2022
성북구,13400,길음동,12.0,20220304,월세,84.93,42000,50,2019.0,아파트,2022
성북구,13400,길음동,7.0,20220304,월세,59.78,10000,180,2022.0,아파트,2022
성북구,11500,삼선동5가,,20220304,월세,49.91,500,20,1994.0,단독다가구,2022
성북구,13400,길음동,2.0,20220304,월세,43.63,1248,20,2022.0,아파트,2022
성북구,13400,길음동,2.0,20220304,월세,43.63,3120,16,2022.0,아파트,2022
성북구,13900,석관동,,20220304,월세,20.0,1000,35,1972.0,단독다가구,2022
성북구,13600,하월곡동,,20220304,월세,17.0,3000,30,2011.0,단독다가구,2022
성북구,11400,삼선동4가,3.0,20220304,월세,21.61,3000,40,2013.0,연립다세대,2022
성북구,11600,동선동1가,,20220304,월세,18.0,500,33,1981.0,단독다가구,2022
성북구,10300,돈암동,13.0,20220304,월세,84.87,10000,150,1998.0,아파트,2022
성북구,13300,정릉동,3.0,20220304,월세,38.95,10000,50,2016.0,연립다세대,2022
성북구,13900,석관동,2.0,20220304,월세,39.21,3063,40,2021.0,연립다세대,2022
성북구,13400,길음동,35.0,20220304,월세,59.99,15000,160,2019.0,아파트,2022
성북구,13500,종암동,5.0,20220304,월세,57.53,23000,25,2012.0,연립다세대,2022
성북구,10100,성북동,2.0,20220304,월세,53.48,30000,4,2018.0,연립다세대,2022
성북구,13500,종암동,,20220304,월세,33.05,3000,65,2002.0,단독다가구,2022
성북구,13600,하월곡동,,20220304,월세,40.0,1000,40,1990.0,단독다가구,2022
성북구,13800,장위동,,20220304,월세,40.0,500,45,1991.0,단독다가구,2022
성북구,13900,석관동,,20220304,월세,33.0,1000,20,1995.0,단독다가구,2022
성북구,12700,보문동5가,,20220305,월세,38.66,3000,70,1976.0,단독다가구,2022
성북구,12800,보문동6가,,20220305,월세,34.74,500,60,1992.0,단독다가구,2022
성북구,13400,길음동,7.0,20220305,월세,59.78,40000,70,2022.0,아파트,2022
성북구,13400,길음동,14.0,20220305,월세,59.87,47000,30,2022.0,아파트,2022
성북구,13700,상월곡동,,20220305,월세,41.03,2000,50,1995.0,단독다가구,2022
성북구,13800,장위동,,20220305,월세,42.35,2000,33,1953.0,단독다가구,2022
성북구,13300,정릉동,,20220305,월세,45.5,500,70,1993.0,단독다가구,2022
성북구,13200,보문동3가,,20220305,월세,26.0,1000,50,1994.0,단독다가구,2022
성북구,13500,종암동,,20220305,월세,27.49,1000,77,2019.0,단독다가구,2022
성북구,13900,석관동,,20220305,월세,14.0,200,40,2017.0,단독다가구,2022
성북구,13300,정릉동,,20220305,월세,12.0,500,45,2018.0,단독다가구,2022
성북구,11100,삼선동1가,,20220305,월세,49.5,5250,35,1997.0,단독다가구,2022
성북구,13300,정릉동,,20220305,월세,13.0,1000,40,2018.0,단독다가구,2022
성북구,10200,성북동1가,,20220305,월세,17.0,1000,38,2010.0,단독다가구,2022
성북구,11200,삼선동2가,,20220305,월세,16.77,1000,42,2016.0,단독다가구,2022
성북구,13800,장위동,,20220305,월세,88.69,1000,45,1968.0,단독다가구,2022
성북구,13300,정릉동,6.0,20220305,월세,59.2,10000,85,2009.0,아파트,2022
성북구,13900,석관동,,20220305,월세,50.3,2000,55,1998.0,단독다가구,2022
성북구,13600,하월곡동,,20220305,월세,49.65,7000,40,1990.0,단독다가구,2022
성북구,12200,안암동2가,,20220305,월세,47.15,13000,15,1993.0,단독다가구,2022
성북구,12000,동선동5가,,20220305,월세,17.44,500,40,2003.0,단독다가구,2022
성북구,11500,삼선동5가,,20220305,월세,79.29,18000,30,1983.0,단독다가구,2022
성북구,12700,보문동5가,,20220305,월세,20.0,1500,35,1993.0,단독다가구,2022
성북구,13900,석관동,,20220305,월세,15.0,500,35,2017.0,단독다가구,2022
성북구,10300,돈암동,15.0,20220305,월세,117.16,10000,147,2005.0,아파트,2022
성북구,13300,정릉동,7.0,20220305,월세,59.88,26000,15,2005.0,아파트,2022
성북구,13600,하월곡동,,20220305,월세,18.0,5000,25,2016.0,단독다가구,2022
성북구,10300,돈암동,15.0,20220305,월세,59.79,5000,90,1998.0,아파트,2022
성북구,12500,안암동5가,,20220305,월세,20.0,2000,45,2002.0,단독다가구,2022
성북구,11200,삼선동2가,4.0,20220305,월세,84.82,10000,140,2008.0,아파트,2022
성북구,11500,삼선동5가,8.0,20220305,월세,21.67,3000,63,2014.0,오피스텔,2022
성북구,13800,장위동,3.0,20220305,월세,40.32,3000,70,2020.0,연립다세대,2022
성북구,11200,삼선동2가,,20220305,월세,115.15,18100,20,2002.0,단독다가구,2022
성북구,13400,길음동,12.0,20220305,월세,84.64,25000,67,2005.0,아파트,2022
성북구,13400,길음동,5.0,20220305,월세,84.05,10000,170,2007.0,아파트,2022
성북구,13400,길음동,10.0,20220305,월세,59.98,20000,110,2010.0,아파트,2022
성북구,13900,석관동,1.0,20220305,월세,33.42,1000,45,1992.0,연립다세대,2022
성북구,12100,안암동1가,6.0,20220305,월세,59.7,28000,70,2005.0,아파트,2022
성북구,13500,종암동,5.0,20220305,월세,84.99,30000,110,2011.0,아파트,2022
성북구,11300,삼선동3가,5.0,20220305,월세,66.68,5000,21,2001.0,연립다세대,2022
성북구,13300,정릉동,,20220306,월세,19.8,1000,45,2018.0,단독다가구,2022
성북구,11200,삼선동2가,,20220306,월세,40.0,2000,60,1989.0,단독다가구,2022
성북구,13500,종암동,2.0,20220306,월세,31.54,2000,55,1994.0,연립다세대,2022
성북구,10100,성북동,,20220307,월세,19.83,500,80,,단독다가구,2022
성북구,13500,종암동,,20220307,월세,16.5,500,45,2016.0,단독다가구,2022
성북구,12300,안암동3가,,20220307,월세,20.0,1000,40,2001.0,단독다가구,2022
성북구,11200,삼선동2가,,20220307,월세,19.0,3000,20,2010.0,단독다가구,2022
성북구,11900,동선동4가,,20220307,월세,18.0,500,30,2008.0,단독다가구,2022
성북구,13300,정릉동,,20220307,월세,20.0,500,39,2021.0,단독다가구,2022
성북구,13300,정릉동,,20220307,월세,20.0,500,40,,단독다가구,2022
성북구,13800,장위동,2.0,20220307,월세,60.51,5304,13,2018.0,연립다세대,2022
성북구,12100,안암동1가,,20220307,월세,18.0,1000,40,2008.0,단독다가구,2022
성북구,13300,정릉동,,20220307,월세,19.0,1000,35,2018.0,단독다가구,2022
성북구,13100,보문동2가,,20220307,월세,41.01,500,40,1994.0,단독다가구,2022
성북구,10400,동소문동1가,4.0,20220307,월세,24.48,10000,40,1998.0,연립다세대,2022
성북구,13900,석관동,2.0,20220307,월세,12.8,500,40,2013.0,연립다세대,2022
성북구,11100,삼선동1가,,20220307,월세,26.48,500,30,2010.0,단독다가구,2022
성북구,11800,동선동3가,,20220307,월세,24.0,2000,45,1997.0,단독다가구,2022
성북구,13300,정릉동,,20220307,월세,27.0,2000,30,1995.0,단독다가구,2022
성북구,13300,정릉동,,20220307,월세,12.0,500,40,2019.0,단독다가구,2022
성북구,13600,하월곡동,,20220307,월세,28.73,500,40,1993.0,단독다가구,2022
성북구,12200,안암동2가,,20220307,월세,33.12,500,50,1993.0,단독다가구,2022
성북구,13400,길음동,3.0,20220307,월세,38.02,2733,14,2022.0,아파트,2022
성북구,13500,종암동,,20220307,월세,40.0,500,50,1997.0,단독다가구,2022
성북구,13400,길음동,22.0,20220307,월세,59.78,41500,60,2022.0,아파트,2022
성북구,13300,정릉동,,20220307,월세,40.15,1000,40,1994.0,단독다가구,2022
성북구,13300,정릉동,,20220307,월세,40.0,1000,40,1994.0,단독다가구,2022
성북구,13300,정릉동,6.0,20220307,월세,84.83,5000,110,2001.0,아파트,2022
성북구,11500,삼선동5가,,20220307,월세,48.0,24370,8,1989.0,단독다가구,2022
성북구,13800,장위동,,20220307,월세,50.9,300,30,1993.0,단독다가구,2022
성북구,13500,종암동,13.0,20220307,월세,59.92,5000,140,2009.0,아파트,2022
성북구,11900,동선동4가,8.0,20220307,월세,20.87,1000,75,2017.0,오피스텔,2022
성북구,13500,종암동,9.0,20220308,월세,59.68,10000,120,2005.0,아파트,2022
성북구,13800,장위동,2.0,20220308,월세,47.28,4500,40,1994.0,연립다세대,2022
성북구,13900,석관동,,20220308,월세,23.0,200,20,1993.0,단독다가구,2022
성북구,13300,정릉동,,20220308,월세,45.84,1000,50,2004.0,단독다가구,2022
성북구,11800,동선동3가,,20220308,월세,25.0,2000,35,1992.0,단독다가구,2022
성북구,13300,정릉동,3.0,20220308,월세,56.13,596,37,2014.0,연립다세대,2022
성북구,12300,안암동3가,,20220308,월세,19.5,100,30,1997.0,단독다가구,2022
성북구,12100,안암동1가,,20220308,월세,20.0,3000,50,2018.0,단독다가구,2022
성북구,13400,길음동,7.0,20220308,월세,84.97,30000,50,2005.0,아파트,2022
성북구,13400,길음동,7.0,20220308,월세,84.05,5000,152,2007.0,아파트,2022
성북구,13400,길음동,15.0,20220308,월세,84.77,50000,100,2022.0,아파트,2022
성북구,13400,길음동,10.0,20220308,월세,59.87,20000,140,2022.0,아파트,2022
성북구,13400,길음동,1.0,20220308,월세,43.63,4860,6,2022.0,아파트,2022
성북구,13400,길음동,1.0,20220308,월세,43.63,3120,16,2022.0,아파트,2022
성북구,13400,길음동,5.0,20220308,월세,43.63,3120,16,2022.0,아파트,2022
성북구,13600,하월곡동,,20220308,월세,35.0,4000,40,1994.0,단독다가구,2022
성북구,13400,길음동,5.0,20220308,월세,43.63,4860,6,2022.0,아파트,2022
성북구,12200,안암동2가,,20220308,월세,69.27,1000,70,2004.0,단독다가구,2022
성북구,13500,종암동,,20220308,월세,63.24,1000,40,2018.0,단독다가구,2022
성북구,13600,하월곡동,,20220308,월세,59.56,3000,50,2002.0,단독다가구,2022
성북구,13900,석관동,,20220308,월세,49.43,3000,45,1992.0,단독다가구,2022
성북구,13300,정릉동,8.0,20220309,월세,59.4,10000,100,2003.0,아파트,2022
성북구,11300,삼선동3가,,20220309,월세,25.01,300,40,2001.0,단독다가구,2022
성북구,13600,하월곡동,,20220309,월세,23.1,1000,55,2018.0,단독다가구,2022
성북구,11700,동선동2가,,20220309,월세,22.87,300,32,1992.0,단독다가구,2022
성북구,13300,정릉동,,20220309,월세,13.22,500,40,2000.0,단독다가구,2022
성북구,11100,삼선동1가,,20220309,월세,12.0,300,30,1961.0,단독다가구,2022
성북구,12500,안암동5가,,20220309,월세,18.0,500,49,2000.0,단독다가구,2022
성북구,12500,안암동5가,,20220309,월세,18.0,500,50,1991.0,단독다가구,2022
성북구,11800,동선동3가,,20220309,월세,20.0,1000,50,2011.0,단독다가구,2022
성북구,10700,동소문동4가,8.0,20220309,월세,22.8,1000,55,2003.0,오피스텔,2022
성북구,11300,삼선동3가,13.0,20220309,월세,84.94,40000,70,2012.0,아파트,2022
성북구,11700,동선동2가,3.0,20220309,월세,79.56,5000,100,1992.0,연립다세대,2022
성북구,13500,종암동,13.0,20220309,월세,84.99,20000,140,2011.0,아파트,2022
성북구,13700,상월곡동,3.0,20220309,월세,13.64,300,40,2012.0,연립다세대,2022
성북구,13400,길음동,7.0,20220309,월세,60.0,3000,130,2003.0,아파트,2022
성북구,13400,길음동,10.0,20220309,월세,84.64,43550,27,2005.0,아파트,2022
성북구,11200,삼선동2가,,20220309,월세,38.27,4000,50,1996.0,단독다가구,2022
성북구,13400,길음동,21.0,20220309,월세,114.91,20000,150,2003.0,아파트,2022
성북구,13900,석관동,,20220309,월세,36.72,500,40,1992.0,단독다가구,2022
성북구,13800,장위동,,20220310,월세,31.48,1000,40,1994.0,단독다가구,2022
성북구,13600,하월곡동,,20220310,월세,17.0,1000,40,2011.0,단독다가구,2022
성북구,13500,종암동,,20220310,월세,34.68,500,45,1993.0,단독다가구,2022
성북구,11300,삼선동3가,,20220310,월세,20.0,500,52,1983.0,단독다가구,2022
성북구,13300,정릉동,3.0,20220310,월세,66.17,5025,52,2021.0,연립다세대,2022
성북구,10900,동소문동6가,3.0,20220310,월세,18.57,500,16,2002.0,연립다세대,2022
성북구,13800,장위동,12.0,20220310,월세,40.47,2672,16,2020.0,아파트,2022
성북구,13300,정릉동,,20220310,월세,14.0,1000,29,2019.0,단독다가구,2022
성북구,13900,석관동,,20220310,월세,11.41,500,40,2010.0,단독다가구,2022
성북구,10300,돈암동,3.0,20220310,월세,84.98,25000,110,2005.0,아파트,2022
성북구,11800,동선동3가,,20220310,월세,29.7,1000,60,1996.0,단독다가구,2022
성북구,13200,보문동3가,10.0,20220310,월세,84.41,50,32,2013.0,아파트,2022
성북구,10300,돈암동,13.0,20220310,월세,84.97,10000,115,2004.0,아파트,2022
성북구,11800,동선동3가,,20220310,월세,21.0,500,46,2001.0,단독다가구,2022
성북구,13900,석관동,,20220310,월세,25.0,200,29,1996.0,단독다가구,2022
성북구,11500,삼선동5가,,20220310,월세,29.72,5000,60,1993.0,단독다가구,2022
성북구,12800,보문동6가,,20220310,월세,23.1,500,45,1991.0,단독다가구,2022
성북구,13400,길음동,26.0,20220310,월세,59.78,35000,90,2022.0,아파트,2022
성북구,13400,길음동,11.0,20220310,월세,43.63,4860,6,2022.0,아파트,2022
성북구,13400,길음동,3.0,20220310,월세,43.63,3120,16,2022.0,아파트,2022
성북구,13400,길음동,15.0,20220310,월세,59.88,10000,190,2022.0,아파트,2022
성북구,13900,석관동,4.0,20220310,월세,44.19,5308,8,2019.0,아파트,2022
성북구,10300,돈암동,10.0,20220310,월세,41.58,20000,30,1991.0,아파트,2022
성북구,13900,석관동,5.0,20220310,월세,57.52,3657,38,2021.0,연립다세대,2022
성북구,11900,동선동4가,14.0,20220310,월세,22.69,500,69,2011.0,오피스텔,2022
성북구,10700,동소문동4가,6.0,20220310,월세,25.89,1000,60,2003.0,오피스텔,2022
성북구,13800,장위동,8.0,20220310,월세,18.03,2000,45,2019.0,오피스텔,2022
성북구,13600,하월곡동,2.0,20220310,월세,27.98,300,100,2021.0,오피스텔,2022
성북구,13300,정릉동,3.0,20220310,월세,58.98,4000,55,2007.0,연립다세대,2022
성북구,13800,장위동,,20220311,월세,50.0,1000,45,1996.0,단독다가구,2022
성북구,13500,종암동,,20220311,월세,49.5,1000,40,1989.0,단독다가구,2022
성북구,13800,장위동,,20220311,월세,59.4,6000,50,1996.0,단독다가구,2022
성북구,13400,길음동,2.0,20220311,월세,60.0,32000,50,2003.0,아파트,2022
성북구,13400,길음동,19.0,20220311,월세,84.96,20000,150,2006.0,아파트,2022
성북구,11800,동선동3가,3.0,20220311,월세,24.64,10000,15,2003.0,오피스텔,2022
성북구,13800,장위동,7.0,20220311,월세,84.87,5000,210,2017.0,아파트,2022
성북구,13600,하월곡동,,20220311,월세,40.32,1500,40,1993.0,단독다가구,2022
성북구,13800,장위동,,20220311,월세,33.84,300,32,1991.0,단독다가구,2022
성북구,13600,하월곡동,,20220311,월세,12.0,300,32,1991.0,단독다가구,2022
성북구,13300,정릉동,,20220311,월세,20.0,500,29,2009.0,단독다가구,2022
성북구,10200,성북동1가,,20220311,월세,37.35,2000,80,1997.0,단독다가구,2022
성북구,13900,석관동,,20220311,월세,39.92,1000,50,1994.0,단독다가구,2022
성북구,13600,하월곡동,,20220311,월세,18.0,1000,50,2022.0,단독다가구,2022
성북구,10300,돈암동,10.0,20220311,월세,68.13,30000,50,1998.0,아파트,2022
성북구,13300,정릉동,3.0,20220311,월세,59.98,15000,95,2008.0,아파트,2022
성북구,13300,정릉동,,20220311,월세,20.0,1000,29,1993.0,단독다가구,2022
성북구,13300,정릉동,16.0,20220311,월세,59.26,15000,50,1999.0,아파트,2022
성북구,13200,보문동3가,14.0,20220311,월세,84.41,30000,115,2013.0,아파트,2022
성북구,13900,석관동,,20220311,월세,30.0,2000,50,2019.0,단독다가구,2022
성북구,11500,삼선동5가,,20220311,월세,26.0,3000,30,1995.0,단독다가구,2022
성북구,13400,길음동,,20220311,월세,30.0,500,30,1969.0,단독다가구,2022
성북구,13200,보문동3가,,20220311,월세,26.0,300,23,1993.0,단독다가구,2022
성북구,13800,장위동,,20220311,월세,27.27,2000,40,1958.0,단독다가구,2022
성북구,13300,정릉동,3.0,20220311,월세,80.31,5000,70,2008.0,연립다세대,2022
성북구,13400,길음동,2.0,20220311,월세,53.31,5913,8,2022.0,아파트,2022
성북구,13500,종암동,,20220311,월세,43.0,300,30,1996.0,단독다가구,2022
성북구,10300,돈암동,6.0,20220311,월세,84.39,30000,70,1991.0,아파트,2022
성북구,13500,종암동,4.0,20220311,월세,59.97,4000,125,2009.0,아파트,2022
성북구,11400,삼선동4가,5.0,20220311,월세,59.94,20000,50,1999.0,아파트,2022
성북구,10300,돈암동,12.0,20220312,월세,59.58,6000,110,1998.0,아파트,2022
성북구,13600,하월곡동,20.0,20220312,월세,166.87,30000,300,2010.0,아파트,2022
성북구,10300,돈암동,11.0,20220312,월세,41.58,1000,70,1991.0,아파트,2022
성북구,13100,보문동2가,,20220312,월세,49.86,8000,40,1989.0,단독다가구,2022
성북구,11500,삼선동5가,,20220312,월세,60.18,9000,70,1995.0,단독다가구,2022
성북구,13800,장위동,2.0,20220312,월세,101.79,50000,100,2021.0,아파트,2022
성북구,13500,종암동,14.0,20220312,월세,84.99,10000,180,2011.0,아파트,2022
성북구,13800,장위동,13.0,20220312,월세,84.98,30000,120,2020.0,아파트,2022
성북구,13500,종암동,,20220312,월세,52.0,300,42,1988.0,단독다가구,2022
성북구,13800,장위동,,20220312,월세,50.0,1000,50,1996.0,단독다가구,2022
성북구,10300,돈암동,10.0,20220312,월세,84.82,35000,50,2006.0,아파트,2022
성북구,13800,장위동,,20220312,월세,72.44,5000,45,1967.0,단독다가구,2022
성북구,13400,길음동,1.0,20220312,월세,59.77,3000,130,2005.0,아파트,2022
성북구,13400,길음동,9.0,20220312,월세,59.99,10000,130,2010.0,아파트,2022
성북구,13400,길음동,15.0,20220312,월세,59.96,10000,140,2010.0,아파트,2022
성북구,11500,삼선동5가,6.0,20220312,월세,27.69,1000,55,2003.0,오피스텔,2022
성북구,13900,석관동,,20220312,월세,16.5,500,29,2010.0,단독다가구,2022
성북구,13700,상월곡동,,20220312,월세,36.0,300,35,1992.0,단독다가구,2022
성북구,11500,삼선동5가,,20220312,월세,20.0,1500,60,1990.0,단독다가구,2022
성북구,13800,장위동,,20220312,월세,33.0,300,35,1993.0,단독다가구,2022
성북구,13500,종암동,,20220312,월세,33.0,3000,20,1993.0,단독다가구,2022
성북구,13800,장위동,,20220312,월세,37.97,1500,38,1994.0,단독다가구,2022
성북구,12500,안암동5가,,20220312,월세,17.0,300,30,1994.0,단독다가구,2022
성북구,13700,상월곡동,,20220312,월세,20.0,500,30,1970.0,단독다가구,2022
성북구,13000,보문동1가,2.0,20220312,월세,59.79,20000,140,2022.0,아파트,2022
성북구,13800,장위동,5.0,20220312,월세,18.03,1000,55,2019.0,오피스텔,2022
성북구,11300,삼선동3가,8.0,20220312,월세,84.95,5200,175,2012.0,아파트,2022
성북구,13500,종암동,19.0,20220312,월세,114.75,43300,10,1999.0,아파트,2022
성북구,13900,석관동,,20220312,월세,29.7,500,35,1993.0,단독다가구,2022
성북구,13500,종암동,1.0,20220312,월세,59.4,3000,85,1996.0,아파트,2022
성북구,13900,석관동,,20220312,월세,30.0,1000,50,1991.0,단독다가구,2022
성북구,13500,종암동,9.0,20220312,월세,84.97,8000,127,2010.0,아파트,2022
성북구,10300,돈암동,6.0,20220312,월세,59.99,4000,120,2004.0,아파트,2022
성북구,13200,보문동3가,15.0,20220312,월세,124.18,40000,150,2013.0,아파트,2022
성북구,13100,보문동2가,,20220312,월세,23.1,1000,40,1998.0,단독다가구,2022
성북구,11100,삼선동1가,,20220312,월세,22.0,1000,40,2010.0,단독다가구,2022
성북구,13800,장위동,,20220312,월세,45.33,1000,40,1993.0,단독다가구,2022
성북구,13900,석관동,,20220312,월세,41.58,500,30,1994.0,단독다가구,2022
성북구,13400,길음동,4.0,20220312,월세,59.87,50000,20,2022.0,아파트,2022
성북구,13400,길음동,17.0,20220312,월세,59.87,30000,100,2022.0,아파트,2022
성북구,13800,장위동,3.0,20220312,월세,53.93,1000,65,2003.0,연립다세대,2022
성북구,13900,석관동,5.0,20220313,월세,32.04,5500,17,2021.0,연립다세대,2022
성북구,13400,길음동,24.0,20220313,월세,84.77,40000,110,2022.0,아파트,2022
성북구,13900,석관동,,20220313,월세,92.43,10000,70,1975.0,단독다가구,2022
성북구,13900,석관동,,20220313,월세,54.38,2000,60,1969.0,단독다가구,2022
성북구,12500,안암동5가,,20220313,월세,14.0,500,40,1998.0,단독다가구,2022
성북구,13600,하월곡동,1.0,20220313,월세,79.99,2000,100,1987.0,연립다세대,2022
성북구,13400,길음동,4.0,20220313,월세,114.98,35000,78,2010.0,아파트,2022
성북구,13300,정릉동,,20220313,월세,17.0,500,47,2017.0,단독다가구,2022
성북구,13300,정릉동,7.0,20220313,월세,59.88,2500,90,2005.0,아파트,2022
성북구,11800,동선동3가,,20220313,월세,30.0,500,50,1993.0,단독다가구,2022
성북구,11100,삼선동1가,,20220314,월세,22.84,500,35,1995.0,단독다가구,2022
성북구,13800,장위동,9.0,20220314,월세,32.22,10134,26,2017.0,아파트,2022
성북구,13800,장위동,9.0,20220314,월세,32.22,8838,32,2017.0,아파트,2022
성북구,13400,길음동,2.0,20220314,월세,43.63,4860,6,2022.0,아파트,2022
성북구,13400,길음동,2.0,20220314,월세,43.63,3120,16,2022.0,아파트,2022
성북구,10700,동소문동4가,9.0,20220314,월세,58.59,8500,90,1998.0,아파트,2022
성북구,13600,하월곡동,7.0,20220314,월세,18.02,1000,60,2020.0,오피스텔,2022
성북구,13600,하월곡동,,20220314,월세,49.34,5000,60,1994.0,단독다가구,2022
성북구,13500,종암동,,20220314,월세,58.0,10000,20,1993.0,단독다가구,2022
성북구,13800,장위동,,20220314,월세,67.48,5000,50,1991.0,단독다가구,2022
성북구,13800,장위동,4.0,20220314,월세,47.32,9000,30,1995.0,연립다세대,2022
성북구,13900,석관동,,20220314,월세,53.18,1000,50,1973.0,단독다가구,2022
성북구,13500,종암동,1.0,20220314,월세,84.92,30450,53,2009.0,아파트,2022
성북구,11500,삼선동5가,5.0,20220314,월세,87.75,1000,60,2001.0,연립다세대,2022
성북구,13600,하월곡동,5.0,20220314,월세,46.54,1800,23,2018.0,연립다세대,2022
성북구,13600,하월곡동,4.0,20220314,월세,42.12,1701,22,2018.0,연립다세대,2022
성북구,13600,하월곡동,4.0,20220314,월세,47.92,4643,10,2018.0,연립다세대,2022
성북구,13400,길음동,11.0,20220314,월세,59.97,5000,180,2019.0,아파트,2022
성북구,13800,장위동,12.0,20220314,월세,59.99,10000,170,2020.0,아파트,2022
성북구,13500,종암동,,20220314,월세,45.2,1000,82,2012.0,단독다가구,2022
성북구,12200,안암동2가,,20220314,월세,42.18,1500,50,,단독다가구,2022
성북구,13600,하월곡동,5.0,20220314,월세,79.98,20000,90,2004.0,아파트,2022
성북구,12500,안암동5가,,20220314,월세,16.5,500,40,1996.0,단독다가구,2022
성북구,12600,보문동4가,4.0,20220314,월세,35.74,2000,74,2013.0,연립다세대,2022
성북구,13900,석관동,,20220314,월세,33.0,200,20,1994.0,단독다가구,2022
성북구,13000,보문동1가,4.0,20220314,월세,59.79,20000,145,2022.0,아파트,2022
성북구,13300,정릉동,3.0,20220314,월세,38.37,500,65,1991.0,연립다세대,2022
성북구,13900,석관동,,20220315,월세,33.0,500,35,1994.0,단독다가구,2022
성북구,13300,정릉동,8.0,20220315,월세,59.98,28000,40,2005.0,아파트,2022
성북구,13600,하월곡동,2.0,20220315,월세,52.88,2088,27,2018.0,연립다세대,2022
성북구,11500,삼선동5가,,20220315,월세,21.22,500,45,2000.0,단독다가구,2022
성북구,12300,안암동3가,,20220315,월세,30.0,1000,60,2002.0,단독다가구,2022
성북구,10100,성북동,,20220315,월세,28.0,1000,45,1997.0,단독다가구,2022
성북구,13400,길음동,5.0,20220315,월세,33.28,2847,24,2010.0,아파트,2022
성북구,13600,하월곡동,5.0,20220315,월세,59.65,8000,105,2010.0,아파트,2022
성북구,13400,길음동,7.0,20220315,월세,84.98,35000,100,2022.0,아파트,2022
성북구,13900,석관동,,20220315,월세,25.0,500,45,1993.0,단독다가구,2022
성북구,11500,삼선동5가,,20220315,월세,29.72,500,60,1993.0,단독다가구,2022
성북구,13300,정릉동,,20220315,월세,51.3,12000,15,1994.0,단독다가구,2022
성북구,13900,석관동,,20220315,월세,52.64,5000,10,1995.0,단독다가구,2022
성북구,13600,하월곡동,,20220315,월세,76.0,500,40,1978.0,단독다가구,2022
성북구,13800,장위동,,20220315,월세,77.72,1000,50,1970.0,단독다가구,2022
성북구,13800,장위동,,20220315,월세,49.48,3000,30,1996.0,단독다가구,2022
성북구,13300,정릉동,2.0,20220315,월세,14.23,100,8,2012.0,아파트,2022
성북구,13300,정릉동,13.0,20220315,월세,85.0,5000,130,2006.0,아파트,2022
성북구,13600,하월곡동,,20220315,월세,17.0,1000,45,2021.0,단독다가구,2022
성북구,13300,정릉동,,20220315,월세,41.11,9000,13,1991.0,단독다가구,2022
성북구,13800,장위동,3.0,20220315,월세,58.92,100,40,2019.0,연립다세대,2022
성북구,13500,종암동,12.0,20220315,월세,39.0,2512,22,2009.0,아파트,2022
성북구,10300,돈암동,12.0,20220315,월세,68.13,6000,110,1998.0,아파트,2022
성북구,13400,길음동,7.0,20220315,월세,33.46,2432,4,2019.0,아파트,2022
성북구,13900,석관동,4.0,20220315,월세,73.95,6008,13,2017.0,연립다세대,2022
성북구,13800,장위동,,20220316,월세,53.82,1000,45,1990.0,단독다가구,2022
성북구,13300,정릉동,2.0,20220316,월세,84.98,40000,30,2004.0,아파트,2022
성북구,13300,정릉동,4.0,20220316,월세,34.2,20700,2,2020.0,연립다세대,2022
성북구,13600,하월곡동,5.0,20220316,월세,42.12,3996,9,2018.0,연립다세대,2022
성북구,12500,안암동5가,,20220316,월세,10.0,100,30,1993.0,단독다가구,2022
성북구,13700,상월곡동,,20220316,월세,14.07,1000,50,2017.0,단독다가구,2022
성북구,13800,장위동,,20220316,월세,39.0,2000,25,1998.0,단독다가구,2022
성북구,13300,정릉동,,20220316,월세,31.85,1000,30,1992.0,단독다가구,2022
성북구,13900,석관동,,20220316,월세,29.0,500,45,2004.0,단독다가구,2022
성북구,13400,길음동,27.0,20220316,월세,84.98,5000,250,2022.0,아파트,2022
성북구,13400,길음동,9.0,20220316,월세,84.97,3000,132,2005.0,아파트,2022
성북구,13400,길음동,8.0,20220316,월세,43.63,3120,16,2022.0,아파트,2022
성북구,13400,길음동,8.0,20220316,월세,43.63,1248,20,2022.0,아파트,2022
성북구,13400,길음동,5.0,20220316,월세,84.64,48200,7,2005.0,아파트,2022
성북구,13400,길음동,9.0,20220316,월세,38.02,2733,14,2022.0,아파트,2022
성북구,13400,길음동,9.0,20220316,월세,38.02,1093,18,2022.0,아파트,2022
성북구,13400,길음동,3.0,20220316,월세,84.05,45000,30,2007.0,아파트,2022
성북구,13400,길음동,5.0,20220316,월세,59.37,25000,61,2007.0,아파트,2022
성북구,13400,길음동,20.0,20220316,월세,84.77,20000,190,2022.0,아파트,2022
성북구,13400,길음동,9.0,20220316,월세,84.77,7000,240,2022.0,아파트,2022
성북구,13300,정릉동,,20220316,월세,22.22,500,30,1992.0,단독다가구,2022
성북구,13500,종암동,,20220316,월세,20.0,2000,55,2019.0,단독다가구,2022
성북구,13300,정릉동,,20220316,월세,17.0,500,45,2003.0,단독다가구,2022
성북구,13300,정릉동,,20220316,월세,16.0,500,30,1993.0,단독다가구,2022
성북구,13300,정릉동,12.0,20220316,월세,59.77,5000,135,2006.0,아파트,2022
성북구,13800,장위동,,20220316,월세,46.0,1500,45,1996.0,단독다가구,2022
성북구,13500,종암동,4.0,20220316,월세,59.98,10000,145,2011.0,아파트,2022
성북구,13900,석관동,3.0,20220316,월세,84.9,10000,130,1998.0,아파트,2022
성북구,11900,동선동4가,2.0,20220316,월세,29.19,1000,70,2008.0,오피스텔,2022
성북구,13800,장위동,4.0,20220317,월세,46.35,11872,32,2020.0,아파트,2022
성북구,13500,종암동,,20220317,월세,14.0,300,35,2007.0,단독다가구,2022
성북구,13800,장위동,2.0,20220317,월세,46.35,11872,32,2020.0,아파트,2022
성북구,13800,장위동,5.0,20220317,월세,36.14,8889,24,2020.0,아파트,2022
성북구,13800,장위동,6.0,20220317,월세,46.35,11872,32,2020.0,아파트,2022
성북구,13800,장위동,13.0,20220317,월세,36.14,7367,28,2020.0,아파트,2022
성북구,13800,장위동,18.0,20220317,월세,36.14,8419,22,2020.0,아파트,2022
성북구,13800,장위동,7.0,20220317,월세,46.35,10388,39,2020.0,아파트,2022
성북구,13800,장위동,12.0,20220317,월세,36.14,6221,32,2020.0,아파트,2022
성북구,13800,장위동,3.0,20220317,월세,46.35,9788,40,2020.0,아파트,2022
성북구,13800,장위동,16.0,20220317,월세,36.14,8419,22,2020.0,아파트,2022
성북구,13800,장위동,7.0,20220317,월세,36.14,7954,21,2020.0,아파트,2022
성북구,13800,장위동,11.0,20220317,월세,36.14,8419,22,2020.0,아파트,2022
성북구,13800,장위동,9.0,20220317,월세,36.14,7777,29,2020.0,아파트,2022
성북구,13800,장위동,12.0,20220317,월세,36.14,7367,28,2020.0,아파트,2022
성북구,13800,장위동,7.0,20220317,월세,46.35,11872,32,2020.0,아파트,2022
성북구,13800,장위동,7.0,20220317,월세,36.14,7747,26,2020.0,아파트,2022
성북구,13800,장위동,2.0,20220317,월세,36.14,7777,29,2020.0,아파트,2022
성북구,13800,장위동,23.0,20220317,월세,36.14,7367,28,2020.0,아파트,2022
성북구,13800,장위동,1.0,20220317,월세,46.35,11872,32,2020.0,아파트,2022
성북구,13800,장위동,7.0,20220317,월세,36.14,7367,28,2020.0,아파트,2022
성북구,13800,장위동,1.0,20220317,월세,36.14,8729,45,2020.0,아파트,2022
성북구,13800,장위동,14.0,20220317,월세,36.14,8419,22,2020.0,아파트,2022
성북구,13800,장위동,9.0,20220317,월세,46.35,11872,32,2020.0,아파트,2022
성북구,13400,길음동,17.0,20220317,월세,84.77,15000,210,2022.0,아파트,2022
성북구,13800,장위동,17.0,20220317,월세,36.14,8419,22,2020.0,아파트,2022
성북구,13800,장위동,21.0,20220317,월세,36.14,8419,22,2020.0,아파트,2022
성북구,13800,장위동,20.0,20220317,월세,36.14,8419,22,2020.0,아파트,2022
성북구,13800,장위동,3.0,20220317,월세,36.14,8419,22,2020.0,아파트,2022
성북구,13800,장위동,10.0,20220317,월세,36.14,6295,32,2020.0,아파트,2022
성북구,13400,길음동,6.0,20220317,월세,43.63,2220,18,2022.0,아파트,2022
성북구,13800,장위동,22.0,20220317,월세,36.14,8419,22,2020.0,아파트,2022
성북구,13800,장위동,1.0,20220317,월세,36.14,6295,32,2020.0,아파트,2022
성북구,13800,장위동,5.0,20220317,월세,46.35,10388,39,2020.0,아파트,2022
성북구,12700,보문동5가,,20220317,월세,42.36,2000,45,1993.0,단독다가구,2022
성북구,13900,석관동,,20220317,월세,43.24,2000,51,1997.0,단독다가구,2022
성북구,13300,정릉동,3.0,20220317,월세,44.77,22000,6,2020.0,연립다세대,2022
성북구,13300,정릉동,,20220317,월세,35.72,11000,10,1996.0,단독다가구,2022
성북구,13800,장위동,,20220317,월세,35.0,500,40,1994.0,단독다가구,2022
성북구,13300,정릉동,1.0,20220317,월세,35.06,800,20,1996.0,연립다세대,2022
성북구,11700,동선동2가,2.0,20220317,월세,12.18,2000,50,2017.0,연립다세대,2022
성북구,13400,길음동,6.0,20220317,월세,59.86,23000,34,2005.0,아파트,2022
성북구,13300,정릉동,,20220317,월세,30.0,1000,40,1991.0,단독다가구,2022
성북구,12100,안암동1가,,20220317,월세,21.0,500,45,2019.0,단독다가구,2022
성북구,13600,하월곡동,,20220317,월세,15.0,100,29,1992.0,단독다가구,2022
성북구,13700,상월곡동,,20220317,월세,15.0,500,35,2018.0,단독다가구,2022
성북구,10600,동소문동3가,,20220318,월세,33.0,10000,40,2020.0,단독다가구,2022
성북구,13900,석관동,,20220318,월세,31.3,1000,40,1993.0,단독다가구,2022
성북구,11900,동선동4가,2.0,20220318,월세,75.38,500,63,2003.0,연립다세대,2022
성북구,12000,동선동5가,,20220318,월세,78.75,1000,50,1989.0,단독다가구,2022
성북구,13800,장위동,20.0,20220318,월세,36.14,8419,22,2020.0,아파트,2022
성북구,13800,장위동,9.0,20220318,월세,36.14,8419,22,2020.0,아파트,2022
성북구,13800,장위동,,20220318,월세,64.8,4000,55,1993.0,단독다가구,2022
성북구,13700,상월곡동,13.0,20220318,월세,59.95,6000,74,2003.0,아파트,2022
성북구,13800,장위동,11.0,20220318,월세,46.35,11872,32,2020.0,아파트,2022
성북구,13800,장위동,6.0,20220318,월세,36.14,8419,22,2020.0,아파트,2022
성북구,13800,장위동,2.0,20220318,월세,36.14,8419,22,2020.0,아파트,2022
성북구,13800,장위동,17.0,20220318,월세,36.14,7367,28,2020.0,아파트,2022
성북구,13800,장위동,20.0,20220318,월세,36.14,8473,22,2020.0,아파트,2022
성북구,13800,장위동,14.0,20220318,월세,36.14,8419,22,2020.0,아파트,2022
성북구,10300,돈암동,17.0,20220318,월세,84.82,35000,70,2006.0,아파트,2022
성북구,13800,장위동,24.0,20220318,월세,36.14,6958,26,2020.0,아파트,2022
성북구,13800,장위동,7.0,20220318,월세,36.14,8419,22,2020.0,아파트,2022
성북구,13800,장위동,19.0,20220318,월세,36.14,7777,29,2020.0,아파트,2022
성북구,13300,정릉동,,20220318,월세,48.0,10000,30,1994.0,단독다가구,2022
성북구,13800,장위동,13.0,20220318,월세,36.14,7367,28,2020.0,아파트,2022
성북구,10100,성북동,,20220318,월세,18.25,1000,30,1969.0,단독다가구,2022
성북구,13800,장위동,,20220318,월세,43.0,1000,15,1992.0,단독다가구,2022
성북구,12600,보문동4가,,20220318,월세,41.2,2000,72,,단독다가구,2022
성북구,11900,동선동4가,,20220318,월세,18.0,500,40,2008.0,단독다가구,2022
성북구,13300,정릉동,8.0,20220318,월세,85.0,10000,130,2006.0,아파트,2022
성북구,10300,돈암동,6.0,20220318,월세,132.96,5000,230,1998.0,아파트,2022
성북구,11500,삼선동5가,,20220318,월세,21.22,500,42,2000.0,단독다가구,2022
성북구,13400,길음동,11.0,20220318,월세,84.97,10000,150,2005.0,아파트,2022
성북구,13300,정릉동,,20220319,월세,13.0,1000,43,1996.0,단독다가구,2022
성북구,13400,길음동,9.0,20220319,월세,84.64,25000,90,2005.0,아파트,2022
성북구,13400,길음동,1.0,20220319,월세,59.99,10500,66,2003.0,아파트,2022
성북구,13600,하월곡동,14.0,20220319,월세,84.91,39000,5,2011.0,아파트,2022
성북구,13400,길음동,25.0,20220319,월세,84.96,10000,158,2010.0,아파트,2022
성북구,13800,장위동,13.0,20220319,월세,59.1,10000,140,2020.0,아파트,2022
성북구,13600,하월곡동,4.0,20220319,월세,59.65,25200,35,2010.0,아파트,2022
성북구,13900,석관동,3.0,20220319,월세,29.71,3000,90,2018.0,연립다세대,2022
성북구,11100,삼선동1가,,20220319,월세,38.72,500,55,1995.0,단독다가구,2022
성북구,13600,하월곡동,,20220319,월세,56.0,3000,50,2015.0,단독다가구,2022
성북구,13300,정릉동,,20220319,월세,83.16,9000,10,1990.0,단독다가구,2022
성북구,13800,장위동,15.0,20220319,월세,39.71,1500,81,2020.0,아파트,2022
성북구,13800,장위동,,20220319,월세,54.74,300,42,1973.0,단독다가구,2022
성북구,11300,삼선동3가,,20220319,월세,60.0,100,40,1997.0,단독다가구,2022
성북구,13900,석관동,,20220319,월세,20.0,400,30,1994.0,단독다가구,2022
성북구,13500,종암동,3.0,20220319,월세,59.98,5000,150,2011.0,아파트,2022
성북구,13800,장위동,19.0,20220319,월세,36.14,7954,21,2020.0,아파트,2022
성북구,13800,장위동,17.0,20220319,월세,36.14,8419,22,2020.0,아파트,2022
성북구,13800,장위동,15.0,20220319,월세,36.14,8419,22,2020.0,아파트,2022
성북구,13800,장위동,8.0,20220319,월세,36.14,8419,22,2020.0,아파트,2022
성북구,13800,장위동,3.0,20220319,월세,36.14,8419,22,2020.0,아파트,2022
성북구,10300,돈암동,14.0,20220319,월세,59.86,29000,63,2016.0,아파트,2022
성북구,10300,돈암동,3.0,20220319,월세,41.58,2000,75,1991.0,아파트,2022
성북구,11400,삼선동4가,,20220319,월세,19.8,500,40,2012.0,단독다가구,2022
성북구,11500,삼선동5가,,20220319,월세,20.0,2000,35,1995.0,단독다가구,2022
성북구,12000,동선동5가,,20220319,월세,19.42,1000,60,1974.0,단독다가구,2022
성북구,11500,삼선동5가,,20220319,월세,24.0,1000,55,2019.0,단독다가구,2022
성북구,13500,종암동,17.0,20220319,월세,119.87,5000,200,2010.0,아파트,2022
성북구,13600,하월곡동,21.0,20220319,월세,84.88,36000,70,2007.0,아파트,2022
성북구,13900,석관동,7.0,20220319,월세,33.15,5000,50,2003.0,오피스텔,2022
성북구,13800,장위동,,20220320,월세,46.2,300,25,1989.0,단독다가구,2022
성북구,13600,하월곡동,7.0,20220320,월세,79.35,25000,30,2004.0,아파트,2022
성북구,10100,성북동,3.0,20220320,월세,93.87,25000,20,1985.0,연립다세대,2022
성북구,12300,안암동3가,,20220320,월세,45.86,1000,55,1993.0,단독다가구,2022
성북구,13400,길음동,1.0,20220320,월세,59.99,2000,110,2005.0,아파트,2022
성북구,13300,정릉동,,20220320,월세,48.0,5000,40,1977.0,단독다가구,2022
성북구,13600,하월곡동,14.0,20220320,월세,15.55,1000,50,2013.0,아파트,2022
성북구,13800,장위동,,20220320,월세,81.77,6800,42,1989.0,단독다가구,2022
성북구,10400,동소문동1가,,20220320,월세,25.0,5000,40,2003.0,단독다가구,2022
성북구,13700,상월곡동,,20220320,월세,25.0,300,35,1994.0,단독다가구,2022
성북구,13800,장위동,,20220320,월세,26.0,500,31,1993.0,단독다가구,2022
성북구,13300,정릉동,,20220320,월세,20.0,500,45,1965.0,단독다가구,2022
성북구,11700,동선동2가,,20220320,월세,20.0,0,40,1997.0,단독다가구,2022
성북구,13300,정릉동,,20220320,월세,20.0,500,25,1965.0,단독다가구,2022
성북구,13500,종암동,1.0,20220321,월세,62.55,1000,50,1983.0,아파트,2022
성북구,13800,장위동,5.0,20220321,월세,39.34,1329,20,2006.0,아파트,2022
성북구,13800,장위동,8.0,20220321,월세,39.34,3480,8,2006.0,아파트,2022
성북구,10300,돈암동,16.0,20220321,월세,152.25,5000,179,1998.0,아파트,2022
성북구,13900,석관동,3.0,20220321,월세,39.01,9304,24,2019.0,아파트,2022
성북구,13900,석관동,16.0,20220321,월세,39.01,9304,24,2019.0,아파트,2022
성북구,13900,석관동,10.0,20220321,월세,39.01,8186,29,2019.0,아파트,2022
성북구,13900,석관동,14.0,20220321,월세,39.01,6626,33,2019.0,아파트,2022
성북구,13800,장위동,15.0,20220321,월세,46.35,11872,32,2020.0,아파트,2022
성북구,13800,장위동,7.0,20220321,월세,46.35,11872,32,2020.0,아파트,2022
성북구,13800,장위동,21.0,20220321,월세,46.35,11872,32,2020.0,아파트,2022
성북구,13800,장위동,19.0,20220321,월세,46.35,11872,32,2020.0,아파트,2022
성북구,13600,하월곡동,17.0,20220321,월세,126.6,10000,290,2011.0,아파트,2022
성북구,13800,장위동,5.0,20220321,월세,36.14,12512,32,2020.0,아파트,2022
성북구,13800,장위동,10.0,20220321,월세,36.14,6295,32,2020.0,아파트,2022
성북구,13800,장위동,15.0,20220321,월세,36.14,8419,22,2020.0,아파트,2022
성북구,13800,장위동,6.0,20220321,월세,36.14,7777,29,2020.0,아파트,2022
성북구,13800,장위동,16.0,20220321,월세,36.14,7777,29,2020.0,아파트,2022
성북구,13800,장위동,9.0,20220321,월세,36.14,8419,22,2020.0,아파트,2022
성북구,13800,장위동,24.0,20220321,월세,36.14,8419,22,2020.0,아파트,2022
성북구,12100,안암동1가,,20220321,월세,33.2,1000,42,1991.0,단독다가구,2022
성북구,13400,길음동,15.0,20220321,월세,114.88,20000,120,2005.0,아파트,2022
성북구,13300,정릉동,,20220321,월세,32.22,1000,40,1989.0,단독다가구,2022
성북구,13500,종암동,,20220321,월세,39.2,500,30,1985.0,단독다가구,2022
성북구,13800,장위동,,20220321,월세,35.67,2000,50,1992.0,단독다가구,2022
성북구,13600,하월곡동,,20220321,월세,65.58,4500,45,1974.0,단독다가구,2022
성북구,11800,동선동3가,,20220321,월세,16.5,500,50,2019.0,단독다가구,2022
성북구,13500,종암동,,20220321,월세,52.13,500,20,1964.0,단독다가구,2022
성북구,11800,동선동3가,,20220321,월세,16.5,5000,15,2019.0,단독다가구,2022
성북구,12000,동선동5가,,20220321,월세,20.0,1000,45,2009.0,단독다가구,2022
성북구,13800,장위동,,20220321,월세,49.5,70,25,1983.0,단독다가구,2022
성북구,13500,종암동,,20220321,월세,18.0,500,38,1997.0,단독다가구,2022
성북구,13500,종암동,,20220321,월세,66.0,500,30,1985.0,단독다가구,2022
성북구,11500,삼선동5가,,20220321,월세,50.02,7000,45,1997.0,단독다가구,2022
성북구,13900,석관동,,20220321,월세,23.0,3000,20,2019.0,단독다가구,2022
성북구,13600,하월곡동,,20220321,월세,30.0,500,50,1993.0,단독다가구,2022
성북구,13400,길음동,15.0,20220321,월세,84.98,25000,20,2022.0,아파트,2022
성북구,13400,길음동,15.0,20220321,월세,84.98,25000,50,2022.0,아파트,2022
성북구,13400,길음동,3.0,20220322,월세,53.31,3796,20,2022.0,아파트,2022
성북구,13400,길음동,3.0,20220322,월세,53.31,5913,8,2022.0,아파트,2022
성북구,13600,하월곡동,,20220322,월세,23.14,1000,45,1991.0,단독다가구,2022
성북구,13900,석관동,,20220322,월세,26.64,100,30,1990.0,단독다가구,2022
성북구,12100,안암동1가,,20220322,월세,26.44,1000,40,1991.0,단독다가구,2022
성북구,13600,하월곡동,1.0,20220322,월세,84.88,15000,105,2007.0,아파트,2022
성북구,10200,성북동1가,,20220322,월세,42.5,20000,40,2017.0,단독다가구,2022
성북구,13600,하월곡동,17.0,20220322,월세,59.88,5000,74,1998.0,아파트,2022
성북구,13400,길음동,30.0,20220322,월세,84.66,15000,190,2019.0,아파트,2022
성북구,13900,석관동,9.0,20220322,월세,59.97,2000,140,1998.0,아파트,2022
성북구,13900,석관동,15.0,20220322,월세,39.01,9304,24,2019.0,아파트,2022
성북구,13900,석관동,4.0,20220322,월세,39.01,9304,24,2019.0,아파트,2022
성북구,13900,석관동,14.0,20220322,월세,39.01,9304,24,2019.0,아파트,2022
성북구,13900,석관동,16.0,20220322,월세,39.01,8186,29,2019.0,아파트,2022
성북구,12100,안암동1가,,20220322,월세,18.0,300,35,1994.0,단독다가구,2022
성북구,12000,동선동5가,,20220322,월세,18.0,2000,35,2010.0,단독다가구,2022
성북구,11100,삼선동1가,,20220322,월세,16.5,500,40,,단독다가구,2022
성북구,13400,길음동,2.0,20220322,월세,30.61,3028,9,2005.0,아파트,2022
성북구,13300,정릉동,,20220322,월세,50.0,2000,40,1995.0,단독다가구,2022
성북구,10100,성북동,,20220322,월세,31.44,3000,34,1996.0,단독다가구,2022
성북구,12300,안암동3가,,20220322,월세,37.8,8925,10,1993.0,단독다가구,2022
성북구,13300,정릉동,,20220322,월세,57.6,1000,65,1957.0,단독다가구,2022
성북구,13300,정릉동,,20220322,월세,63.21,2000,60,1967.0,단독다가구,2022
성북구,13000,보문동1가,4.0,20220322,월세,59.79,30000,90,2022.0,아파트,2022
성북구,11300,삼선동3가,10.0,20220322,월세,84.95,25000,120,2012.0,아파트,2022
성북구,12800,보문동6가,14.0,20220323,월세,72.96,10000,127,2017.0,아파트,2022
성북구,13900,석관동,3.0,20220323,월세,42.2,3000,45,2013.0,연립다세대,2022
성북구,12500,안암동5가,,20220323,월세,24.79,500,60,1994.0,단독다가구,2022
성북구,12800,보문동6가,,20220323,월세,23.02,1500,20,1995.0,단독다가구,2022
성북구,13100,보문동2가,,20220323,월세,26.44,1000,50,2008.0,단독다가구,2022
성북구,13500,종암동,,20220323,월세,30.0,500,35,1993.0,단독다가구,2022
성북구,13300,정릉동,,20220323,월세,12.0,500,35,2018.0,단독다가구,2022
성북구,13400,길음동,5.0,20220323,월세,43.63,4860,6,2022.0,아파트,2022
성북구,13500,종암동,3.0,20220323,월세,12.39,500,42,2013.0,연립다세대,2022
성북구,13400,길음동,12.0,20220323,월세,84.77,35000,70,2022.0,아파트,2022
성북구,13900,석관동,18.0,20220323,월세,39.01,9304,24,2019.0,아파트,2022
성북구,13300,정릉동,9.0,20220323,월세,84.99,10000,110,2000.0,아파트,2022
성북구,13600,하월곡동,,20220323,월세,17.0,500,35,2021.0,단독다가구,2022
성북구,13800,장위동,,20220323,월세,40.4,4000,20,1991.0,단독다가구,2022
성북구,13300,정릉동,,20220323,월세,39.0,500,48,1998.0,단독다가구,2022
성북구,12200,안암동2가,,20220323,월세,36.98,1000,60,2004.0,단독다가구,2022
성북구,10300,돈암동,11.0,20220323,월세,59.5,7000,80,2016.0,아파트,2022
성북구,13300,정릉동,12.0,20220323,월세,84.83,20000,60,2001.0,아파트,2022
성북구,13300,정릉동,10.0,20220323,월세,50.45,5000,95,1999.0,아파트,2022
성북구,12300,안암동3가,7.0,20220323,월세,42.61,1000,40,1971.0,아파트,2022
성북구,13400,길음동,15.0,20220324,월세,59.37,15000,91,2007.0,아파트,2022
성북구,13300,정릉동,12.0,20220324,월세,114.84,20000,95,2001.0,아파트,2022
성북구,12100,안암동1가,,20220324,월세,12.19,1000,45,,단독다가구,2022
성북구,13500,종암동,8.0,20220324,월세,59.99,5000,130,2004.0,아파트,2022
성북구,11100,삼선동1가,,20220324,월세,28.0,500,42,1988.0,단독다가구,2022
성북구,11800,동선동3가,,20220324,월세,30.0,2000,45,2006.0,단독다가구,2022
성북구,11800,동선동3가,,20220324,월세,21.0,500,40,1996.0,단독다가구,2022
성북구,13600,하월곡동,24.0,20220324,월세,178.84,17000,300,2011.0,아파트,2022
성북구,13300,정릉동,,20220324,월세,37.89,10000,40,2017.0,단독다가구,2022
성북구,10100,성북동,,20220324,월세,77.0,2000,100,2006.0,단독다가구,2022
성북구,12600,보문동4가,,20220324,월세,62.26,2000,93,1998.0,단독다가구,2022
성북구,13300,정릉동,11.0,20220324,월세,32.76,1470,15,2005.0,아파트,2022
성북구,13500,종암동,4.0,20220324,월세,46.79,3000,100,2015.0,연립다세대,2022
성북구,13100,보문동2가,,20220324,월세,20.0,3000,35,1996.0,단독다가구,2022
성북구,13600,하월곡동,,20220324,월세,20.0,500,40,1989.0,단독다가구,2022
성북구,12500,안암동5가,,20220324,월세,15.0,300,20,1991.0,단독다가구,2022
성북구,13800,장위동,4.0,20220324,월세,25.04,500,40,2003.0,오피스텔,2022
성북구,13600,하월곡동,6.0,20220325,월세,15.62,3000,40,2013.0,아파트,2022
성북구,13300,정릉동,13.0,20220325,월세,109.75,20000,160,2008.0,아파트,2022
성북구,13300,정릉동,,20220325,월세,15.0,1000,45,2018.0,단독다가구,2022
성북구,11600,동선동1가,,20220325,월세,15.0,25,25,2019.0,단독다가구,2022
성북구,13400,길음동,3.0,20220325,월세,84.64,26000,95,2005.0,아파트,2022
성북구,13400,길음동,18.0,20220325,월세,84.97,10000,140,2005.0,아파트,2022
성북구,13500,종암동,,20220325,월세,20.0,500,43,2017.0,단독다가구,2022
성북구,13900,석관동,,20220325,월세,33.36,3000,60,1965.0,단독다가구,2022
성북구,13800,장위동,15.0,20220325,월세,14.71,1000,55,2019.0,아파트,2022
성북구,13200,보문동3가,3.0,20220325,월세,59.65,9000,120,2003.0,아파트,2022
성북구,12200,안암동2가,,20220325,월세,34.44,500,67,1994.0,단독다가구,2022
성북구,11700,동선동2가,,20220325,월세,37.48,5000,30,1995.0,단독다가구,2022
성북구,13800,장위동,,20220325,월세,40.0,100,30,1989.0,단독다가구,2022
성북구,13700,상월곡동,,20220325,월세,33.33,500,50,1991.0,단독다가구,2022
성북구,10700,동소문동4가,8.0,20220325,월세,79.34,4000,150,2006.0,오피스텔,2022
성북구,13600,하월곡동,6.0,20220325,월세,114.75,30000,120,2003.0,아파트,2022
성북구,13400,길음동,9.0,20220325,월세,59.78,50000,25,2022.0,아파트,2022
성북구,13400,길음동,8.0,20220325,월세,43.63,1248,20,2022.0,아파트,2022
성북구,13800,장위동,,20220325,월세,50.0,3000,40,1997.0,단독다가구,2022
성북구,12200,안암동2가,,20220325,월세,70.0,9000,90,2003.0,단독다가구,2022
성북구,13800,장위동,,20220325,월세,88.58,2000,40,1986.0,단독다가구,2022
성북구,13300,정릉동,1.0,20220325,월세,59.71,3000,75,1998.0,연립다세대,2022
성북구,13500,종암동,,20220326,월세,44.98,11000,10,1994.0,단독다가구,2022
성북구,11100,삼선동1가,,20220326,월세,46.71,10000,20,2009.0,단독다가구,2022
성북구,11100,삼선동1가,,20220326,월세,50.0,2000,45,1993.0,단독다가구,2022
성북구,13600,하월곡동,,20220326,월세,44.47,4000,45,1993.0,단독다가구,2022
성북구,13800,장위동,,20220326,월세,59.07,12000,5,1969.0,단독다가구,2022
성북구,12500,안암동5가,,20220326,월세,74.5,1000,100,1990.0,단독다가구,2022
성북구,13400,길음동,,20220326,월세,61.7,1000,50,1994.0,단독다가구,2022
성북구,12400,안암동4가,6.0,20220326,월세,63.87,2000,55,1969.0,아파트,2022
성북구,13900,석관동,4.0,20220326,월세,84.98,1000,50,2019.0,아파트,2022
성북구,13500,종암동,4.0,20220326,월세,55.27,3000,110,2004.0,아파트,2022
성북구,13500,종암동,3.0,20220326,월세,59.97,5000,135,2009.0,아파트,2022
성북구,13600,하월곡동,13.0,20220326,월세,84.59,7000,115,2006.0,아파트,2022
성북구,13300,정릉동,14.0,20220326,월세,59.59,10000,100,1999.0,아파트,2022
성북구,12500,안암동5가,,20220326,월세,20.0,200,33,1996.0,단독다가구,2022
성북구,10100,성북동,,20220326,월세,20.0,4000,25,1957.0,단독다가구,2022
성북구,13400,길음동,8.0,20220326,월세,84.94,5000,210,2010.0,아파트,2022
성북구,12200,안암동2가,,20220326,월세,18.0,1000,50,2018.0,단독다가구,2022
성북구,13500,종암동,10.0,20220326,월세,84.97,29400,53,2010.0,아파트,2022
성북구,13100,보문동2가,1.0,20220326,월세,51.28,13000,40,2001.0,연립다세대,2022
성북구,13900,석관동,,20220326,월세,29.0,7000,10,1994.0,단독다가구,2022
성북구,12500,안암동5가,,20220326,월세,22.5,500,43,1997.0,단독다가구,2022
성북구,13300,정릉동,,20220326,월세,25.0,300,25,1993.0,단독다가구,2022
성북구,13400,길음동,15.0,20220326,월세,84.77,50000,80,2022.0,아파트,2022
성북구,13400,길음동,2.0,20220326,월세,84.77,1000,70,2022.0,아파트,2022
성북구,13400,길음동,1.0,20220326,월세,84.77,50000,80,2022.0,아파트,2022
성북구,13400,길음동,,20220326,월세,33.15,1000,33,1994.0,단독다가구,2022
성북구,13400,길음동,20.0,20220326,월세,84.98,35000,133,2022.0,아파트,2022
성북구,13800,장위동,,20220326,월세,39.42,500,45,1997.0,단독다가구,2022
성북구,11200,삼선동2가,,20220326,월세,33.48,600,60,,단독다가구,2022
성북구,13900,석관동,,20220326,월세,40.4,1000,40,1993.0,단독다가구,2022
성북구,13600,하월곡동,38.0,20220327,월세,151.17,55000,320,2010.0,아파트,2022
성북구,13300,정릉동,14.0,20220327,월세,84.68,20000,100,2005.0,아파트,2022
성북구,13300,정릉동,,20220327,월세,49.0,500,40,1993.0,단독다가구,2022
성북구,13300,정릉동,,20220327,월세,49.0,350,20,1991.0,단독다가구,2022
성북구,13300,정릉동,2.0,20220327,월세,45.62,500,40,1971.0,연립다세대,2022
성북구,13400,길음동,9.0,20220327,월세,84.64,50000,40,2005.0,아파트,2022
성북구,13500,종암동,,20220327,월세,18.0,500,35,2003.0,단독다가구,2022
성북구,12300,안암동3가,,20220328,월세,49.7,1000,60,1993.0,단독다가구,2022
성북구,13500,종암동,,20220328,월세,49.89,10000,10,1994.0,단독다가구,2022
성북구,13500,종암동,,20220328,월세,25.0,1000,45,2004.0,단독다가구,2022
성북구,10100,성북동,,20220328,월세,54.61,9000,50,1968.0,단독다가구,2022
성북구,13300,정릉동,,20220328,월세,54.5,4000,40,1989.0,단독다가구,2022
성북구,12100,안암동1가,,20220328,월세,66.12,19000,40,1991.0,단독다가구,2022
성북구,11200,삼선동2가,,20220328,월세,42.33,27000,10,1997.0,단독다가구,2022
성북구,11100,삼선동1가,2.0,20220328,월세,36.96,2000,47,1991.0,연립다세대,2022
성북구,13900,석관동,11.0,20220328,월세,59.94,15000,60,1999.0,아파트,2022
성북구,13600,하월곡동,5.0,20220328,월세,31.5,2000,80,2015.0,연립다세대,2022
성북구,10300,돈암동,5.0,20220328,월세,59.79,5000,84,1998.0,아파트,2022
성북구,13400,길음동,4.0,20220328,월세,43.63,4860,6,2022.0,아파트,2022
성북구,13400,길음동,21.0,20220328,월세,84.98,55000,68,2022.0,아파트,2022
성북구,13900,석관동,2.0,20220328,월세,20.8,10000,3,2009.0,연립다세대,2022
성북구,10900,동소문동6가,,20220328,월세,37.0,4000,25,1989.0,단독다가구,2022
성북구,11100,삼선동1가,,20220328,월세,38.18,300,40,1955.0,단독다가구,2022
성북구,12000,동선동5가,,20220328,월세,33.02,2000,60,2002.0,단독다가구,2022
성북구,13800,장위동,,20220328,월세,34.16,500,30,1993.0,단독다가구,2022
성북구,11600,동선동1가,6.0,20220328,월세,14.08,1000,60,2014.0,연립다세대,2022
성북구,11200,삼선동2가,,20220328,월세,19.8,1000,50,1990.0,단독다가구,2022
성북구,13800,장위동,25.0,20220328,월세,36.14,8419,22,2020.0,아파트,2022
성북구,12500,안암동5가,,20220328,월세,18.0,2000,50,,단독다가구,2022
성북구,12000,동선동5가,,20220328,월세,18.0,1000,40,2010.0,단독다가구,2022
성북구,13500,종암동,23.0,20220328,월세,59.04,5000,110,1999.0,아파트,2022
성북구,13300,정릉동,,20220328,월세,15.7,500,40,2011.0,단독다가구,2022
성북구,12300,안암동3가,2.0,20220328,월세,47.27,1000,45,1971.0,아파트,2022
성북구,13300,정릉동,9.0,20220328,월세,84.99,23000,30,2006.0,아파트,2022
성북구,13300,정릉동,4.0,20220328,월세,26.39,6029,10,2020.0,연립다세대,2022
성북구,13800,장위동,1.0,20220328,월세,49.33,716,27,2006.0,아파트,2022
성북구,13300,정릉동,2.0,20220328,월세,19.7,7610,9,2020.0,연립다세대,2022
성북구,13300,정릉동,3.0,20220328,월세,19.7,7610,9,2020.0,연립다세대,2022
성북구,13300,정릉동,3.0,20220328,월세,19.7,5780,18,2020.0,연립다세대,2022
성북구,13300,정릉동,2.0,20220328,월세,19.7,5780,18,2020.0,연립다세대,2022
성북구,13300,정릉동,13.0,20220328,월세,59.77,5000,82,2006.0,아파트,2022
성북구,13900,석관동,3.0,20220328,월세,64.01,7000,65,2002.0,연립다세대,2022
성북구,13100,보문동2가,,20220329,월세,12.15,500,57,2008.0,단독다가구,2022
성북구,12100,안암동1가,,20220329,월세,14.45,9000,1,,단독다가구,2022
성북구,13400,길음동,8.0,20220329,월세,84.64,20000,90,2005.0,아파트,2022
성북구,13800,장위동,,20220329,월세,40.44,1000,40,1990.0,단독다가구,2022
성북구,13700,상월곡동,,20220329,월세,44.18,500,45,1993.0,단독다가구,2022
성북구,10600,동소문동3가,,20220329,월세,23.1,5000,45,2019.0,단독다가구,2022
성북구,11800,동선동3가,,20220329,월세,55.0,2000,60,1990.0,단독다가구,2022
성북구,12000,동선동5가,,20220329,월세,48.72,15000,13,1992.0,단독다가구,2022
성북구,13900,석관동,,20220329,월세,49.86,1000,50,1992.0,단독다가구,2022
성북구,13800,장위동,6.0,20220329,월세,69.95,36000,50,2006.0,아파트,2022
성북구,13300,정릉동,,20220329,월세,50.74,3000,60,1992.0,단독다가구,2022
성북구,13300,정릉동,12.0,20220329,월세,94.59,30000,50,2004.0,아파트,2022
성북구,13500,종암동,,20220329,월세,20.0,3000,45,2019.0,단독다가구,2022
성북구,13800,장위동,15.0,20220329,월세,18.39,500,36,2020.0,아파트,2022
성북구,13600,하월곡동,3.0,20220329,월세,13.05,500,45,2012.0,연립다세대,2022
성북구,13400,길음동,7.0,20220329,월세,59.87,10000,175,2022.0,아파트,2022
성북구,10300,돈암동,6.0,20220329,월세,84.59,5000,140,1999.0,아파트,2022
성북구,13500,종암동,,20220329,월세,40.0,2000,55,,단독다가구,2022
성북구,11200,삼선동2가,7.0,20220330,월세,59.95,15000,100,2008.0,아파트,2022
성북구,13800,장위동,,20220330,월세,10.0,500,20,1993.0,단독다가구,2022
성북구,10300,돈암동,13.0,20220330,월세,84.8,10000,165,2016.0,아파트,2022
성북구,13900,석관동,,20220330,월세,33.0,500,45,1994.0,단독다가구,2022
성북구,13900,석관동,,20220330,월세,33.31,500,30,1994.0,단독다가구,2022
성북구,13300,정릉동,,20220330,월세,50.62,3000,30,1967.0,단독다가구,2022
성북구,13800,장위동,,20220330,월세,53.98,13000,10,1970.0,단독다가구,2022
성북구,13600,하월곡동,,20220330,월세,25.0,300,30,1998.0,단독다가구,2022
성북구,13300,정릉동,1.0,20220330,월세,84.96,15000,100,2000.0,아파트,2022
성북구,10200,성북동1가,,20220330,월세,20.4,1000,45,2007.0,단독다가구,2022
성북구,12800,보문동6가,,20220330,월세,47.0,1000,70,1992.0,단독다가구,2022
성북구,13300,정릉동,11.0,20220330,월세,84.96,30000,80,2000.0,아파트,2022
성북구,12600,보문동4가,,20220330,월세,61.64,3000,70,1994.0,단독다가구,2022
성북구,10900,동소문동6가,,20220330,월세,49.53,1000,70,1993.0,단독다가구,2022
성북구,10300,돈암동,1.0,20220330,월세,84.98,30000,90,2005.0,아파트,2022
성북구,13100,보문동2가,,20220330,월세,27.0,2000,51,2008.0,단독다가구,2022
성북구,13800,장위동,14.0,20220330,월세,39.34,3480,8,2006.0,아파트,2022
성북구,13800,장위동,4.0,20220330,월세,39.34,3480,8,2006.0,아파트,2022
성북구,13800,장위동,5.0,20220330,월세,49.33,4401,10,2006.0,아파트,2022
성북구,13400,길음동,8.0,20220330,월세,59.99,10000,135,2019.0,아파트,2022
성북구,13500,종암동,,20220330,월세,16.5,300,45,1997.0,단독다가구,2022
성북구,12500,안암동5가,,20220330,월세,19.8,1000,50,2019.0,단독다가구,2022
성북구,10100,성북동,3.0,20220330,월세,51.05,11000,30,2003.0,연립다세대,2022
성북구,13400,길음동,5.0,20220330,월세,59.87,40000,55,2022.0,아파트,2022
성북구,13400,길음동,7.0,20220330,월세,59.87,25000,100,2022.0,아파트,2022
성북구,13400,길음동,2.0,20220330,월세,84.77,15000,170,2022.0,아파트,2022
성북구,13400,길음동,13.0,20220330,월세,84.98,30000,150,2022.0,아파트,2022
성북구,11200,삼선동2가,5.0,20220330,월세,23.34,1000,88,2018.0,연립다세대,2022
성북구,13100,보문동2가,6.0,20220330,월세,15.57,4000,45,2014.0,연립다세대,2022
성북구,13800,장위동,2.0,20220330,월세,49.46,500,45,1977.0,연립다세대,2022
성북구,13500,종암동,,20220331,월세,47.52,12000,20,1994.0,단독다가구,2022
성북구,13900,석관동,,20220331,월세,58.31,5000,120,2018.0,단독다가구,2022
성북구,13800,장위동,,20220331,월세,68.83,2000,65,1994.0,단독다가구,2022
성북구,10300,돈암동,,20220331,월세,47.11,3500,30,,단독다가구,2022
성북구,13300,정릉동,,20220331,월세,57.5,5000,35,1996.0,단독다가구,2022
성북구,10300,돈암동,19.0,20220331,월세,59.79,2000,89,1998.0,아파트,2022
성북구,13900,석관동,6.0,20220331,월세,33.15,12000,10,2003.0,오피스텔,2022
성북구,13300,정릉동,1.0,20220331,월세,97.09,3000,60,1980.0,연립다세대,2022
성북구,10300,돈암동,4.0,20220331,월세,45.27,16000,28,2018.0,연립다세대,2022
성북구,12200,안암동2가,,20220331,월세,46.19,2000,75,1993.0,단독다가구,2022
성북구,13400,길음동,7.0,20220331,월세,59.99,31000,21,2003.0,아파트,2022
성북구,13800,장위동,17.0,20220331,월세,46.35,11872,32,2020.0,아파트,2022
성북구,13800,장위동,4.0,20220331,월세,46.35,9488,41,2020.0,아파트,2022
성북구,13900,석관동,18.0,20220331,월세,39.01,8923,37,2019.0,아파트,2022
성북구,13400,길음동,13.0,20220331,월세,59.87,10000,175,2022.0,아파트,2022
성북구,13300,정릉동,1.0,20220331,월세,19.7,2550,21,2020.0,연립다세대,2022
성북구,13300,정릉동,3.0,20220331,월세,36.33,14128,17,2020.0,연립다세대,2022
성북구,13300,정릉동,4.0,20220331,월세,36.33,10728,34,2020.0,연립다세대,2022
성북구,13300,정릉동,3.0,20220331,월세,36.33,10728,34,2020.0,연립다세대,2022
성북구,13600,하월곡동,1.0,20220331,월세,59.98,5000,111,2007.0,아파트,2022
성북구,13300,정릉동,,20220331,월세,28.4,500,35,2017.0,단독다가구,2022
성북구,13800,장위동,,20220331,월세,27.2,500,30,1993.0,단독다가구,2022
성북구,13300,정릉동,,20220331,월세,16.5,500,25,1965.0,단독다가구,2022
성북구,13800,장위동,2.0,20220331,월세,53.91,15000,19,1991.0,연립다세대,2022
성북구,13800,장위동,-1.0,20220401,월세,37.69,4000,20,1992.0,연립다세대,2022
성북구,13300,정릉동,11.0,20220401,월세,84.92,10000,100,2009.0,아파트,2022
성북구,10800,동소문동5가,14.0,20220401,월세,16.67,3000,83,2017.0,아파트,2022
성북구,13900,석관동,,20220401,월세,17.0,300,26,1978.0,단독다가구,2022
성북구,13400,길음동,,20220401,월세,42.66,1000,40,1992.0,단독다가구,2022
성북구,13800,장위동,,20220401,월세,44.19,2500,20,1995.0,단독다가구,2022
성북구,11100,삼선동1가,,20220401,월세,16.5,1000,30,1976.0,단독다가구,2022
성북구,13300,정릉동,,20220401,월세,69.39,500,30,1979.0,단독다가구,2022
성북구,13300,정릉동,,20220401,월세,75.38,10000,30,1997.0,단독다가구,2022
성북구,12000,동선동5가,,20220401,월세,19.8,500,45,2017.0,단독다가구,2022
성북구,12000,동선동5가,,20220401,월세,12.0,1000,45,2021.0,단독다가구,2022
성북구,11000,동소문동7가,,20220401,월세,12.0,200,13,,단독다가구,2022
성북구,13400,길음동,8.0,20220401,월세,84.13,5000,120,1998.0,아파트,2022
성북구,11200,삼선동2가,9.0,20220401,월세,84.88,15750,110,2008.0,아파트,2022
성북구,13200,보문동3가,4.0,20220401,월세,59.49,40000,20,2003.0,아파트,2022
성북구,13800,장위동,11.0,20220401,월세,33.04,16900,25,2020.0,아파트,2022
성북구,13800,장위동,5.0,20220401,월세,40.32,2000,70,2020.0,연립다세대,2022
성북구,10300,돈암동,,20220401,월세,99.0,6000,50,,단독다가구,2022
성북구,11100,삼선동1가,2.0,20220401,월세,63.81,7000,80,1997.0,연립다세대,2022
성북구,13600,하월곡동,6.0,20220401,월세,106.28,28000,90,2007.0,아파트,2022
성북구,13800,장위동,3.0,20220401,월세,15.21,500,50,2019.0,아파트,2022
성북구,13400,길음동,2.0,20220401,월세,59.93,13052,21,2019.0,아파트,2022
성북구,13400,길음동,10.0,20220401,월세,59.78,25000,110,2022.0,아파트,2022
성북구,13800,장위동,2.0,20220401,월세,32.22,7427,20,2017.0,아파트,2022
성북구,13800,장위동,10.0,20220401,월세,84.48,50000,50,2020.0,아파트,2022
성북구,13300,정릉동,,20220401,월세,38.0,5000,30,1989.0,단독다가구,2022
성북구,13400,길음동,3.0,20220401,월세,84.96,5000,135,2003.0,아파트,2022
성북구,13400,길음동,4.0,20220401,월세,84.64,50000,42,2005.0,아파트,2022
성북구,13400,길음동,13.0,20220401,월세,84.84,4000,106,2003.0,아파트,2022
성북구,13300,정릉동,3.0,20220401,월세,22.26,8918,11,2020.0,연립다세대,2022
성북구,13300,정릉동,2.0,20220401,월세,19.7,7610,9,2020.0,연립다세대,2022
성북구,13300,정릉동,2.0,20220401,월세,19.7,5780,18,2020.0,연립다세대,2022
성북구,13600,하월곡동,20.0,20220401,월세,59.88,20000,70,1998.0,아파트,2022
성북구,12100,안암동1가,,20220401,월세,27.0,1000,35,1992.0,단독다가구,2022
성북구,12300,안암동3가,,20220401,월세,23.21,1000,40,2010.0,단독다가구,2022
성북구,10100,성북동,,20220401,월세,24.5,1000,82,,단독다가구,2022
성북구,10200,성북동1가,,20220402,월세,27.02,1000,55,2010.0,단독다가구,2022
성북구,13500,종암동,,20220402,월세,30.0,3000,25,2004.0,단독다가구,2022
성북구,13900,석관동,4.0,20220402,월세,38.94,13000,10,2002.0,연립다세대,2022
성북구,13800,장위동,28.0,20220402,월세,59.99,40000,50,2020.0,아파트,2022
성북구,10300,돈암동,14.0,20220402,월세,59.4,3700,74,1999.0,아파트,2022
성북구,10300,돈암동,14.0,20220402,월세,59.4,5000,100,1999.0,아파트,2022
성북구,11500,삼선동5가,,20220402,월세,43.38,1000,60,1994.0,단독다가구,2022
성북구,13900,석관동,8.0,20220402,월세,134.97,25000,55,1998.0,아파트,2022
성북구,13800,장위동,,20220402,월세,43.1,2000,50,1991.0,단독다가구,2022
성북구,12100,안암동1가,,20220402,월세,42.9,1000,70,1994.0,단독다가구,2022
성북구,13400,길음동,38.0,20220402,월세,120.64,70000,180,2019.0,아파트,2022
성북구,10300,돈암동,11.0,20220402,월세,84.88,44000,70,2016.0,아파트,2022
성북구,11300,삼선동3가,,20220402,월세,45.0,2500,25,1993.0,단독다가구,2022
성북구,13500,종암동,23.0,20220402,월세,59.97,5000,145,2009.0,아파트,2022
성북구,13600,하월곡동,15.0,20220402,월세,84.59,12000,120,2006.0,아파트,2022
성북구,13600,하월곡동,6.0,20220402,월세,114.68,60000,70,2006.0,아파트,2022
성북구,12100,안암동1가,,20220402,월세,18.15,500,40,2009.0,단독다가구,2022
성북구,13600,하월곡동,,20220402,월세,48.82,2000,70,1984.0,단독다가구,2022
성북구,13300,정릉동,2.0,20220402,월세,117.02,5000,180,2009.0,아파트,2022
성북구,13800,장위동,,20220402,월세,63.5,9000,40,1982.0,단독다가구,2022
성북구,13100,보문동2가,,20220402,월세,19.95,500,49,2000.0,단독다가구,2022
성북구,11500,삼선동5가,,20220402,월세,18.0,500,40,2009.0,단독다가구,2022
성북구,13900,석관동,,20220402,월세,17.63,1000,40,2012.0,단독다가구,2022
성북구,11900,동선동4가,,20220402,월세,47.25,1000,75,1990.0,단독다가구,2022
성북구,13600,하월곡동,,20220402,월세,15.0,1000,40,2010.0,단독다가구,2022
성북구,13000,보문동1가,9.0,20220402,월세,59.79,1000,60,2022.0,아파트,2022
성북구,12800,보문동6가,10.0,20220402,월세,72.97,40000,100,2017.0,아파트,2022
성북구,10300,돈암동,5.0,20220402,월세,84.97,32000,60,2004.0,아파트,2022
성북구,12000,동선동5가,,20220402,월세,39.02,2000,55,2002.0,단독다가구,2022
성북구,13800,장위동,,20220402,월세,40.0,500,45,1994.0,단독다가구,2022
성북구,10900,동소문동6가,,20220402,월세,36.0,1000,60,1993.0,단독다가구,2022
성북구,11400,삼선동4가,,20220402,월세,36.0,1000,50,,단독다가구,2022
성북구,13400,길음동,17.0,20220402,월세,59.78,30000,100,2022.0,아파트,2022
성북구,13400,길음동,12.0,20220402,월세,59.99,14000,120,2010.0,아파트,2022
성북구,13600,하월곡동,4.0,20220402,월세,59.65,5000,106,2010.0,아파트,2022
성북구,13400,길음동,5.0,20220402,월세,84.64,30000,120,2005.0,아파트,2022
성북구,13300,정릉동,9.0,20220402,월세,59.42,25000,30,1999.0,아파트,2022
성북구,13300,정릉동,1.0,20220402,월세,84.44,27000,19,1999.0,아파트,2022
성북구,12100,안암동1가,8.0,20220403,월세,59.7,30000,70,2005.0,아파트,2022
성북구,13900,석관동,,20220403,월세,37.0,500,40,1996.0,단독다가구,2022
성북구,13300,정릉동,6.0,20220403,월세,85.0,27000,55,2006.0,아파트,2022
성북구,11100,삼선동1가,,20220403,월세,34.46,13000,10,2014.0,단독다가구,2022
성북구,13000,보문동1가,17.0,20220403,월세,59.79,40000,85,2022.0,아파트,2022
성북구,13000,보문동1가,11.0,20220403,월세,84.9,35000,150,2022.0,아파트,2022
성북구,13800,장위동,,20220403,월세,119.77,5000,90,2003.0,단독다가구,2022
성북구,10300,돈암동,17.0,20220404,월세,132.96,58000,15,1998.0,아파트,2022
성북구,13500,종암동,8.0,20220404,월세,84.96,5000,150,2000.0,아파트,2022
성북구,13400,길음동,8.0,20220404,월세,59.97,10000,130,2005.0,아파트,2022
성북구,13800,장위동,2.0,20220404,월세,42.33,10000,10,2003.0,연립다세대,2022
성북구,13400,길음동,10.0,20220404,월세,43.63,4860,6,2022.0,아파트,2022
성북구,13300,정릉동,1.0,20220404,월세,56.07,1000,60,1994.0,연립다세대,2022
성북구,13700,상월곡동,,20220404,월세,21.0,500,25,1993.0,단독다가구,2022
성북구,13400,길음동,25.0,20220404,월세,84.98,20000,200,2022.0,아파트,2022
성북구,13900,석관동,,20220404,월세,26.08,500,30,1993.0,단독다가구,2022
성북구,11700,동선동2가,,20220404,월세,23.1,300,45,2005.0,단독다가구,2022
성북구,13800,장위동,17.0,20220404,월세,36.14,8475,22,2020.0,아파트,2022
성북구,13100,보문동2가,2.0,20220404,월세,27.72,2000,60,2002.0,연립다세대,2022
성북구,13800,장위동,9.0,20220404,월세,46.35,11378,34,2020.0,아파트,2022
성북구,13900,석관동,,20220404,월세,30.0,500,45,1993.0,단독다가구,2022
성북구,13900,석관동,,20220404,월세,18.0,500,45,2018.0,단독다가구,2022
성북구,13300,정릉동,,20220404,월세,16.0,300,35,2011.0,단독다가구,2022
성북구,13800,장위동,,20220404,월세,71.93,10000,50,1971.0,단독다가구,2022
성북구,13300,정릉동,,20220404,월세,59.49,4000,60,1988.0,단독다가구,2022
성북구,11900,동선동4가,,20220404,월세,49.0,14000,20,2002.0,단독다가구,2022
성북구,13500,종암동,,20220404,월세,20.0,300,40,2017.0,단독다가구,2022
성북구,12000,동선동5가,,20220404,월세,18.16,7000,5,2002.0,단독다가구,2022
성북구,13600,하월곡동,,20220404,월세,20.0,200,30,1993.0,단독다가구,2022
성북구,13000,보문동1가,12.0,20220404,월세,39.2,4353,6,2022.0,아파트,2022
성북구,10100,성북동,1.0,20220404,월세,53.84,25000,50,2017.0,연립다세대,2022
성북구,11800,동선동3가,,20220404,월세,51.0,4000,50,1992.0,단독다가구,2022
성북구,13500,종암동,16.0,20220404,월세,59.04,5000,85,1999.0,아파트,2022
성북구,12600,보문동4가,3.0,20220404,월세,23.1,12000,10,1972.0,오피스텔,2022
성북구,13300,정릉동,3.0,20220404,월세,114.78,5000,150,2008.0,아파트,2022
성북구,13300,정릉동,6.0,20220404,월세,59.94,7000,68,2003.0,아파트,2022
성북구,13600,하월곡동,2.0,20220404,월세,58.19,10000,20,1982.0,연립다세대,2022
성북구,10300,돈암동,2.0,20220405,월세,84.97,40000,70,2004.0,아파트,2022
성북구,13300,정릉동,12.0,20220405,월세,59.94,22000,30,2000.0,아파트,2022
성북구,13800,장위동,10.0,20220405,월세,59.35,10000,140,2017.0,아파트,2022
성북구,13400,길음동,9.0,20220405,월세,59.98,25000,66,2010.0,아파트,2022
성북구,10100,성북동,2.0,20220405,월세,82.26,5000,150,1997.0,연립다세대,2022
성북구,13300,정릉동,4.0,20220405,월세,44.11,2000,80,2018.0,연립다세대,2022
성북구,12100,안암동1가,,20220405,월세,23.0,1000,50,2020.0,단독다가구,2022
성북구,12100,안암동1가,,20220405,월세,25.32,300,25,1991.0,단독다가구,2022
성북구,13900,석관동,6.0,20220405,월세,33.15,9000,20,2003.0,오피스텔,2022
성북구,13400,길음동,24.0,20220405,월세,59.88,30000,110,2022.0,아파트,2022
성북구,12800,보문동6가,4.0,20220405,월세,32.03,15000,10,2003.0,연립다세대,2022
성북구,12300,안암동3가,,20220405,월세,45.54,500,45,1993.0,단독다가구,2022
성북구,13200,보문동3가,,20220405,월세,43.5,3000,50,1994.0,단독다가구,2022
성북구,13300,정릉동,,20220405,월세,33.0,500,55,2013.0,단독다가구,2022
성북구,13200,보문동3가,,20220405,월세,50.95,1000,65,1993.0,단독다가구,2022
성북구,13600,하월곡동,,20220405,월세,50.9,8000,10,1996.0,단독다가구,2022
성북구,13900,석관동,,20220405,월세,36.83,3000,50,1967.0,단독다가구,2022
성북구,13300,정릉동,,20220405,월세,48.27,1000,70,1992.0,단독다가구,2022
성북구,11700,동선동2가,,20220405,월세,35.0,2000,60,1994.0,단독다가구,2022
성북구,11400,삼선동4가,,20220405,월세,51.2,3000,50,1994.0,단독다가구,2022
성북구,12500,안암동5가,,20220405,월세,16.5,300,40,1955.0,단독다가구,2022
성북구,12100,안암동1가,,20220406,월세,18.0,1000,45,2018.0,단독다가구,2022
성북구,13200,보문동3가,,20220406,월세,32.0,1000,50,,단독다가구,2022
성북구,13100,보문동2가,,20220406,월세,14.0,2000,19,,단독다가구,2022
성북구,11500,삼선동5가,7.0,20220406,월세,30.81,1000,60,2003.0,오피스텔,2022
성북구,12200,안암동2가,,20220406,월세,36.7,1000,25,1996.0,단독다가구,2022
성북구,13900,석관동,6.0,20220406,월세,46.25,24000,10,2015.0,연립다세대,2022
성북구,13600,하월곡동,4.0,20220406,월세,84.73,4000,150,2010.0,아파트,2022
성북구,13300,정릉동,,20220406,월세,27.0,500,35,1996.0,단독다가구,2022
성북구,10200,성북동1가,4.0,20220406,월세,26.98,10500,30,2002.0,연립다세대,2022
성북구,13200,보문동3가,5.0,20220406,월세,84.9,50000,50,2013.0,아파트,2022
성북구,13300,정릉동,9.0,20220406,월세,84.89,5000,130,2005.0,아파트,2022
성북구,11600,동선동1가,6.0,20220406,월세,84.15,10000,190,2010.0,아파트,2022
성북구,13800,장위동,-1.0,20220406,월세,29.46,500,30,1990.0,연립다세대,2022
성북구,13300,정릉동,,20220406,월세,72.13,5000,50,1977.0,단독다가구,2022
성북구,13600,하월곡동,,20220406,월세,49.6,3000,40,1993.0,단독다가구,2022
성북구,13100,보문동2가,,20220406,월세,59.0,6000,90,1993.0,단독다가구,2022
성북구,13500,종암동,,20220406,월세,54.2,6000,59,1993.0,단독다가구,2022
성북구,13500,종암동,5.0,20220406,월세,84.73,10000,130,2005.0,아파트,2022
성북구,13800,장위동,3.0,20220406,월세,54.72,19000,30,2003.0,연립다세대,2022
성북구,13400,길음동,,20220407,월세,13.55,0,55,,단독다가구,2022
성북구,13100,보문동2가,,20220407,월세,18.5,500,30,2007.0,단독다가구,2022
성북구,11800,동선동3가,,20220407,월세,20.0,500,35,2011.0,단독다가구,2022
성북구,13300,정릉동,,20220407,월세,16.0,5000,35,2016.0,단독다가구,2022
성북구,13500,종암동,,20220407,월세,20.0,300,50,2007.0,단독다가구,2022
성북구,13500,종암동,,20220407,월세,20.0,200,45,2001.0,단독다가구,2022
성북구,13800,장위동,,20220407,월세,33.18,3000,40,1992.0,단독다가구,2022
성북구,13900,석관동,,20220407,월세,35.0,1000,36,1973.0,단독다가구,2022
성북구,13400,길음동,13.0,20220407,월세,59.37,40000,45,2007.0,아파트,2022
성북구,13600,하월곡동,6.0,20220407,월세,16.12,2000,60,2022.0,오피스텔,2022
성북구,13000,보문동1가,10.0,20220407,월세,59.79,10000,160,2022.0,아파트,2022
성북구,11200,삼선동2가,8.0,20220407,월세,59.95,27300,40,2008.0,아파트,2022
성북구,13800,장위동,5.0,20220407,월세,33.04,16900,27,2020.0,아파트,2022
성북구,12800,보문동6가,,20220407,월세,55.29,2000,80,1992.0,단독다가구,2022
성북구,13900,석관동,,20220408,월세,30.0,500,35,1994.0,단독다가구,2022
성북구,13300,정릉동,,20220408,월세,54.0,1000,45,1997.0,단독다가구,2022
성북구,13900,석관동,,20220408,월세,55.8,6000,40,1995.0,단독다가구,2022
성북구,13400,길음동,,20220408,월세,48.26,4000,38,1992.0,단독다가구,2022
성북구,13500,종암동,13.0,20220408,월세,59.61,5000,130,2005.0,아파트,2022
성북구,13300,정릉동,,20220408,월세,17.15,500,25,1994.0,단독다가구,2022
성북구,13500,종암동,8.0,20220408,월세,59.97,12000,120,2009.0,아파트,2022
성북구,13500,종암동,,20220408,월세,16.0,300,50,2011.0,단독다가구,2022
성북구,12100,안암동1가,7.0,20220408,월세,59.7,10000,110,2005.0,아파트,2022
성북구,13900,석관동,8.0,20220408,월세,59.97,13000,75,1998.0,아파트,2022
성북구,13900,석관동,,20220408,월세,33.0,500,40,1990.0,단독다가구,2022
성북구,13900,석관동,,20220408,월세,35.0,300,25,1993.0,단독다가구,2022
성북구,13800,장위동,,20220408,월세,45.0,1000,50,1994.0,단독다가구,2022
성북구,13500,종암동,2.0,20220408,월세,84.72,33000,70,1999.0,아파트,2022
성북구,12900,보문동7가,,20220408,월세,92.18,9000,40,,단독다가구,2022
성북구,13400,길음동,6.0,20220408,월세,79.87,10000,80,1988.0,아파트,2022
성북구,13600,하월곡동,13.0,20220408,월세,59.65,34000,27,2010.0,아파트,2022
성북구,13400,길음동,20.0,20220408,월세,59.87,10000,185,2022.0,아파트,2022
성북구,13300,정릉동,1.0,20220408,월세,50.16,2000,40,1994.0,연립다세대,2022
성북구,13300,정릉동,3.0,20220409,월세,59.9,25000,30,1999.0,아파트,2022
성북구,13400,길음동,3.0,20220409,월세,84.13,5000,120,1998.0,아파트,2022
성북구,13000,보문동1가,13.0,20220409,월세,59.79,30000,100,2022.0,아파트,2022
성북구,13000,보문동1가,4.0,20220409,월세,59.79,40000,60,2022.0,아파트,2022
성북구,13100,보문동2가,2.0,20220409,월세,25.16,1000,60,2009.0,연립다세대,2022
성북구,13400,길음동,,20220409,월세,74.58,10000,60,1996.0,단독다가구,2022
성북구,13300,정릉동,,20220409,월세,27.0,100,45,1996.0,단독다가구,2022
성북구,13900,석관동,,20220409,월세,30.3,300,33,1993.0,단독다가구,2022
성북구,12800,보문동6가,,20220409,월세,29.97,500,40,1990.0,단독다가구,2022
성북구,11700,동선동2가,,20220409,월세,27.8,500,55,2004.0,단독다가구,2022
성북구,13400,길음동,,20220409,월세,30.0,300,29,1967.0,단독다가구,2022
성북구,10300,돈암동,,20220409,월세,50.49,8000,30,1992.0,단독다가구,2022
성북구,13600,하월곡동,,20220409,월세,21.0,2000,50,2011.0,단독다가구,2022
성북구,12200,안암동2가,,20220409,월세,15.0,400,25,,단독다가구,2022
성북구,13500,종암동,,20220409,월세,16.0,500,45,2018.0,단독다가구,2022
성북구,12700,보문동5가,,20220409,월세,20.0,500,32,1994.0,단독다가구,2022
성북구,13600,하월곡동,2.0,20220409,월세,28.69,1000,70,2007.0,오피스텔,2022
성북구,13400,길음동,16.0,20220409,월세,59.99,10000,170,2019.0,아파트,2022
성북구,13900,석관동,10.0,20220409,월세,84.9,41000,6,1998.0,아파트,2022
성북구,13800,장위동,5.0,20220409,월세,18.03,1000,50,2019.0,오피스텔,2022
성북구,13800,장위동,19.0,20220409,월세,84.98,10000,185,2020.0,아파트,2022
성북구,13400,길음동,10.0,20220409,월세,59.9,40000,70,2019.0,아파트,2022
성북구,11500,삼선동5가,,20220409,월세,41.36,1000,40,1993.0,단독다가구,2022
성북구,13500,종암동,,20220409,월세,45.0,1000,45,1994.0,단독다가구,2022
성북구,13400,길음동,21.0,20220409,월세,84.93,4000,165,2019.0,아파트,2022
성북구,13800,장위동,,20220409,월세,34.87,2300,5,1986.0,단독다가구,2022
성북구,13400,길음동,7.0,20220409,월세,59.37,15000,110,2007.0,아파트,2022
성북구,13400,길음동,18.0,20220409,월세,84.96,40000,60,2003.0,아파트,2022
성북구,13800,장위동,1.0,20220409,월세,122.02,27000,110,2008.0,아파트,2022
성북구,13300,정릉동,4.0,20220409,월세,43.11,2000,63,2001.0,아파트,2022
성북구,13400,길음동,1.0,20220409,월세,59.98,10000,74,2000.0,아파트,2022
성북구,13600,하월곡동,18.0,20220409,월세,84.84,30000,35,2003.0,아파트,2022
성북구,13600,하월곡동,,20220410,월세,18.18,500,50,2013.0,단독다가구,2022
성북구,11200,삼선동2가,,20220410,월세,19.0,1000,40,2011.0,단독다가구,2022
성북구,13200,보문동3가,15.0,20220410,월세,114.55,13400,160,2003.0,아파트,2022
성북구,13800,장위동,,20220410,월세,75.7,2200,20,1971.0,단독다가구,2022
성북구,11700,동선동2가,,20220410,월세,30.0,1000,65,1994.0,단독다가구,2022
성북구,13600,하월곡동,,20220410,월세,55.0,1000,58,1994.0,단독다가구,2022
성북구,13000,보문동1가,,20220410,월세,42.0,1000,60,1993.0,단독다가구,2022
성북구,13800,장위동,10.0,20220410,월세,14.71,1000,55,2019.0,아파트,2022
성북구,13800,장위동,10.0,20220410,월세,14.71,1000,44,2019.0,아파트,2022
성북구,13600,하월곡동,5.0,20220410,월세,59.65,40000,30,2010.0,아파트,2022
성북구,13400,길음동,6.0,20220410,월세,59.97,20000,135,2019.0,아파트,2022
성북구,13400,길음동,20.0,20220411,월세,59.88,40000,60,2022.0,아파트,2022
성북구,13800,장위동,4.0,20220411,월세,59.0,5500,50,2001.0,연립다세대,2022
성북구,13600,하월곡동,4.0,20220411,월세,38.09,3758,8,2018.0,연립다세대,2022
성북구,10300,돈암동,17.0,20220411,월세,59.99,3000,155,2004.0,아파트,2022
성북구,13500,종암동,,20220411,월세,20.0,500,45,2017.0,단독다가구,2022
성북구,13000,보문동1가,12.0,20220411,월세,59.79,40000,62,2022.0,아파트,2022
성북구,13500,종암동,1.0,20220411,월세,75.77,100,35,1982.0,연립다세대,2022
성북구,13600,하월곡동,1.0,20220411,월세,59.86,15000,100,2003.0,아파트,2022
성북구,13600,하월곡동,,20220411,월세,35.0,300,30,1995.0,단독다가구,2022
성북구,11200,삼선동2가,,20220411,월세,35.0,500,60,1989.0,단독다가구,2022
성북구,11900,동선동4가,,20220411,월세,33.0,5500,10,1995.0,단독다가구,2022
성북구,13700,상월곡동,,20220411,월세,33.0,1000,40,1994.0,단독다가구,2022
성북구,11500,삼선동5가,,20220411,월세,43.0,5000,45,1993.0,단독다가구,2022
성북구,11400,삼선동4가,,20220411,월세,43.0,4000,40,1991.0,단독다가구,2022
성북구,11400,삼선동4가,,20220411,월세,43.0,10000,20,,단독다가구,2022
성북구,11400,삼선동4가,,20220411,월세,43.0,2000,50,1991.0,단독다가구,2022
성북구,13800,장위동,,20220411,월세,46.01,1000,40,1994.0,단독다가구,2022
성북구,13800,장위동,,20220411,월세,21.0,500,30,1993.0,단독다가구,2022
성북구,13500,종암동,,20220411,월세,30.0,300,47,1993.0,단독다가구,2022
성북구,13800,장위동,,20220411,월세,57.42,3000,55,1989.0,단독다가구,2022
성북구,12300,안암동3가,,20220411,월세,24.0,1000,53,2019.0,단독다가구,2022
성북구,12300,안암동3가,,20220411,월세,27.0,1000,42,1993.0,단독다가구,2022
성북구,13400,길음동,2.0,20220411,월세,114.93,10000,200,2006.0,아파트,2022
성북구,13600,하월곡동,20.0,20220411,월세,84.96,6000,170,2011.0,아파트,2022
성북구,13400,길음동,12.0,20220411,월세,59.99,32000,53,2010.0,아파트,2022
성북구,10300,돈암동,12.0,20220411,월세,84.88,50000,80,2016.0,아파트,2022
성북구,13700,상월곡동,,20220412,월세,10.0,200,20,1989.0,단독다가구,2022
성북구,13400,길음동,2.0,20220412,월세,84.84,10000,25,2003.0,아파트,2022
성북구,13400,길음동,22.0,20220412,월세,59.78,10000,190,2022.0,아파트,2022
성북구,11300,삼선동3가,4.0,20220412,월세,29.43,4000,70,2018.0,연립다세대,2022
성북구,10300,돈암동,19.0,20220412,월세,59.99,40000,5,2004.0,아파트,2022
성북구,13600,하월곡동,8.0,20220412,월세,114.75,30000,100,2003.0,아파트,2022
성북구,13500,종암동,24.0,20220412,월세,84.72,30000,70,1999.0,아파트,2022
성북구,13300,정릉동,,20220412,월세,15.0,1000,37,2017.0,단독다가구,2022
성북구,13900,석관동,,20220412,월세,20.0,200,10,1992.0,단독다가구,2022
성북구,13900,석관동,3.0,20220412,월세,44.19,5308,8,2019.0,아파트,2022
성북구,13500,종암동,,20220412,월세,35.1,2000,50,1998.0,단독다가구,2022
성북구,11200,삼선동2가,,20220412,월세,33.0,1000,60,1996.0,단독다가구,2022
성북구,13600,하월곡동,,20220412,월세,35.0,500,35,1991.0,단독다가구,2022
성북구,13300,정릉동,4.0,20220412,월세,61.01,2000,80,2002.0,연립다세대,2022
성북구,13400,길음동,15.0,20220412,월세,111.71,5000,170,1998.0,아파트,2022
성북구,12800,보문동6가,,20220412,월세,49.65,500,45,1993.0,단독다가구,2022
성북구,11700,동선동2가,,20220412,월세,43.45,1000,50,1991.0,단독다가구,2022
성북구,10100,성북동,,20220412,월세,52.89,9000,140,,단독다가구,2022
성북구,13900,석관동,,20220412,월세,50.23,2200,14,1996.0,단독다가구,2022
성북구,12200,안암동2가,,20220412,월세,21.0,1000,55,2018.0,단독다가구,2022
성북구,13900,석관동,,20220412,월세,29.8,300,33,1994.0,단독다가구,2022
성북구,12300,안암동3가,,20220412,월세,23.1,1000,50,2005.0,단독다가구,2022
성북구,13800,장위동,,20220412,월세,26.44,500,25,1990.0,단독다가구,2022
성북구,13500,종암동,,20220413,월세,26.0,500,38,1993.0,단독다가구,2022
성북구,11800,동선동3가,,20220413,월세,62.41,3000,61,1994.0,단독다가구,2022
성북구,12900,보문동7가,,20220413,월세,71.19,3000,90,1993.0,단독다가구,2022
성북구,13400,길음동,,20220413,월세,60.31,2000,60,1994.0,단독다가구,2022
성북구,13800,장위동,,20220413,월세,57.97,10000,20,1986.0,단독다가구,2022
성북구,13300,정릉동,,20220413,월세,29.81,2000,100,2022.0,단독다가구,2022
성북구,13500,종암동,6.0,20220413,월세,84.73,10000,101,2005.0,아파트,2022
성북구,13400,길음동,15.0,20220413,월세,59.37,20000,100,2007.0,아파트,2022
성북구,13300,정릉동,4.0,20220413,월세,43.11,2000,57,2001.0,아파트,2022
성북구,13800,장위동,15.0,20220413,월세,40.24,9799,26,2017.0,아파트,2022
성북구,13400,길음동,20.0,20220413,월세,59.99,30000,50,2010.0,아파트,2022
성북구,13400,길음동,5.0,20220413,월세,47.57,5000,74,2018.0,연립다세대,2022
성북구,13500,종암동,13.0,20220413,월세,26.28,2183,5,1999.0,아파트,2022
성북구,13400,길음동,4.0,20220413,월세,60.92,5000,100,2018.0,연립다세대,2022
성북구,13900,석관동,1.0,20220413,월세,84.9,5000,130,1998.0,아파트,2022
성북구,13900,석관동,4.0,20220413,월세,59.97,5000,120,1998.0,아파트,2022
성북구,13900,석관동,12.0,20220413,월세,84.9,7000,105,1998.0,아파트,2022
성북구,13300,정릉동,4.0,20220413,월세,84.09,45000,30,2009.0,아파트,2022
성북구,11800,동선동3가,,20220413,월세,20.0,1000,50,2012.0,단독다가구,2022
성북구,11700,동선동2가,,20220413,월세,18.0,1000,45,2012.0,단독다가구,2022
성북구,13300,정릉동,-1.0,20220413,월세,138.18,10000,40,1982.0,연립다세대,2022
성북구,12300,안암동3가,,20220413,월세,15.0,500,50,2019.0,단독다가구,2022
성북구,13900,석관동,4.0,20220413,월세,29.42,1000,100,2018.0,연립다세대,2022
성북구,13500,종암동,11.0,20220413,월세,84.95,3000,155,2004.0,아파트,2022
성북구,13000,보문동1가,18.0,20220413,월세,59.79,20000,150,2022.0,아파트,2022
성북구,12800,보문동6가,3.0,20220414,월세,40.8,3000,65,2003.0,연립다세대,2022
성북구,13400,길음동,11.0,20220414,월세,59.37,20000,100,2007.0,아파트,2022
성북구,13700,상월곡동,,20220414,월세,34.0,300,42,1991.0,단독다가구,2022
성북구,13800,장위동,,20220414,월세,24.0,500,35,1993.0,단독다가구,2022
성북구,13900,석관동,,20220414,월세,23.1,500,48,2013.0,단독다가구,2022
성북구,10300,돈암동,,20220414,월세,29.7,1000,40,1995.0,단독다가구,2022
성북구,13900,석관동,,20220414,월세,39.05,2000,45,1993.0,단독다가구,2022
성북구,10300,돈암동,6.0,20220414,월세,132.96,30000,160,1998.0,아파트,2022
성북구,13600,하월곡동,10.0,20220414,월세,59.86,10000,80,2003.0,아파트,2022
성북구,13900,석관동,1.0,20220414,월세,59.79,5000,85,1994.0,아파트,2022
성북구,13800,장위동,2.0,20220414,월세,29.16,5500,45,2019.0,연립다세대,2022
성북구,13800,장위동,12.0,20220414,월세,18.39,7700,12,2020.0,아파트,2022
성북구,13300,정릉동,,20220414,월세,19.86,500,45,2018.0,단독다가구,2022
성북구,11300,삼선동3가,2.0,20220414,월세,66.21,2000,105,2010.0,연립다세대,2022
성북구,13300,정릉동,,20220414,월세,15.0,500,40,2018.0,단독다가구,2022
성북구,12100,안암동1가,,20220414,월세,18.0,1000,50,,단독다가구,2022
성북구,13400,길음동,3.0,20220414,월세,33.46,2767,4,2019.0,아파트,2022
성북구,10900,동소문동6가,,20220414,월세,20.0,1000,55,2019.0,단독다가구,2022
성북구,13900,석관동,7.0,20220414,월세,39.01,4698,7,2019.0,아파트,2022
성북구,13600,하월곡동,10.0,20220414,월세,114.68,35000,130,2006.0,아파트,2022
성북구,13900,석관동,4.0,20220414,월세,59.97,5000,120,1998.0,아파트,2022
성북구,13900,석관동,16.0,20220414,월세,84.9,3000,115,1998.0,아파트,2022
성북구,13800,장위동,25.0,20220415,월세,36.14,8419,22,2020.0,아파트,2022
성북구,13300,정릉동,18.0,20220415,월세,59.26,19000,30,1999.0,아파트,2022
성북구,13800,장위동,18.0,20220415,월세,32.22,7131,19,2017.0,아파트,2022
성북구,13400,길음동,17.0,20220415,월세,84.96,4725,154,2010.0,아파트,2022
성북구,13900,석관동,,20220415,월세,58.58,2000,65,1996.0,단독다가구,2022
성북구,10900,동소문동6가,14.0,20220415,월세,14.18,19000,5,2012.0,아파트,2022
성북구,13400,길음동,10.0,20220415,월세,32.98,5000,75,2000.0,아파트,2022
성북구,13300,정릉동,,20220415,월세,66.84,1000,45,1989.0,단독다가구,2022
성북구,13000,보문동1가,4.0,20220415,월세,39.2,2838,14,2022.0,아파트,2022
성북구,10100,성북동,,20220415,월세,65.4,20000,80,,단독다가구,2022
성북구,13000,보문동1가,9.0,20220415,월세,39.2,2838,14,2022.0,아파트,2022
성북구,13900,석관동,,20220415,월세,40.0,500,40,1994.0,단독다가구,2022
성북구,13900,석관동,,20220415,월세,26.4,500,25,1995.0,단독다가구,2022
성북구,13800,장위동,,20220415,월세,30.0,100,30,1991.0,단독다가구,2022
성북구,11900,동선동4가,,20220415,월세,30.3,1000,70,1992.0,단독다가구,2022
성북구,13900,석관동,,20220415,월세,15.0,500,35,2017.0,단독다가구,2022
성북구,12100,안암동1가,,20220415,월세,18.0,300,40,2009.0,단독다가구,2022
성북구,13300,정릉동,,20220415,월세,16.17,1000,50,2019.0,단독다가구,2022
성북구,10300,돈암동,18.0,20220415,월세,68.13,4000,123,1998.0,아파트,2022
성북구,11700,동선동2가,4.0,20220415,월세,46.6,1000,80,2000.0,연립다세대,2022
성북구,13800,장위동,7.0,20220415,월세,18.39,7700,14,2020.0,아파트,2022
성북구,13800,장위동,7.0,20220415,월세,18.39,7700,12,2020.0,아파트,2022
성북구,13800,장위동,,20220415,월세,42.0,500,40,1978.0,단독다가구,2022
성북구,13900,석관동,,20220415,월세,45.0,2000,45,1997.0,단독다가구,2022
성북구,13500,종암동,5.0,20220415,월세,59.38,3000,100,2018.0,연립다세대,2022
성북구,13800,장위동,2.0,20220415,월세,55.28,1000,60,1995.0,연립다세대,2022
성북구,13400,길음동,4.0,20220416,월세,59.98,12000,80,2000.0,아파트,2022
성북구,13400,길음동,13.0,20220416,월세,114.99,30000,170,2010.0,아파트,2022
성북구,13800,장위동,25.0,20220416,월세,59.1,25000,100,2020.0,아파트,2022
성북구,13400,길음동,11.0,20220416,월세,59.75,5000,98,2006.0,아파트,2022
성북구,13400,길음동,2.0,20220416,월세,84.64,25000,120,2005.0,아파트,2022
성북구,13400,길음동,4.0,20220416,월세,59.97,4000,99,2005.0,아파트,2022
성북구,11900,동선동4가,,20220416,월세,33.15,1000,50,1992.0,단독다가구,2022
성북구,10100,성북동,,20220416,월세,32.96,2000,60,1954.0,단독다가구,2022
성북구,13300,정릉동,,20220416,월세,14.0,500,40,2018.0,단독다가구,2022
성북구,13300,정릉동,2.0,20220416,월세,59.98,20000,65,2005.0,아파트,2022
성북구,13300,정릉동,2.0,20220416,월세,84.89,20000,80,2005.0,아파트,2022
성북구,13500,종암동,14.0,20220416,월세,59.04,15000,50,1999.0,아파트,2022
성북구,13600,하월곡동,,20220416,월세,55.3,2000,60,2001.0,단독다가구,2022
성북구,13600,하월곡동,,20220416,월세,56.27,1000,60,,단독다가구,2022
성북구,13800,장위동,,20220416,월세,60.12,500,35,1987.0,단독다가구,2022
성북구,10700,동소문동4가,2.0,20220416,월세,16.81,500,40,2011.0,연립다세대,2022
성북구,13400,길음동,25.0,20220416,월세,59.88,10000,195,2022.0,아파트,2022
성북구,13400,길음동,37.0,20220416,월세,84.77,30000,150,2022.0,아파트,2022
성북구,12400,안암동4가,4.0,20220416,월세,70.65,6000,90,2002.0,연립다세대,2022
성북구,13400,길음동,24.0,20220416,월세,84.98,20000,191,2022.0,아파트,2022
성북구,13100,보문동2가,,20220416,월세,16.5,500,29,2008.0,단독다가구,2022
성북구,13700,상월곡동,,20220416,월세,15.0,1000,49,2017.0,단독다가구,2022
성북구,11900,동선동4가,,20220416,월세,19.0,2000,35,2011.0,단독다가구,2022
성북구,12200,안암동2가,,20220416,월세,20.5,1000,50,2020.0,단독다가구,2022
성북구,13300,정릉동,,20220416,월세,26.4,0,45,2018.0,단독다가구,2022
성북구,13500,종암동,,20220416,월세,24.1,1000,37,1993.0,단독다가구,2022
성북구,13800,장위동,,20220416,월세,27.27,1000,38,1958.0,단독다가구,2022
성북구,13800,장위동,,20220416,월세,30.0,300,18,1991.0,단독다가구,2022
성북구,13800,장위동,,20220416,월세,25.42,5800,21,1995.0,단독다가구,2022
성북구,10100,성북동,1.0,20220416,월세,43.52,12000,15,1995.0,연립다세대,2022
성북구,12200,안암동2가,,20220417,월세,40.0,500,45,1993.0,단독다가구,2022
성북구,13900,석관동,8.0,20220417,월세,59.97,5000,130,1998.0,아파트,2022
성북구,13900,석관동,13.0,20220417,월세,59.97,20000,30,1998.0,아파트,2022
성북구,13900,석관동,,20220417,월세,30.0,500,30,1994.0,단독다가구,2022
성북구,13600,하월곡동,,20220417,월세,24.37,5000,50,2021.0,단독다가구,2022
성북구,13800,장위동,,20220418,월세,27.27,300,30,1958.0,단독다가구,2022
성북구,13800,장위동,,20220418,월세,39.73,500,30,1992.0,단독다가구,2022
성북구,13800,장위동,,20220418,월세,33.74,100,20,1991.0,단독다가구,2022
성북구,13600,하월곡동,,20220418,월세,23.0,1000,35,1992.0,단독다가구,2022
성북구,13800,장위동,,20220418,월세,30.0,1000,30,1993.0,단독다가구,2022
성북구,12400,안암동4가,,20220418,월세,39.0,1000,45,1996.0,단독다가구,2022
성북구,13500,종암동,,20220418,월세,21.0,300,38,2017.0,단독다가구,2022
성북구,12800,보문동6가,,20220418,월세,30.7,1000,40,1992.0,단독다가구,2022
성북구,13800,장위동,6.0,20220418,월세,18.39,7700,12,2020.0,아파트,2022
성북구,13300,정릉동,,20220418,월세,144.0,2000,130,2004.0,단독다가구,2022
성북구,13800,장위동,,20220418,월세,45.0,1000,50,1994.0,단독다가구,2022
성북구,10200,성북동1가,,20220418,월세,86.68,10000,150,1968.0,단독다가구,2022
성북구,12600,보문동4가,,20220418,월세,49.52,11000,10,1995.0,단독다가구,2022
성북구,13800,장위동,,20220418,월세,87.59,18000,80,2016.0,단독다가구,2022
성북구,11100,삼선동1가,,20220418,월세,65.83,17000,26,1993.0,단독다가구,2022
성북구,12600,보문동4가,4.0,20220418,월세,18.16,1000,52,2016.0,연립다세대,2022
성북구,13300,정릉동,,20220418,월세,50.74,2000,35,1992.0,단독다가구,2022
성북구,13800,장위동,12.0,20220418,월세,59.1,5000,170,2020.0,아파트,2022
성북구,13800,장위동,,20220418,월세,57.69,1000,50,1971.0,단독다가구,2022
성북구,11500,삼선동5가,,20220418,월세,52.31,6000,50,1997.0,단독다가구,2022
성북구,13800,장위동,2.0,20220418,월세,29.8,12000,43,2019.0,연립다세대,2022
성북구,13800,장위동,5.0,20220418,월세,25.43,500,45,2003.0,오피스텔,2022
성북구,13800,장위동,13.0,20220418,월세,39.34,3480,8,2006.0,아파트,2022
성북구,13800,장위동,2.0,20220418,월세,49.33,1792,24,2006.0,아파트,2022
성북구,13900,석관동,5.0,20220418,월세,17.76,300,39,2013.0,연립다세대,2022
성북구,13900,석관동,12.0,20220418,월세,84.9,15700,78,1998.0,아파트,2022
성북구,11500,삼선동5가,,20220418,월세,19.8,1000,55,2017.0,단독다가구,2022
성북구,13600,하월곡동,,20220418,월세,16.5,1000,37,1974.0,단독다가구,2022
성북구,13700,상월곡동,,20220419,월세,18.18,1000,45,2017.0,단독다가구,2022
성북구,13900,석관동,,20220419,월세,20.0,500,20,1994.0,단독다가구,2022
성북구,13400,길음동,,20220419,월세,16.5,500,49,2011.0,단독다가구,2022
성북구,12100,안암동1가,,20220419,월세,19.8,1000,50,2016.0,단독다가구,2022
성북구,13900,석관동,,20220419,월세,18.0,10000,10,2019.0,단독다가구,2022
성북구,13300,정릉동,,20220419,월세,39.0,500,40,1989.0,단독다가구,2022
성북구,13800,장위동,,20220419,월세,30.0,500,35,1992.0,단독다가구,2022
성북구,13700,상월곡동,,20220419,월세,28.0,500,65,1966.0,단독다가구,2022
성북구,13100,보문동2가,,20220419,월세,128.16,1000,35,1994.0,단독다가구,2022
성북구,13500,종암동,,20220419,월세,70.0,2000,70,1992.0,단독다가구,2022
성북구,13900,석관동,,20220419,월세,46.25,2500,50,2003.0,단독다가구,2022
성북구,13900,석관동,,20220419,월세,25.0,1000,25,1994.0,단독다가구,2022
성북구,12700,보문동5가,,20220419,월세,25.0,1000,40,1994.0,단독다가구,2022
성북구,11100,삼선동1가,,20220419,월세,45.55,1000,100,2011.0,단독다가구,2022
성북구,10300,돈암동,10.0,20220419,월세,113.67,50000,70,1998.0,아파트,2022
성북구,10300,돈암동,10.0,20220419,월세,59.58,3000,110,1998.0,아파트,2022
성북구,13600,하월곡동,3.0,20220419,월세,57.61,3000,110,2007.0,오피스텔,2022
성북구,13600,하월곡동,7.0,20220419,월세,20.32,20000,50,2021.0,연립다세대,2022
성북구,13400,길음동,10.0,20220419,월세,84.84,34000,15,2003.0,아파트,2022
성북구,13400,길음동,17.0,20220419,월세,59.99,5000,120,2005.0,아파트,2022
성북구,13800,장위동,8.0,20220419,월세,84.48,20000,150,2020.0,아파트,2022
성북구,13400,길음동,2.0,20220419,월세,59.99,10000,150,2010.0,아파트,2022
성북구,13600,하월곡동,11.0,20220419,월세,59.75,8000,125,2006.0,아파트,2022
성북구,13900,석관동,10.0,20220419,월세,59.98,10000,150,2019.0,아파트,2022
성북구,10300,돈암동,1.0,20220419,월세,59.4,10000,63,1999.0,아파트,2022
성북구,10300,돈암동,10.0,20220419,월세,80.54,35000,85,2003.0,아파트,2022
성북구,13300,정릉동,15.0,20220419,월세,84.96,7000,100,2000.0,아파트,2022
성북구,13800,장위동,2.0,20220419,월세,49.33,1792,24,2006.0,아파트,2022
성북구,13300,정릉동,2.0,20220419,월세,84.56,10000,180,2015.0,아파트,2022
성북구,13300,정릉동,5.0,20220419,월세,59.9,3000,95,1999.0,아파트,2022
성북구,13600,하월곡동,19.0,20220420,월세,84.88,10000,127,2007.0,아파트,2022
성북구,13300,정릉동,8.0,20220420,월세,31.22,2842,18,2015.0,아파트,2022
성북구,13600,하월곡동,14.0,20220420,월세,114.75,20000,130,2003.0,아파트,2022
성북구,13900,석관동,,20220420,월세,46.25,2500,50,2003.0,단독다가구,2022
성북구,11100,삼선동1가,,20220420,월세,16.5,500,25,1989.0,단독다가구,2022
성북구,13100,보문동2가,,20220420,월세,40.0,500,43,1995.0,단독다가구,2022
성북구,11700,동선동2가,,20220420,월세,18.0,500,45,1990.0,단독다가구,2022
성북구,13800,장위동,,20220420,월세,35.0,100,33,1988.0,단독다가구,2022
성북구,10100,성북동,,20220420,월세,38.8,8000,22,,단독다가구,2022
성북구,13400,길음동,,20220420,월세,16.5,500,42,2016.0,단독다가구,2022
성북구,12500,안암동5가,,20220420,월세,33.0,500,50,1997.0,단독다가구,2022
성북구,13700,상월곡동,,20220420,월세,49.44,500,40,1992.0,단독다가구,2022
성북구,13600,하월곡동,,20220420,월세,49.39,5800,35,1971.0,단독다가구,2022
성북구,13900,석관동,,20220420,월세,24.15,500,45,1993.0,단독다가구,2022
성북구,12300,안암동3가,,20220420,월세,66.42,3000,100,1998.0,단독다가구,2022
성북구,13900,석관동,,20220420,월세,29.56,500,35,1993.0,단독다가구,2022
성북구,10600,동소문동3가,,20220420,월세,23.1,1000,79,2019.0,단독다가구,2022
성북구,13600,하월곡동,1.0,20220420,월세,84.59,10000,120,2006.0,아파트,2022
성북구,11400,삼선동4가,12.0,20220420,월세,28.11,1000,90,2014.0,오피스텔,2022
성북구,13400,길음동,25.0,20220420,월세,59.87,45000,80,2022.0,아파트,2022
성북구,13400,길음동,20.0,20220420,월세,33.46,7347,19,2019.0,아파트,2022
성북구,13900,석관동,3.0,20220420,월세,16.72,500,40,2013.0,연립다세대,2022
성북구,13400,길음동,3.0,20220420,월세,59.97,45000,25,2019.0,아파트,2022
성북구,10300,돈암동,13.0,20220420,월세,84.39,5000,50,1991.0,아파트,2022
성북구,10300,돈암동,4.0,20220420,월세,114.66,3000,200,1999.0,아파트,2022
성북구,13400,길음동,18.0,20220420,월세,84.96,30000,57,2003.0,아파트,2022
성북구,13400,길음동,19.0,20220420,월세,84.64,5000,170,2005.0,아파트,2022
성북구,13400,길음동,5.0,20220420,월세,84.84,5000,130,2003.0,아파트,2022
성북구,13600,하월곡동,2.0,20220421,월세,29.47,2000,90,2021.0,연립다세대,2022
성북구,12200,안암동2가,,20220421,월세,24.64,500,45,2000.0,단독다가구,2022
성북구,13600,하월곡동,,20220421,월세,21.0,1000,55,2015.0,단독다가구,2022
성북구,10400,동소문동1가,,20220421,월세,26.44,500,50,2002.0,단독다가구,2022
성북구,11100,삼선동1가,,20220421,월세,42.21,4000,30,1995.0,단독다가구,2022
성북구,13800,장위동,3.0,20220421,월세,49.75,1000,70,2005.0,연립다세대,2022
성북구,13300,정릉동,4.0,20220421,월세,114.75,30000,100,2005.0,아파트,2022
성북구,12200,안암동2가,,20220421,월세,40.0,500,75,1994.0,단독다가구,2022
성북구,13900,석관동,,20220421,월세,37.02,500,30,1990.0,단독다가구,2022
성북구,13900,석관동,3.0,20220421,월세,33.15,10000,20,2003.0,오피스텔,2022
성북구,13800,장위동,,20220421,월세,38.22,1000,45,1994.0,단독다가구,2022
성북구,13500,종암동,3.0,20220421,월세,59.99,10000,85,2004.0,아파트,2022
성북구,13300,정릉동,,20220421,월세,15.84,1000,50,2022.0,단독다가구,2022
성북구,13600,하월곡동,,20220421,월세,16.52,6000,30,2020.0,단독다가구,2022
성북구,12800,보문동6가,,20220421,월세,20.0,200,32,1992.0,단독다가구,2022
성북구,13300,정릉동,4.0,20220421,월세,43.11,2000,70,2001.0,아파트,2022
성북구,13800,장위동,1.0,20220421,월세,48.72,1000,48,1991.0,연립다세대,2022
성북구,13400,길음동,7.0,20220421,월세,59.99,40000,50,2010.0,아파트,2022
성북구,13300,정릉동,,20220421,월세,69.99,35000,40,2022.0,단독다가구,2022
성북구,13900,석관동,,20220421,월세,85.59,15000,35,2021.0,단독다가구,2022
성북구,11500,삼선동5가,,20220421,월세,52.31,5000,65,1997.0,단독다가구,2022
성북구,11500,삼선동5가,,20220421,월세,49.9,5000,80,1993.0,단독다가구,2022
성북구,13900,석관동,,20220421,월세,48.0,5000,55,1991.0,단독다가구,2022
성북구,13300,정릉동,,20220421,월세,48.13,3000,70,1960.0,단독다가구,2022
성북구,13400,길음동,29.0,20220421,월세,59.9,15000,160,2019.0,아파트,2022
성북구,10300,돈암동,12.0,20220421,월세,84.87,10000,160,1998.0,아파트,2022
성북구,13900,석관동,5.0,20220421,월세,84.9,15000,125,1998.0,아파트,2022
성북구,13600,하월곡동,4.0,20220421,월세,41.62,3000,90,2007.0,오피스텔,2022
성북구,13300,정릉동,4.0,20220422,월세,47.5,8000,40,1997.0,연립다세대,2022
성북구,13600,하월곡동,,20220422,월세,33.05,500,40,1968.0,단독다가구,2022
성북구,11300,삼선동3가,,20220422,월세,39.6,500,55,1991.0,단독다가구,2022
성북구,13900,석관동,,20220422,월세,36.0,2000,35,1992.0,단독다가구,2022
성북구,13300,정릉동,,20220422,월세,41.58,1000,50,2000.0,단독다가구,2022
성북구,13700,상월곡동,,20220422,월세,28.55,2000,30,1990.0,단독다가구,2022
성북구,13900,석관동,,20220422,월세,21.0,500,15,1994.0,단독다가구,2022
성북구,13300,정릉동,,20220422,월세,42.9,50,40,1988.0,단독다가구,2022
성북구,11900,동선동4가,,20220422,월세,28.4,1000,60,2018.0,단독다가구,2022
성북구,13300,정릉동,4.0,20220422,월세,35.04,1000,80,2013.0,연립다세대,2022
성북구,12100,안암동1가,10.0,20220422,월세,59.7,5000,140,2005.0,아파트,2022
성북구,13400,길음동,10.0,20220422,월세,84.97,3000,158,2005.0,아파트,2022
성북구,13400,길음동,6.0,20220422,월세,113.23,20000,190,2007.0,아파트,2022
성북구,13500,종암동,,20220422,월세,18.5,300,35,1996.0,단독다가구,2022
성북구,11200,삼선동2가,2.0,20220422,월세,84.83,10000,140,2008.0,아파트,2022
성북구,12200,안암동2가,,20220422,월세,16.81,500,35,2017.0,단독다가구,2022
성북구,13000,보문동1가,11.0,20220422,월세,59.79,15000,150,2022.0,아파트,2022
성북구,13600,하월곡동,2.0,20220422,월세,16.81,500,45,2012.0,연립다세대,2022
성북구,13100,보문동2가,,20220423,월세,51.72,6000,65,2018.0,단독다가구,2022
성북구,13500,종암동,,20220423,월세,14.0,500,25,2019.0,단독다가구,2022
성북구,10100,성북동,,20220423,월세,84.66,3000,80,1996.0,단독다가구,2022
성북구,12700,보문동5가,,20220423,월세,59.9,7000,65,1992.0,단독다가구,2022
성북구,13800,장위동,,20220423,월세,66.84,1500,50,1994.0,단독다가구,2022
성북구,13600,하월곡동,,20220423,월세,63.0,2000,50,,단독다가구,2022
성북구,13300,정릉동,,20220423,월세,60.0,3000,50,1995.0,단독다가구,2022
성북구,13600,하월곡동,,20220423,월세,32.66,2000,50,,단독다가구,2022
성북구,13400,길음동,16.0,20220423,월세,59.87,20000,160,2022.0,아파트,2022
성북구,13300,정릉동,,20220423,월세,33.06,1000,60,1940.0,단독다가구,2022
성북구,11600,동선동1가,8.0,20220423,월세,14.08,3000,49,2014.0,연립다세대,2022
성북구,13500,종암동,,20220423,월세,42.0,1500,50,,단독다가구,2022
성북구,11400,삼선동4가,,20220423,월세,41.94,500,40,1992.0,단독다가구,2022
성북구,11800,동선동3가,,20220423,월세,30.0,1000,65,2009.0,단독다가구,2022
성북구,11400,삼선동4가,,20220423,월세,24.25,1000,30,1967.0,단독다가구,2022
성북구,13100,보문동2가,3.0,20220423,월세,93.36,9000,45,2002.0,연립다세대,2022
성북구,13900,석관동,2.0,20220423,월세,84.9,25000,80,1998.0,아파트,2022
성북구,10100,성북동,4.0,20220423,월세,44.11,3000,80,1994.0,연립다세대,2022
성북구,13400,길음동,4.0,20220423,월세,59.99,15000,110,2010.0,아파트,2022
성북구,11200,삼선동2가,,20220423,월세,20.0,300,29,1990.0,단독다가구,2022
성북구,13300,정릉동,3.0,20220423,월세,84.87,20000,110,1999.0,아파트,2022
성북구,13600,하월곡동,,20220423,월세,20.0,2000,25,1991.0,단독다가구,2022
성북구,13300,정릉동,,20220423,월세,18.5,300,38,2012.0,단독다가구,2022
성북구,13300,정릉동,,20220423,월세,18.0,1000,37,2017.0,단독다가구,2022
성북구,13400,길음동,15.0,20220423,월세,84.96,5000,200,2010.0,아파트,2022
성북구,13400,길음동,11.0,20220423,월세,59.99,10000,140,2010.0,아파트,2022
성북구,13900,석관동,,20220424,월세,53.39,14500,30,1996.0,단독다가구,2022
성북구,13300,정릉동,,20220424,월세,49.58,2000,30,1997.0,단독다가구,2022
성북구,12100,안암동1가,,20220424,월세,20.0,500,38,1992.0,단독다가구,2022
성북구,13900,석관동,,20220424,월세,15.6,500,45,2010.0,단독다가구,2022
성북구,13300,정릉동,,20220424,월세,16.52,1000,50,2021.0,단독다가구,2022
성북구,13900,석관동,,20220424,월세,30.0,500,35,1994.0,단독다가구,2022
성북구,10300,돈암동,11.0,20220424,월세,114.41,15000,130,1999.0,아파트,2022
성북구,13400,길음동,7.0,20220425,월세,84.98,10000,220,2019.0,아파트,2022
성북구,13400,길음동,19.0,20220425,월세,84.05,7000,153,2007.0,아파트,2022
성북구,13300,정릉동,11.0,20220425,월세,114.63,30000,95,1999.0,아파트,2022
성북구,13000,보문동1가,12.0,20220425,월세,59.79,40000,65,2022.0,아파트,2022
성북구,12100,안암동1가,,20220425,월세,42.54,5000,15,2006.0,단독다가구,2022
성북구,13300,정릉동,,20220425,월세,45.45,500,45,1988.0,단독다가구,2022
성북구,13900,석관동,,20220425,월세,46.2,3000,60,2015.0,단독다가구,2022
성북구,11100,삼선동1가,,20220425,월세,32.31,1000,50,1991.0,단독다가구,2022
성북구,13600,하월곡동,,20220425,월세,56.0,1000,60,1995.0,단독다가구,2022
성북구,13400,길음동,15.0,20220425,월세,84.98,40000,100,2022.0,아파트,2022
성북구,13600,하월곡동,,20220425,월세,56.84,3000,70,1994.0,단독다가구,2022
성북구,13800,장위동,,20220425,월세,50.74,1000,42,1996.0,단독다가구,2022
성북구,13600,하월곡동,7.0,20220425,월세,23.28,3000,75,2020.0,오피스텔,2022
성북구,13800,장위동,3.0,20220425,월세,57.6,300,20,1991.0,연립다세대,2022
성북구,13800,장위동,,20220425,월세,30.0,1000,55,2016.0,단독다가구,2022
성북구,13800,장위동,9.0,20220425,월세,18.03,1000,52,2019.0,오피스텔,2022
성북구,13800,장위동,,20220425,월세,31.05,100,30,1991.0,단독다가구,2022
성북구,13600,하월곡동,,20220425,월세,23.0,1000,55,2015.0,단독다가구,2022
성북구,13600,하월곡동,,20220425,월세,23.0,1000,20,1993.0,단독다가구,2022
성북구,11500,삼선동5가,,20220425,월세,21.22,200,40,2000.0,단독다가구,2022
성북구,13800,장위동,3.0,20220425,월세,73.97,5931,29,2019.0,연립다세대,2022
성북구,13900,석관동,2.0,20220426,월세,84.85,20000,45,1994.0,아파트,2022
성북구,13900,석관동,5.0,20220426,월세,28.52,5500,57,2018.0,연립다세대,2022
성북구,13300,정릉동,,20220426,월세,15.0,500,35,2014.0,단독다가구,2022
성북구,13300,정릉동,,20220426,월세,15.0,500,30,2014.0,단독다가구,2022
성북구,10100,성북동,3.0,20220426,월세,36.72,2000,50,1995.0,연립다세대,2022
성북구,13500,종암동,,20220426,월세,19.8,500,57,1997.0,단독다가구,2022
성북구,13400,길음동,13.0,20220426,월세,59.99,39000,10,2003.0,아파트,2022
성북구,10400,동소문동1가,,20220426,월세,30.67,8000,20,2001.0,단독다가구,2022
성북구,13300,정릉동,2.0,20220426,월세,26.56,1000,80,2015.0,연립다세대,2022
성북구,13300,정릉동,15.0,20220426,월세,59.88,5000,90,2005.0,아파트,2022
성북구,13900,석관동,,20220426,월세,25.0,500,50,2018.0,단독다가구,2022
성북구,13500,종암동,,20220426,월세,34.92,1000,30,1990.0,단독다가구,2022
성북구,13500,종암동,,20220426,월세,39.6,4000,40,1992.0,단독다가구,2022
성북구,13800,장위동,,20220426,월세,80.01,4000,60,1984.0,단독다가구,2022
성북구,13300,정릉동,,20220426,월세,65.08,12000,20,1993.0,단독다가구,2022
성북구,10100,성북동,,20220426,월세,57.66,8000,32,1998.0,단독다가구,2022
성북구,10100,성북동,1.0,20220426,월세,32.21,15000,30,1987.0,연립다세대,2022
성북구,13100,보문동2가,2.0,20220426,월세,26.1,1000,55,2001.0,연립다세대,2022
성북구,13100,보문동2가,,20220426,월세,128.16,3000,55,1994.0,단독다가구,2022
성북구,13800,장위동,14.0,20220426,월세,39.71,2000,82,2020.0,아파트,2022
성북구,13800,장위동,7.0,20220426,월세,18.39,7700,12,2020.0,아파트,2022
성북구,13800,장위동,5.0,20220426,월세,18.39,500,36,2020.0,아파트,2022
성북구,13500,종암동,15.0,20220426,월세,59.73,5000,130,2004.0,아파트,2022
성북구,13400,길음동,,20220427,월세,41.3,1000,45,1991.0,단독다가구,2022
성북구,13700,상월곡동,,20220427,월세,42.0,1000,50,1992.0,단독다가구,2022
성북구,13800,장위동,,20220427,월세,46.0,0,50,1988.0,단독다가구,2022
성북구,10300,돈암동,10.0,20220427,월세,84.8,26000,40,1991.0,아파트,2022
성북구,10300,돈암동,8.0,20220427,월세,59.58,3000,110,1998.0,아파트,2022
성북구,13800,장위동,11.0,20220427,월세,18.03,1000,55,2019.0,오피스텔,2022
성북구,13300,정릉동,7.0,20220427,월세,60.0,12000,25,2005.0,아파트,2022
성북구,12300,안암동3가,3.0,20220427,월세,51.93,4000,30,1971.0,아파트,2022
성북구,13400,길음동,5.0,20220427,월세,59.99,6000,132,2010.0,아파트,2022
성북구,13600,하월곡동,11.0,20220427,월세,84.73,3000,160,2010.0,아파트,2022
성북구,10300,돈암동,9.0,20220427,월세,84.94,7000,148,2016.0,아파트,2022
성북구,13400,길음동,8.0,20220427,월세,59.99,30000,30,2005.0,아파트,2022
성북구,11500,삼선동5가,,20220427,월세,59.98,8000,90,1996.0,단독다가구,2022
성북구,13100,보문동2가,,20220427,월세,57.15,12000,40,1993.0,단독다가구,2022
성북구,13600,하월곡동,,20220427,월세,58.76,3000,50,1994.0,단독다가구,2022
성북구,11400,삼선동4가,5.0,20220427,월세,24.21,10000,46,2014.0,연립다세대,2022
성북구,11800,동선동3가,,20220427,월세,36.2,13000,10,1995.0,단독다가구,2022
성북구,13600,하월곡동,,20220427,월세,39.05,12000,10,1994.0,단독다가구,2022
성북구,11100,삼선동1가,,20220428,월세,24.0,1000,50,1996.0,단독다가구,2022
성북구,13300,정릉동,,20220428,월세,36.12,600,35,1997.0,단독다가구,2022
성북구,13800,장위동,,20220428,월세,40.0,500,50,1994.0,단독다가구,2022
성북구,13600,하월곡동,3.0,20220428,월세,59.88,25000,60,1998.0,아파트,2022
성북구,13800,장위동,22.0,20220428,월세,59.92,10000,100,2021.0,아파트,2022
성북구,10300,돈암동,5.0,20220428,월세,27.26,17500,10,2015.0,연립다세대,2022
성북구,13900,석관동,3.0,20220428,월세,16.38,500,40,2013.0,연립다세대,2022
성북구,13600,하월곡동,4.0,20220428,월세,59.75,38000,6,2006.0,아파트,2022
성북구,13500,종암동,7.0,20220428,월세,59.97,5000,121,2009.0,아파트,2022
성북구,13900,석관동,,20220428,월세,43.45,12000,30,1993.0,단독다가구,2022
성북구,11800,동선동3가,,20220428,월세,20.0,1500,30,1992.0,단독다가구,2022
성북구,13600,하월곡동,,20220428,월세,18.0,5000,40,2020.0,단독다가구,2022
성북구,13800,장위동,,20220428,월세,47.76,1000,30,1987.0,단독다가구,2022
성북구,13400,길음동,6.0,20220428,월세,59.99,20000,87,2010.0,아파트,2022
성북구,10700,동소문동4가,3.0,20220428,월세,63.21,1000,47,2001.0,연립다세대,2022
성북구,13500,종암동,10.0,20220428,월세,84.95,5000,120,2004.0,아파트,2022
성북구,10300,돈암동,6.0,20220428,월세,84.92,10000,90,1998.0,아파트,2022
성북구,11200,삼선동2가,6.0,20220428,월세,84.83,20000,100,2008.0,아파트,2022
성북구,13600,하월곡동,,20220429,월세,40.61,12000,19,2001.0,단독다가구,2022
성북구,10100,성북동,,20220429,월세,42.97,30000,10,,단독다가구,2022
성북구,10400,동소문동1가,,20220429,월세,45.0,4000,50,1991.0,단독다가구,2022
성북구,13800,장위동,,20220429,월세,45.0,500,50,1994.0,단독다가구,2022
성북구,13400,길음동,34.0,20220429,월세,84.77,15000,225,2022.0,아파트,2022
성북구,11800,동선동3가,,20220429,월세,23.0,1000,54,1973.0,단독다가구,2022
성북구,11300,삼선동3가,,20220429,월세,24.21,1000,40,1983.0,단독다가구,2022
성북구,13900,석관동,1.0,20220429,월세,40.31,12000,15,1991.0,연립다세대,2022
성북구,13600,하월곡동,25.0,20220429,월세,126.6,40000,80,2011.0,아파트,2022
성북구,13300,정릉동,,20220429,월세,39.3,500,25,1993.0,단독다가구,2022
성북구,13400,길음동,4.0,20220429,월세,114.88,10000,153,2005.0,아파트,2022
성북구,10300,돈암동,11.0,20220429,월세,59.5,5000,121,2016.0,아파트,2022
성북구,13400,길음동,10.0,20220429,월세,59.99,44000,50,2010.0,아파트,2022
성북구,10900,동소문동6가,7.0,20220429,월세,18.44,1000,75,2015.0,오피스텔,2022
성북구,13500,종암동,5.0,20220429,월세,114.99,10000,220,2004.0,아파트,2022
성북구,12500,안암동5가,8.0,20220429,월세,29.36,2000,110,2018.0,연립다세대,2022
성북구,13800,장위동,2.0,20220429,월세,46.82,3000,50,1996.0,연립다세대,2022
성북구,13300,정릉동,15.0,20220429,월세,59.88,15000,30,2005.0,아파트,2022
성북구,13300,정릉동,6.0,20220429,월세,84.98,8400,105,2004.0,아파트,2022
성북구,13300,정릉동,10.0,20220429,월세,84.95,20000,44,2005.0,아파트,2022
성북구,13600,하월곡동,5.0,20220429,월세,114.75,40000,30,2003.0,아파트,2022
성북구,13600,하월곡동,12.0,20220429,월세,166.87,3000,310,2010.0,아파트,2022
성북구,11500,삼선동5가,,20220429,월세,50.02,6000,50,1997.0,단독다가구,2022
성북구,13300,정릉동,,20220429,월세,52.85,3000,30,1992.0,단독다가구,2022
성북구,13900,석관동,2.0,20220430,월세,39.51,7500,30,2008.0,연립다세대,2022
성북구,10300,돈암동,11.0,20220430,월세,59.58,3000,50,1998.0,아파트,2022
성북구,13300,정릉동,4.0,20220430,월세,64.73,23000,10,2002.0,연립다세대,2022
성북구,11000,동소문동7가,5.0,20220430,월세,84.95,49000,7,2004.0,아파트,2022
성북구,13300,정릉동,1.0,20220430,월세,22.89,300,35,2002.0,연립다세대,2022
성북구,10700,동소문동4가,18.0,20220430,월세,58.59,25000,45,1998.0,아파트,2022
성북구,13900,석관동,,20220430,월세,60.0,4000,40,1995.0,단독다가구,2022
성북구,13700,상월곡동,,20220430,월세,23.0,2000,30,2018.0,단독다가구,2022
성북구,13500,종암동,,20220430,월세,23.64,500,30,1993.0,단독다가구,2022
성북구,11900,동선동4가,,20220430,월세,28.07,7000,25,1998.0,단독다가구,2022
성북구,11800,동선동3가,,20220430,월세,40.77,2000,60,1990.0,단독다가구,2022
성북구,13400,길음동,11.0,20220430,월세,84.77,20000,170,2022.0,아파트,2022
성북구,13500,종암동,3.0,20220430,월세,114.99,18000,160,2009.0,아파트,2022
성북구,12400,안암동4가,,20220430,월세,40.0,1000,50,1991.0,단독다가구,2022
성북구,10300,돈암동,9.0,20220430,월세,84.86,30000,150,2016.0,아파트,2022
성북구,12700,보문동5가,,20220430,월세,33.06,5000,50,1998.0,단독다가구,2022
성북구,13500,종암동,,20220430,월세,19.0,2000,65,2021.0,단독다가구,2022
성북구,11800,동선동3가,,20220430,월세,20.0,1000,50,2007.0,단독다가구,2022
성북구,13300,정릉동,,20220430,월세,18.0,1000,40,1994.0,단독다가구,2022
성북구,11700,동선동2가,,20220430,월세,20.0,1000,50,2016.0,단독다가구,2022
성북구,13900,석관동,17.0,20220430,월세,84.84,10000,135,2009.0,아파트,2022
성북구,12000,동선동5가,,20220430,월세,18.0,1000,40,2010.0,단독다가구,2022
성북구,13800,장위동,11.0,20220430,월세,18.03,500,47,2019.0,오피스텔,2022
성북구,13300,정릉동,,20220430,월세,16.5,1000,40,2018.0,단독다가구,2022
성북구,13900,석관동,7.0,20220430,월세,84.85,37000,10,1994.0,아파트,2022
성북구,13500,종암동,3.0,20220430,월세,55.7,3000,125,2015.0,연립다세대,2022
성북구,13500,종암동,4.0,20220430,월세,55.7,25000,30,2015.0,연립다세대,2022
성북구,13800,장위동,2.0,20220501,월세,50.82,5000,60,2002.0,연립다세대,2022
성북구,13300,정릉동,9.0,20220501,월세,84.98,30000,60,2008.0,아파트,2022
성북구,13300,정릉동,,20220501,월세,26.4,1000,55,2002.0,단독다가구,2022
성북구,10300,돈암동,,20220501,월세,21.0,100,38,1991.0,단독다가구,2022
성북구,13900,석관동,,20220501,월세,30.0,1000,30,1993.0,단독다가구,2022
성북구,13900,석관동,,20220501,월세,30.12,300,36,1994.0,단독다가구,2022
성북구,13400,길음동,4.0,20220501,월세,59.93,12412,24,2019.0,아파트,2022
성북구,10700,동소문동4가,,20220501,월세,70.0,8000,59,2004.0,단독다가구,2022
성북구,11800,동선동3가,,20220501,월세,40.0,9000,10,1995.0,단독다가구,2022
성북구,13500,종암동,,20220501,월세,35.0,1000,50,1993.0,단독다가구,2022
성북구,13400,길음동,9.0,20220501,월세,59.98,4000,90,2000.0,아파트,2022
성북구,13400,길음동,6.0,20220501,월세,84.97,10000,170,2005.0,아파트,2022
성북구,13100,보문동2가,5.0,20220501,월세,75.77,2000,40,2005.0,연립다세대,2022
성북구,10800,동소문동5가,7.0,20220501,월세,14.02,1000,80,2018.0,아파트,2022
성북구,13900,석관동,,20220502,월세,20.0,400,22,1998.0,단독다가구,2022
성북구,11800,동선동3가,,20220502,월세,20.0,1000,40,2007.0,단독다가구,2022
성북구,12300,안암동3가,,20220502,월세,83.17,13000,55,1993.0,단독다가구,2022
성북구,11800,동선동3가,,20220502,월세,49.77,5000,70,2006.0,단독다가구,2022
성북구,11600,동선동1가,,20220502,월세,28.8,300,35,1968.0,단독다가구,2022
성북구,13800,장위동,,20220502,월세,59.76,3000,45,1991.0,단독다가구,2022
성북구,13300,정릉동,,20220502,월세,30.0,500,40,1993.0,단독다가구,2022
성북구,12900,보문동7가,,20220502,월세,23.52,300,30,1993.0,단독다가구,2022
성북구,13500,종암동,,20220502,월세,23.1,1000,40,1993.0,단독다가구,2022
성북구,13800,장위동,,20220502,월세,27.27,200,25,1958.0,단독다가구,2022
성북구,13300,정릉동,3.0,20220502,월세,26.39,6120,8,2020.0,연립다세대,2022
성북구,13200,보문동3가,7.0,20220502,월세,84.9,40000,90,2013.0,아파트,2022
성북구,13600,하월곡동,,20220502,월세,13.0,500,40,2015.0,단독다가구,2022
성북구,10200,성북동1가,,20220502,월세,45.0,2000,70,1993.0,단독다가구,2022
성북구,13800,장위동,4.0,20220502,월세,45.55,15000,21,2001.0,연립다세대,2022
성북구,12600,보문동4가,7.0,20220502,월세,117.03,15000,140,2011.0,아파트,2022
성북구,13800,장위동,,20220502,월세,34.0,500,25,1990.0,단독다가구,2022
성북구,13800,장위동,,20220502,월세,34.0,300,27,1990.0,단독다가구,2022
성북구,13900,석관동,,20220502,월세,37.5,3000,70,2020.0,단독다가구,2022
성북구,13800,장위동,,20220502,월세,40.0,2000,20,1995.0,단독다가구,2022
성북구,13400,길음동,8.0,20220502,월세,84.84,15000,120,2003.0,아파트,2022
성북구,11900,동선동4가,,20220502,월세,38.0,2000,90,2020.0,단독다가구,2022
성북구,13300,정릉동,1.0,20220503,월세,59.88,25000,30,2005.0,아파트,2022
성북구,13600,하월곡동,15.0,20220503,월세,67.44,32000,30,2011.0,아파트,2022
성북구,10300,돈암동,2.0,20220503,월세,55.14,4000,65,2002.0,연립다세대,2022
성북구,13400,길음동,6.0,20220503,월세,33.46,1630,11,2019.0,아파트,2022
성북구,13400,길음동,7.0,20220503,월세,33.28,5375,9,2010.0,아파트,2022
성북구,13400,길음동,9.0,20220503,월세,33.28,2847,24,2010.0,아파트,2022
성북구,13400,길음동,,20220503,월세,34.23,100,30,1990.0,단독다가구,2022
성북구,10300,돈암동,17.0,20220503,월세,59.4,5000,90,1999.0,아파트,2022
성북구,13700,상월곡동,,20220503,월세,34.0,500,35,1991.0,단독다가구,2022
성북구,13800,장위동,,20220503,월세,33.33,500,33,1991.0,단독다가구,2022
성북구,13900,석관동,,20220503,월세,32.0,500,29,1993.0,단독다가구,2022
성북구,13800,장위동,,20220503,월세,55.44,11000,20,1993.0,단독다가구,2022
성북구,13800,장위동,,20220503,월세,76.93,4000,65,1988.0,단독다가구,2022
성북구,10300,돈암동,,20220503,월세,65.34,12000,10,1996.0,단독다가구,2022
성북구,13800,장위동,,20220503,월세,63.03,7000,10,1993.0,단독다가구,2022
성북구,13500,종암동,,20220503,월세,13.5,300,40,2009.0,단독다가구,2022
성북구,11800,동선동3가,,20220503,월세,19.0,500,40,1996.0,단독다가구,2022
성북구,10300,돈암동,3.0,20220503,월세,64.51,24000,10,2002.0,연립다세대,2022
성북구,11300,삼선동3가,,20220503,월세,18.1,500,35,2000.0,단독다가구,2022
성북구,12100,안암동1가,,20220503,월세,20.0,300,40,1992.0,단독다가구,2022
성북구,13900,석관동,,20220503,월세,29.75,1000,30,1966.0,단독다가구,2022
성북구,11700,동선동2가,,20220503,월세,21.0,6000,25,2007.0,단독다가구,2022
성북구,13900,석관동,,20220503,월세,20.0,11000,10,2019.0,단독다가구,2022
성북구,13900,석관동,,20220503,월세,25.0,500,30,1991.0,단독다가구,2022
성북구,13600,하월곡동,,20220503,월세,25.0,300,30,1993.0,단독다가구,2022
성북구,13800,장위동,9.0,20220503,월세,15.21,1000,49,2019.0,아파트,2022
성북구,12000,동선동5가,4.0,20220503,월세,26.84,27000,17,2020.0,연립다세대,2022
성북구,13600,하월곡동,,20220503,월세,42.73,12000,45,2015.0,단독다가구,2022
성북구,13300,정릉동,,20220503,월세,41.1,13000,30,1990.0,단독다가구,2022
성북구,13800,장위동,,20220503,월세,41.98,1000,45,1994.0,단독다가구,2022
성북구,11900,동선동4가,9.0,20220503,월세,47.14,2000,130,2017.0,오피스텔,2022
성북구,11300,삼선동3가,4.0,20220503,월세,35.58,4118,8,2008.0,아파트,2022
성북구,11300,삼선동3가,4.0,20220503,월세,35.58,2012,20,2008.0,아파트,2022
성북구,13600,하월곡동,,20220504,월세,23.0,10000,10,2017.0,단독다가구,2022
성북구,11500,삼선동5가,,20220504,월세,25.0,1000,45,2002.0,단독다가구,2022
성북구,11800,동선동3가,,20220504,월세,29.4,1000,60,1973.0,단독다가구,2022
성북구,13900,석관동,,20220504,월세,20.6,1000,37,2019.0,단독다가구,2022
성북구,11200,삼선동2가,,20220504,월세,30.0,50,29,1990.0,단독다가구,2022
성북구,13900,석관동,6.0,20220504,월세,59.97,10000,90,1998.0,아파트,2022
성북구,13600,하월곡동,6.0,20220504,월세,16.12,1000,65,2022.0,오피스텔,2022
성북구,13600,하월곡동,3.0,20220504,월세,20.21,1000,75,2022.0,오피스텔,2022
성북구,13900,석관동,14.0,20220504,월세,54.55,14000,44,1998.0,아파트,2022
성북구,13400,길음동,15.0,20220504,월세,59.97,10000,180,2019.0,아파트,2022
성북구,10300,돈암동,,20220504,월세,36.4,1000,65,1988.0,단독다가구,2022
성북구,10300,돈암동,,20220504,월세,64.34,12000,10,1996.0,단독다가구,2022
성북구,13500,종암동,,20220504,월세,62.68,12000,15,1995.0,단독다가구,2022
성북구,13800,장위동,2.0,20220504,월세,84.98,1000,40,2006.0,아파트,2022
성북구,13800,장위동,4.0,20220504,월세,50.06,12600,20,1994.0,연립다세대,2022
성북구,13300,정릉동,3.0,20220504,월세,95.66,12000,35,2005.0,연립다세대,2022
성북구,12300,안암동3가,,20220504,월세,40.8,4000,65,1996.0,단독다가구,2022
성북구,13600,하월곡동,,20220504,월세,42.04,1000,40,1993.0,단독다가구,2022
성북구,13800,장위동,4.0,20220505,월세,18.03,1000,55,2019.0,오피스텔,2022
성북구,13600,하월곡동,8.0,20220505,월세,80.16,8000,115,2004.0,아파트,2022
성북구,13600,하월곡동,8.0,20220505,월세,80.16,8000,125,2004.0,아파트,2022
성북구,10300,돈암동,8.0,20220505,월세,80.54,0,70,2003.0,아파트,2022
성북구,13600,하월곡동,19.0,20220505,월세,15.55,500,55,2013.0,아파트,2022
성북구,13800,장위동,,20220505,월세,25.0,300,35,1971.0,단독다가구,2022
성북구,11200,삼선동2가,10.0,20220505,월세,114.65,10000,200,2008.0,아파트,2022
성북구,13500,종암동,8.0,20220505,월세,84.95,5000,150,2004.0,아파트,2022
성북구,12400,안암동4가,,20220505,월세,26.97,5000,15,1996.0,단독다가구,2022
성북구,13400,길음동,17.0,20220505,월세,114.98,40000,105,2003.0,아파트,2022
성북구,13400,길음동,7.0,20220505,월세,84.64,5000,158,2005.0,아파트,2022
성북구,11500,삼선동5가,,20220505,월세,33.0,1000,40,1990.0,단독다가구,2022
성북구,13300,정릉동,1.0,20220505,월세,114.84,20000,80,2001.0,아파트,2022
성북구,13500,종암동,15.0,20220505,월세,84.73,30000,90,2005.0,아파트,2022
성북구,13600,하월곡동,,20220505,월세,17.0,1000,45,2019.0,단독다가구,2022
성북구,13900,석관동,,20220505,월세,15.7,1000,40,1970.0,단독다가구,2022
성북구,12500,안암동5가,,20220505,월세,16.5,500,43,1997.0,단독다가구,2022
성북구,13200,보문동3가,,20220505,월세,61.34,500,50,1993.0,단독다가구,2022
성북구,13600,하월곡동,15.0,20220506,월세,84.88,5000,180,2007.0,아파트,2022
성북구,13300,정릉동,2.0,20220506,월세,19.7,4605,6,2020.0,연립다세대,2022
성북구,13600,하월곡동,,20220506,월세,40.65,400,40,1996.0,단독다가구,2022
성북구,13900,석관동,,20220506,월세,41.44,500,35,1997.0,단독다가구,2022
성북구,10800,동소문동5가,9.0,20220506,월세,14.09,1000,80,2018.0,아파트,2022
성북구,11500,삼선동5가,,20220506,월세,26.4,1000,60,1995.0,단독다가구,2022
성북구,13900,석관동,3.0,20220506,월세,39.01,4698,7,2019.0,아파트,2022
성북구,13300,정릉동,,20220506,월세,26.0,1000,55,2000.0,단독다가구,2022
성북구,13900,석관동,5.0,20220506,월세,59.42,8000,138,2019.0,아파트,2022
성북구,10300,돈암동,8.0,20220506,월세,84.59,5000,150,1999.0,아파트,2022
성북구,13400,길음동,15.0,20220506,월세,59.98,3870,130,2010.0,아파트,2022
성북구,12300,안암동3가,,20220506,월세,32.48,1000,40,1995.0,단독다가구,2022
성북구,12600,보문동4가,,20220506,월세,36.96,2000,80,2011.0,단독다가구,2022
성북구,13900,석관동,,20220506,월세,36.7,500,50,1992.0,단독다가구,2022
성북구,13400,길음동,9.0,20220506,월세,84.96,20000,155,2006.0,아파트,2022
성북구,11700,동선동2가,,20220506,월세,20.0,1000,41,1994.0,단독다가구,2022
성북구,11500,삼선동5가,,20220506,월세,20.0,6000,20,1993.0,단독다가구,2022
성북구,12100,안암동1가,,20220506,월세,20.0,500,45,1993.0,단독다가구,2022
성북구,10200,성북동1가,,20220506,월세,18.1,200,45,2000.0,단독다가구,2022
성북구,13900,석관동,,20220506,월세,53.82,3000,50,1993.0,단독다가구,2022
성북구,11900,동선동4가,,20220506,월세,49.67,1500,65,1992.0,단독다가구,2022
성북구,13600,하월곡동,,20220506,월세,73.57,10000,80,,단독다가구,2022
성북구,13500,종암동,,20220506,월세,76.5,10000,47,2006.0,단독다가구,2022
성북구,13300,정릉동,,20220507,월세,12.0,500,40,2018.0,단독다가구,2022
성북구,13800,장위동,,20220507,월세,50.0,2000,50,1994.0,단독다가구,2022
성북구,12100,안암동1가,,20220507,월세,23.0,1000,29,1995.0,단독다가구,2022
성북구,12400,안암동4가,,20220507,월세,26.4,500,38,2001.0,단독다가구,2022
성북구,11400,삼선동4가,4.0,20220507,월세,27.75,16000,50,2017.0,연립다세대,2022
성북구,13300,정릉동,3.0,20220507,월세,41.32,9000,10,1986.0,연립다세대,2022
성북구,13400,길음동,25.0,20220507,월세,84.98,20000,170,2022.0,아파트,2022
성북구,13800,장위동,,20220507,월세,45.0,500,35,1995.0,단독다가구,2022
성북구,13800,장위동,15.0,20220507,월세,18.03,500,45,2019.0,오피스텔,2022
성북구,13800,장위동,3.0,20220507,월세,67.12,9000,39,2005.0,연립다세대,2022
성북구,13900,석관동,,20220507,월세,19.8,1000,40,2017.0,단독다가구,2022
성북구,13300,정릉동,,20220507,월세,16.5,1000,40,2018.0,단독다가구,2022
성북구,10300,돈암동,20.0,20220507,월세,84.87,5000,180,1998.0,아파트,2022
성북구,13900,석관동,8.0,20220507,월세,59.97,10000,100,1998.0,아파트,2022
성북구,10300,돈암동,9.0,20220507,월세,84.92,10000,70,1998.0,아파트,2022
성북구,11900,동선동4가,6.0,20220507,월세,30.91,1000,100,2017.0,연립다세대,2022
성북구,13300,정릉동,,20220507,월세,35.0,500,40,1994.0,단독다가구,2022
성북구,13500,종암동,5.0,20220507,월세,42.35,2500,110,2016.0,연립다세대,2022
성북구,11400,삼선동4가,,20220507,월세,32.98,4000,51,2011.0,단독다가구,2022
성북구,13400,길음동,11.0,20220507,월세,59.96,5000,166,2010.0,아파트,2022
성북구,13600,하월곡동,10.0,20220507,월세,84.73,5000,155,2010.0,아파트,2022
성북구,13400,길음동,5.0,20220507,월세,84.82,8000,135,2010.0,아파트,2022
성북구,13400,길음동,11.0,20220507,월세,59.96,10000,150,2010.0,아파트,2022
성북구,13600,하월곡동,7.0,20220508,월세,59.86,40000,30,2003.0,아파트,2022
성북구,13800,장위동,,20220508,월세,52.6,3000,35,1993.0,단독다가구,2022
성북구,13800,장위동,1.0,20220508,월세,39.55,2000,39,1997.0,연립다세대,2022
성북구,11800,동선동3가,,20220508,월세,25.0,500,45,2000.0,단독다가구,2022
성북구,13900,석관동,,20220508,월세,58.52,8000,30,1993.0,단독다가구,2022
성북구,10900,동소문동6가,,20220508,월세,15.0,4000,40,2018.0,단독다가구,2022
성북구,13300,정릉동,16.0,20220509,월세,59.9,20000,70,1999.0,아파트,2022
성북구,13000,보문동1가,17.0,20220509,월세,59.79,20000,130,2022.0,아파트,2022
성북구,13800,장위동,4.0,20220509,월세,54.6,6000,19,1992.0,연립다세대,2022
성북구,13500,종암동,7.0,20220509,월세,84.95,20000,100,2004.0,아파트,2022
성북구,10900,동소문동6가,9.0,20220509,월세,14.18,19000,4,2012.0,아파트,2022
성북구,13800,장위동,,20220509,월세,12.42,500,42,2020.0,단독다가구,2022
성북구,11100,삼선동1가,,20220509,월세,13.2,500,35,2019.0,단독다가구,2022
성북구,13800,장위동,4.0,20220509,월세,55.97,4000,50,1994.0,연립다세대,2022
성북구,13400,길음동,4.0,20220509,월세,59.86,15000,70,2005.0,아파트,2022
성북구,12300,안암동3가,,20220509,월세,46.28,1000,35,,단독다가구,2022
성북구,13500,종암동,,20220509,월세,42.0,10000,20,1991.0,단독다가구,2022
성북구,12100,안암동1가,,20220509,월세,26.4,400,30,1992.0,단독다가구,2022
성북구,11900,동선동4가,,20220509,월세,26.4,13000,5,1994.0,단독다가구,2022
성북구,12800,보문동6가,,20220509,월세,29.75,3000,80,,단독다가구,2022
성북구,13300,정릉동,9.0,20220509,월세,84.68,28350,32,2005.0,아파트,2022
성북구,13300,정릉동,6.0,20220509,월세,59.98,30000,40,2004.0,아파트,2022
성북구,13900,석관동,,20220509,월세,50.18,1000,65,2012.0,단독다가구,2022
성북구,13700,상월곡동,17.0,20220509,월세,59.95,20000,70,2003.0,아파트,2022
성북구,10300,돈암동,12.0,20220509,월세,84.39,30000,15,1991.0,아파트,2022
성북구,13400,길음동,8.0,20220509,월세,84.9,10000,240,2019.0,아파트,2022
성북구,11500,삼선동5가,,20220509,월세,60.0,2000,90,1998.0,단독다가구,2022
성북구,13700,상월곡동,,20220509,월세,50.7,1000,40,1994.0,단독다가구,2022
성북구,10100,성북동,,20220509,월세,71.46,53000,70,2006.0,단독다가구,2022
성북구,10300,돈암동,12.0,20220509,월세,41.58,1000,75,1991.0,아파트,2022
성북구,11500,삼선동5가,,20220509,월세,36.36,3000,70,,단독다가구,2022
성북구,13400,길음동,14.0,20220509,월세,84.77,30000,150,2022.0,아파트,2022
성북구,13600,하월곡동,,20220509,월세,15.0,1000,40,2015.0,단독다가구,2022
성북구,10700,동소문동4가,,20220509,월세,18.0,1000,35,2002.0,단독다가구,2022
성북구,12100,안암동1가,,20220509,월세,20.0,1000,40,,단독다가구,2022
성북구,10900,동소문동6가,,20220509,월세,20.0,1000,40,1990.0,단독다가구,2022
성북구,13700,상월곡동,,20220509,월세,20.0,300,25,1994.0,단독다가구,2022
성북구,13800,장위동,,20220510,월세,16.52,500,45,,단독다가구,2022
성북구,11500,삼선동5가,8.0,20220510,월세,30.42,1000,60,2003.0,오피스텔,2022
성북구,13300,정릉동,,20220510,월세,15.0,500,40,2018.0,단독다가구,2022
성북구,12500,안암동5가,,20220510,월세,12.0,500,47,2009.0,단독다가구,2022
성북구,12500,안암동5가,,20220510,월세,12.0,300,40,1992.0,단독다가구,2022
성북구,13900,석관동,8.0,20220510,월세,59.69,5000,100,2011.0,아파트,2022
성북구,13500,종암동,15.0,20220510,월세,59.73,2000,145,2004.0,아파트,2022
성북구,13400,길음동,4.0,20220510,월세,84.97,5000,140,2005.0,아파트,2022
성북구,13000,보문동1가,11.0,20220510,월세,59.79,15000,170,2022.0,아파트,2022
성북구,13400,길음동,6.0,20220510,월세,59.97,2000,140,2005.0,아파트,2022
성북구,13900,석관동,4.0,20220510,월세,33.15,13000,7,2003.0,오피스텔,2022
성북구,13900,석관동,2.0,20220510,월세,37.91,2000,55,1993.0,연립다세대,2022
성북구,13000,보문동1가,16.0,20220510,월세,59.79,40000,70,2022.0,아파트,2022
성북구,10300,돈암동,1.0,20220510,월세,115.93,40000,100,2009.0,아파트,2022
성북구,13400,길음동,9.0,20220510,월세,111.71,5000,170,1998.0,아파트,2022
성북구,13400,길음동,3.0,20220510,월세,84.05,0,170,2007.0,아파트,2022
성북구,13100,보문동2가,2.0,20220510,월세,20.08,11000,25,2015.0,연립다세대,2022
성북구,13000,보문동1가,10.0,20220510,월세,59.79,20000,127,2022.0,아파트,2022
성북구,13400,길음동,7.0,20220510,월세,59.99,2000,130,2010.0,아파트,2022
성북구,13300,정릉동,2.0,20220510,월세,37.71,1000,40,1991.0,연립다세대,2022
성북구,12200,안암동2가,,20220510,월세,41.83,1000,45,1993.0,단독다가구,2022
성북구,13600,하월곡동,,20220510,월세,46.28,1000,75,1965.0,단독다가구,2022
성북구,10300,돈암동,15.0,20220510,월세,84.87,20000,163,1998.0,아파트,2022
성북구,13800,장위동,,20220510,월세,41.55,1500,40,1993.0,단독다가구,2022
성북구,13900,석관동,,20220510,월세,23.0,200,25,1993.0,단독다가구,2022
성북구,13800,장위동,,20220510,월세,21.78,300,15,1978.0,단독다가구,2022
성북구,13400,길음동,11.0,20220510,월세,33.46,652,13,2019.0,아파트,2022
성북구,13800,장위동,7.0,20220510,월세,101.72,50000,60,2020.0,아파트,2022
성북구,13600,하월곡동,16.0,20220510,월세,79.98,20000,90,2004.0,아파트,2022
성북구,13900,석관동,4.0,20220510,월세,39.01,4698,7,2019.0,아파트,2022
성북구,13700,상월곡동,19.0,20220510,월세,114.66,30000,75,2003.0,아파트,2022
성북구,13800,장위동,,20220510,월세,50.4,5250,42,1988.0,단독다가구,2022
성북구,13800,장위동,,20220510,월세,52.75,1000,60,1997.0,단독다가구,2022
성북구,13800,장위동,,20220510,월세,55.76,500,60,2002.0,단독다가구,2022
성북구,13300,정릉동,4.0,20220510,월세,22.26,3893,15,2020.0,연립다세대,2022
성북구,13900,석관동,,20220510,월세,34.0,1000,40,1972.0,단독다가구,2022
성북구,13800,장위동,,20220510,월세,34.0,500,30,1991.0,단독다가구,2022
성북구,11500,삼선동5가,,20220510,월세,39.63,2000,60,1997.0,단독다가구,2022
성북구,13900,석관동,,20220510,월세,33.0,1000,50,1990.0,단독다가구,2022
성북구,12200,안암동2가,,20220510,월세,33.0,6000,3,1993.0,단독다가구,2022
성북구,13400,길음동,23.0,20220510,월세,59.78,40000,80,2022.0,아파트,2022
성북구,12200,안암동2가,,20220511,월세,45.09,1000,70,1994.0,단독다가구,2022
성북구,12000,동선동5가,,20220511,월세,45.0,13000,20,1995.0,단독다가구,2022
성북구,13600,하월곡동,,20220511,월세,46.0,7000,35,1994.0,단독다가구,2022
성북구,13800,장위동,,20220511,월세,38.0,2000,35,1997.0,단독다가구,2022
성북구,13400,길음동,34.0,20220511,월세,84.77,30000,190,2022.0,아파트,2022
성북구,13000,보문동1가,,20220511,월세,36.0,300,35,1992.0,단독다가구,2022
성북구,13900,석관동,3.0,20220511,월세,22.75,1000,43,2011.0,연립다세대,2022
성북구,13300,정릉동,,20220511,월세,40.34,500,40,1993.0,단독다가구,2022
성북구,11700,동선동2가,,20220511,월세,20.0,2000,45,1994.0,단독다가구,2022
성북구,13000,보문동1가,17.0,20220511,월세,59.79,20000,125,2022.0,아파트,2022
성북구,13800,장위동,15.0,20220511,월세,59.1,10000,160,2020.0,아파트,2022
성북구,13400,길음동,5.0,20220511,월세,84.97,10000,99,2005.0,아파트,2022
성북구,13300,정릉동,2.0,20220511,월세,22.26,4193,13,2020.0,연립다세대,2022
성북구,13300,정릉동,1.0,20220511,월세,22.26,3893,15,2020.0,연립다세대,2022
성북구,13300,정릉동,3.0,20220511,월세,19.7,3355,13,2020.0,연립다세대,2022
성북구,13200,보문동3가,7.0,20220511,월세,59.49,20000,100,2003.0,아파트,2022
성북구,13500,종암동,2.0,20220511,월세,14.09,7000,20,2011.0,연립다세대,2022
성북구,12800,보문동6가,1.0,20220512,월세,84.99,6000,26,2017.0,아파트,2022
성북구,13800,장위동,,20220512,월세,40.44,300,30,1990.0,단독다가구,2022
성북구,13700,상월곡동,,20220512,월세,31.5,2000,40,1993.0,단독다가구,2022
성북구,11900,동선동4가,,20220512,월세,33.0,1000,60,1992.0,단독다가구,2022
성북구,13300,정릉동,,20220512,월세,42.8,2000,45,1990.0,단독다가구,2022
성북구,13800,장위동,,20220512,월세,38.0,9000,5,1958.0,단독다가구,2022
성북구,11100,삼선동1가,,20220512,월세,33.93,200,30,1991.0,단독다가구,2022
성북구,13800,장위동,,20220512,월세,38.71,500,27,1971.0,단독다가구,2022
성북구,13500,종암동,,20220512,월세,39.0,8500,10,1994.0,단독다가구,2022
성북구,11200,삼선동2가,,20220512,월세,63.72,5000,70,1992.0,단독다가구,2022
성북구,10700,동소문동4가,2.0,20220512,월세,61.82,500,47,2002.0,연립다세대,2022
성북구,13900,석관동,2.0,20220512,월세,17.16,500,45,2013.0,연립다세대,2022
성북구,13800,장위동,19.0,20220512,월세,32.22,5424,27,2017.0,아파트,2022
성북구,12300,안암동3가,,20220512,월세,134.23,2000,165,2002.0,단독다가구,2022
성북구,13800,장위동,9.0,20220512,월세,18.39,7700,15,2020.0,아파트,2022
성북구,13800,장위동,14.0,20220512,월세,33.04,16900,27,2020.0,아파트,2022
성북구,13800,장위동,1.0,20220512,월세,35.26,14000,55,2021.0,연립다세대,2022
성북구,13400,길음동,11.0,20220512,월세,59.99,6000,105,2010.0,아파트,2022
성북구,12200,안암동2가,,20220512,월세,22.0,1000,50,1993.0,단독다가구,2022
성북구,13300,정릉동,13.0,20220512,월세,59.88,22000,10,2005.0,아파트,2022
성북구,13600,하월곡동,,20220512,월세,23.0,1000,60,2018.0,단독다가구,2022
성북구,13900,석관동,,20220512,월세,29.99,2000,80,2020.0,단독다가구,2022
성북구,13800,장위동,9.0,20220512,월세,39.34,3480,8,2006.0,아파트,2022
성북구,13300,정릉동,13.0,20220512,월세,59.97,5000,110,2000.0,아파트,2022
성북구,11100,삼선동1가,,20220512,월세,24.96,500,20,,단독다가구,2022
성북구,10200,성북동1가,6.0,20220512,월세,17.8,2000,60,2015.0,오피스텔,2022
성북구,11900,동선동4가,7.0,20220513,월세,19.83,8000,20,2012.0,오피스텔,2022
성북구,10300,돈암동,2.0,20220513,월세,59.99,20000,42,2004.0,아파트,2022
성북구,12800,보문동6가,7.0,20220513,월세,59.19,10000,160,2017.0,아파트,2022
성북구,10300,돈암동,11.0,20220513,월세,59.99,40000,55,2004.0,아파트,2022
성북구,13000,보문동1가,3.0,20220513,월세,59.79,10000,120,2022.0,아파트,2022
성북구,13300,정릉동,1.0,20220513,월세,22.26,5343,7,2020.0,연립다세대,2022
성북구,13300,정릉동,4.0,20220513,월세,84.09,20000,130,2009.0,아파트,2022
성북구,12300,안암동3가,,20220513,월세,40.0,3000,65,1990.0,단독다가구,2022
성북구,13500,종암동,5.0,20220513,월세,92.24,100,50,2005.0,연립다세대,2022
성북구,12800,보문동6가,,20220513,월세,33.05,2000,50,1993.0,단독다가구,2022
성북구,13800,장위동,,20220513,월세,37.85,500,35,1995.0,단독다가구,2022
성북구,13900,석관동,,20220513,월세,33.3,500,40,1993.0,단독다가구,2022
성북구,13800,장위동,13.0,20220513,월세,18.03,500,53,2019.0,오피스텔,2022
성북구,13800,장위동,21.0,20220513,월세,59.92,50000,50,2021.0,아파트,2022
성북구,11100,삼선동1가,,20220513,월세,27.0,500,50,1988.0,단독다가구,2022
성북구,10300,돈암동,1.0,20220513,월세,84.86,60000,40,2016.0,아파트,2022
성북구,13900,석관동,,20220513,월세,72.8,4000,65,1996.0,단독다가구,2022
성북구,13800,장위동,,20220513,월세,54.29,5000,50,1986.0,단독다가구,2022
성북구,13800,장위동,,20220513,월세,74.71,3000,65,1995.0,단독다가구,2022
성북구,11500,삼선동5가,2.0,20220513,월세,25.9,4000,47,2017.0,연립다세대,2022
성북구,13300,정릉동,7.0,20220514,월세,59.59,3000,120,1999.0,아파트,2022
성북구,13400,길음동,6.0,20220514,월세,59.99,30000,35,2003.0,아파트,2022
성북구,13800,장위동,,20220514,월세,96.0,10000,30,1971.0,단독다가구,2022
성북구,13400,길음동,14.0,20220514,월세,84.92,20000,134,2010.0,아파트,2022
성북구,13400,길음동,4.0,20220514,월세,13.51,500,50,2012.0,연립다세대,2022
성북구,11800,동선동3가,,20220514,월세,42.5,1000,75,1992.0,단독다가구,2022
성북구,13800,장위동,,20220514,월세,46.01,1000,40,1994.0,단독다가구,2022
성북구,10900,동소문동6가,10.0,20220514,월세,34.03,500,65,2003.0,오피스텔,2022
성북구,13900,석관동,4.0,20220514,월세,25.7,500,52,2011.0,연립다세대,2022
성북구,13300,정릉동,7.0,20220514,월세,59.98,5000,105,2005.0,아파트,2022
성북구,13600,하월곡동,11.0,20220514,월세,59.98,40000,50,2007.0,아파트,2022
성북구,13300,정릉동,2.0,20220514,월세,59.98,10000,120,2008.0,아파트,2022
성북구,11900,동선동4가,12.0,20220514,월세,25.18,1000,70,2005.0,오피스텔,2022
성북구,10400,동소문동1가,,20220514,월세,33.06,1000,56,2001.0,단독다가구,2022
성북구,13000,보문동1가,14.0,20220514,월세,59.79,20000,130,2022.0,아파트,2022
성북구,13000,보문동1가,12.0,20220514,월세,59.79,10000,160,2022.0,아파트,2022
성북구,13000,보문동1가,13.0,20220514,월세,59.79,30000,160,2022.0,아파트,2022
성북구,13600,하월곡동,,20220514,월세,36.0,1000,50,1994.0,단독다가구,2022
성북구,13500,종암동,,20220514,월세,36.0,1000,35,1992.0,단독다가구,2022
성북구,13500,종암동,,20220514,월세,32.0,500,35,1995.0,단독다가구,2022
성북구,12600,보문동4가,,20220514,월세,39.6,1000,40,1993.0,단독다가구,2022
성북구,13800,장위동,,20220514,월세,34.2,300,30,1994.0,단독다가구,2022
성북구,13600,하월곡동,,20220514,월세,48.0,2000,60,1995.0,단독다가구,2022
성북구,13800,장위동,,20220514,월세,81.54,5000,80,1988.0,단독다가구,2022
성북구,11200,삼선동2가,8.0,20220514,월세,84.98,20000,150,2009.0,아파트,2022
성북구,12100,안암동1가,,20220514,월세,49.65,7000,50,1993.0,단독다가구,2022
성북구,13500,종암동,,20220514,월세,86.0,20000,40,1974.0,단독다가구,2022
성북구,10800,동소문동5가,,20220514,월세,70.38,100,25,1969.0,단독다가구,2022
성북구,13500,종암동,,20220514,월세,25.0,2000,33,2011.0,단독다가구,2022
성북구,13400,길음동,9.0,20220514,월세,59.87,35000,100,2022.0,아파트,2022
성북구,11700,동선동2가,,20220514,월세,19.8,1000,33,1996.0,단독다가구,2022
성북구,13600,하월곡동,22.0,20220514,월세,133.74,30000,200,2011.0,아파트,2022
성북구,13600,하월곡동,5.0,20220514,월세,59.88,10000,65,1998.0,아파트,2022
성북구,13400,길음동,12.0,20220515,월세,84.96,10000,170,2006.0,아파트,2022
성북구,13800,장위동,,20220515,월세,45.66,500,45,1997.0,단독다가구,2022
성북구,13600,하월곡동,18.0,20220515,월세,59.98,13000,85,2007.0,아파트,2022
성북구,10700,동소문동4가,7.0,20220515,월세,79.34,7000,110,2006.0,오피스텔,2022
성북구,13800,장위동,,20220515,월세,47.04,1000,35,1995.0,단독다가구,2022
성북구,13000,보문동1가,17.0,20220515,월세,59.79,10000,70,2022.0,아파트,2022
성북구,11500,삼선동5가,12.0,20220516,월세,30.81,1000,60,2003.0,오피스텔,2022
성북구,12500,안암동5가,,20220516,월세,14.0,300,35,1955.0,단독다가구,2022
성북구,12400,안암동4가,,20220516,월세,13.2,250,33,1984.0,단독다가구,2022
성북구,13900,석관동,,20220516,월세,26.4,500,25,1995.0,단독다가구,2022
성북구,12100,안암동1가,,20220516,월세,26.4,1500,45,1997.0,단독다가구,2022
성북구,12300,안암동3가,2.0,20220516,월세,42.61,2000,30,1971.0,아파트,2022
성북구,12300,안암동3가,4.0,20220516,월세,42.61,1000,62,1971.0,아파트,2022
성북구,11500,삼선동5가,4.0,20220516,월세,39.27,1000,43,2002.0,연립다세대,2022
성북구,13600,하월곡동,,20220516,월세,43.51,1000,55,2022.0,단독다가구,2022
성북구,13900,석관동,6.0,20220516,월세,39.01,9304,24,2019.0,아파트,2022
성북구,13900,석관동,12.0,20220516,월세,39.01,9304,24,2019.0,아파트,2022
성북구,13900,석관동,,20220516,월세,40.84,4000,30,1995.0,단독다가구,2022
성북구,13900,석관동,2.0,20220516,월세,36.47,0,40,2018.0,연립다세대,2022
성북구,13300,정릉동,2.0,20220516,월세,23.94,1000,50,2020.0,연립다세대,2022
성북구,13900,석관동,,20220516,월세,59.83,10000,40,1982.0,단독다가구,2022
성북구,12500,안암동5가,,20220516,월세,64.41,1000,150,1990.0,단독다가구,2022
성북구,13800,장위동,12.0,20220516,월세,15.21,1000,55,2019.0,아파트,2022
성북구,13900,석관동,,20220516,월세,48.0,2000,50,1994.0,단독다가구,2022
성북구,10300,돈암동,15.0,20220516,월세,84.87,24500,40,1998.0,아파트,2022
성북구,13300,정릉동,,20220516,월세,61.95,2000,70,1991.0,단독다가구,2022
성북구,10200,성북동1가,,20220516,월세,63.3,5000,65,1993.0,단독다가구,2022
성북구,13800,장위동,4.0,20220516,월세,60.95,15000,15,2002.0,연립다세대,2022
성북구,13600,하월곡동,8.0,20220516,월세,114.93,60000,70,2007.0,아파트,2022
성북구,13900,석관동,3.0,20220516,월세,59.82,5000,80,1997.0,아파트,2022
성북구,13300,정릉동,15.0,20220516,월세,59.88,5000,74,2005.0,아파트,2022
성북구,13300,정릉동,13.0,20220516,월세,59.94,5000,85,2000.0,아파트,2022
성북구,11600,동선동1가,,20220516,월세,18.0,300,28,1997.0,단독다가구,2022
성북구,12500,안암동5가,,20220516,월세,19.8,1000,70,2018.0,단독다가구,2022
성북구,13000,보문동1가,,20220516,월세,15.0,1000,35,1992.0,단독다가구,2022
성북구,13500,종암동,,20220516,월세,33.0,300,43,1996.0,단독다가구,2022
성북구,11100,삼선동1가,,20220516,월세,40.0,1000,65,1995.0,단독다가구,2022
성북구,13300,정릉동,,20220517,월세,43.39,500,40,1986.0,단독다가구,2022
성북구,12500,안암동5가,,20220517,월세,14.0,2000,45,2008.0,단독다가구,2022
성북구,12300,안암동3가,,20220517,월세,19.8,500,33,,단독다가구,2022
성북구,11500,삼선동5가,,20220517,월세,19.8,500,50,2000.0,단독다가구,2022
성북구,13400,길음동,30.0,20220517,월세,84.77,20000,200,2022.0,아파트,2022
성북구,13600,하월곡동,,20220517,월세,27.0,500,30,1992.0,단독다가구,2022
성북구,12700,보문동5가,,20220517,월세,23.14,500,40,1993.0,단독다가구,2022
성북구,12200,안암동2가,,20220517,월세,27.0,3000,65,2015.0,단독다가구,2022
성북구,13100,보문동2가,,20220517,월세,30.0,7000,50,1992.0,단독다가구,2022
성북구,13400,길음동,7.0,20220517,월세,113.23,55000,10,2007.0,아파트,2022
성북구,13600,하월곡동,16.0,20220517,월세,59.86,20000,55,2003.0,아파트,2022
성북구,13800,장위동,1.0,20220517,월세,48.96,2000,30,1991.0,연립다세대,2022
성북구,13500,종암동,13.0,20220517,월세,59.67,20000,50,2000.0,아파트,2022
성북구,11400,삼선동4가,6.0,20220517,월세,59.94,20000,80,1999.0,아파트,2022
성북구,13500,종암동,8.0,20220517,월세,84.72,30000,75,1999.0,아파트,2022
성북구,13800,장위동,1.0,20220517,월세,42.48,3000,30,1978.0,연립다세대,2022
성북구,13300,정릉동,1.0,20220517,월세,67.01,2000,75,2003.0,연립다세대,2022
성북구,13900,석관동,18.0,20220517,월세,134.97,15000,97,1998.0,아파트,2022
성북구,13900,석관동,9.0,20220517,월세,39.01,8974,25,2019.0,아파트,2022
성북구,13600,하월곡동,18.0,20220517,월세,15.54,1000,50,2013.0,아파트,2022
성북구,13400,길음동,7.0,20220517,월세,59.99,5000,170,2019.0,아파트,2022
성북구,13800,장위동,17.0,20220517,월세,116.91,60000,120,2020.0,아파트,2022
성북구,11000,동소문동7가,6.0,20220517,월세,59.91,3000,130,2004.0,아파트,2022
성북구,10300,돈암동,9.0,20220518,월세,113.67,10000,200,1998.0,아파트,2022
성북구,13300,정릉동,,20220518,월세,15.0,500,32,1961.0,단독다가구,2022
성북구,13500,종암동,,20220518,월세,15.0,1000,38,2007.0,단독다가구,2022
성북구,13300,정릉동,,20220518,월세,47.63,6000,45,2013.0,단독다가구,2022
성북구,10100,성북동,,20220518,월세,82.0,5000,100,,단독다가구,2022
성북구,10100,성북동,,20220518,월세,60.0,10000,60,,단독다가구,2022
성북구,13600,하월곡동,,20220518,월세,59.64,500,55,1972.0,단독다가구,2022
성북구,13500,종암동,,20220518,월세,40.0,1000,70,1995.0,단독다가구,2022
성북구,13800,장위동,,20220518,월세,37.24,14000,50,2021.0,단독다가구,2022
성북구,13900,석관동,,20220518,월세,29.99,10000,60,2020.0,단독다가구,2022
성북구,13400,길음동,,20220518,월세,31.41,9000,10,1987.0,단독다가구,2022
성북구,10700,동소문동4가,,20220518,월세,30.0,1000,65,1997.0,단독다가구,2022
성북구,13600,하월곡동,,20220518,월세,43.51,1000,80,2022.0,단독다가구,2022
성북구,13800,장위동,,20220518,월세,23.79,100,16,1985.0,단독다가구,2022
성북구,13600,하월곡동,,20220518,월세,21.3,300,35,1983.0,단독다가구,2022
성북구,10100,성북동,,20220518,월세,28.0,10000,20,1996.0,단독다가구,2022
성북구,13800,장위동,5.0,20220518,월세,28.98,6000,50,2019.0,연립다세대,2022
성북구,13600,하월곡동,23.0,20220518,월세,126.6,30000,190,2011.0,아파트,2022
성북구,13900,석관동,2.0,20220518,월세,39.01,9304,24,2019.0,아파트,2022
성북구,13300,정릉동,3.0,20220518,월세,22.26,5343,7,2020.0,연립다세대,2022
성북구,13500,종암동,6.0,20220518,월세,26.28,883,12,1999.0,아파트,2022
성북구,13500,종암동,1.0,20220518,월세,84.72,30000,25,1999.0,아파트,2022
성북구,13400,길음동,19.0,20220518,월세,59.37,40000,60,2007.0,아파트,2022
성북구,13600,하월곡동,7.0,20220518,월세,59.65,5000,115,2010.0,아파트,2022
성북구,11200,삼선동2가,4.0,20220518,월세,31.35,3853,16,2017.0,연립다세대,2022
성북구,13900,석관동,,20220518,월세,92.17,4000,35,1977.0,단독다가구,2022
성북구,12500,안암동5가,,20220518,월세,147.5,3000,126,1978.0,단독다가구,2022
성북구,13500,종암동,1.0,20220519,월세,59.69,15000,25,2008.0,연립다세대,2022
성북구,13900,석관동,,20220519,월세,53.93,500,45,1996.0,단독다가구,2022
성북구,11400,삼선동4가,,20220519,월세,49.83,4000,60,1993.0,단독다가구,2022
성북구,12000,동선동5가,,20220519,월세,20.0,1000,45,2008.0,단독다가구,2022
성북구,12100,안암동1가,,20220519,월세,20.0,1000,15,1992.0,단독다가구,2022
성북구,13500,종암동,,20220519,월세,16.0,800,50,2004.0,단독다가구,2022
성북구,11800,동선동3가,,20220519,월세,19.8,1000,60,2001.0,단독다가구,2022
성북구,13800,장위동,,20220519,월세,45.0,1000,50,1996.0,단독다가구,2022
성북구,11800,동선동3가,,20220519,월세,33.0,800,37,1998.0,단독다가구,2022
성북구,10300,돈암동,,20220519,월세,26.42,300,30,1995.0,단독다가구,2022
성북구,13800,장위동,,20220519,월세,25.0,200,30,1990.0,단독다가구,2022
성북구,13500,종암동,,20220519,월세,40.0,1500,40,1996.0,단독다가구,2022
성북구,12800,보문동6가,5.0,20220519,월세,15.6,500,55,2003.0,연립다세대,2022
성북구,13800,장위동,13.0,20220519,월세,36.14,6295,32,2020.0,아파트,2022
성북구,13800,장위동,15.0,20220519,월세,36.14,8419,22,2020.0,아파트,2022
성북구,13700,상월곡동,20.0,20220519,월세,84.97,45000,35,2003.0,아파트,2022
성북구,13800,장위동,5.0,20220519,월세,46.35,11872,32,2020.0,아파트,2022
성북구,13800,장위동,3.0,20220519,월세,36.14,7367,28,2020.0,아파트,2022
성북구,10300,돈암동,6.0,20220519,월세,114.66,7000,160,1999.0,아파트,2022
성북구,13800,장위동,7.0,20220519,월세,36.14,8419,22,2020.0,아파트,2022
성북구,13800,장위동,19.0,20220519,월세,36.14,8419,22,2020.0,아파트,2022
성북구,13400,길음동,20.0,20220519,월세,84.98,50000,100,2022.0,아파트,2022
성북구,13300,정릉동,10.0,20220519,월세,84.89,40000,50,2005.0,아파트,2022
성북구,13600,하월곡동,3.0,20220519,월세,59.65,11000,105,2010.0,아파트,2022
성북구,13300,정릉동,,20220520,월세,45.7,500,40,1994.0,단독다가구,2022
성북구,13100,보문동2가,,20220520,월세,46.62,500,30,1992.0,단독다가구,2022
성북구,13300,정릉동,,20220520,월세,61.82,1500,50,1976.0,단독다가구,2022
성북구,13300,정릉동,,20220520,월세,52.78,10000,20,1989.0,단독다가구,2022
성북구,13400,길음동,9.0,20220520,월세,84.84,30000,65,2003.0,아파트,2022
성북구,13600,하월곡동,,20220520,월세,50.11,2000,50,1984.0,단독다가구,2022
성북구,11800,동선동3가,,20220520,월세,50.0,1000,75,1997.0,단독다가구,2022
성북구,11400,삼선동4가,5.0,20220520,월세,29.8,14000,30,2014.0,오피스텔,2022
성북구,13500,종암동,,20220520,월세,202.0,300,45,2004.0,단독다가구,2022
성북구,13500,종암동,,20220520,월세,20.0,300,30,1970.0,단독다가구,2022
성북구,12200,안암동2가,,20220520,월세,20.0,4200,8,1995.0,단독다가구,2022
성북구,12100,안암동1가,,20220520,월세,19.8,1000,50,2018.0,단독다가구,2022
성북구,12200,안암동2가,,20220520,월세,16.52,300,25,1994.0,단독다가구,2022
성북구,10900,동소문동6가,5.0,20220520,월세,12.7,6000,28,2013.0,아파트,2022
성북구,12800,보문동6가,1.0,20220520,월세,29.96,6937,19,2017.0,아파트,2022
성북구,13800,장위동,3.0,20220520,월세,65.7,5000,74,2006.0,아파트,2022
성북구,11700,동선동2가,,20220520,월세,39.6,1000,57,2001.0,단독다가구,2022
성북구,12100,안암동1가,,20220520,월세,39.6,4000,55,2014.0,단독다가구,2022
성북구,11500,삼선동5가,,20220520,월세,39.6,7000,55,1995.0,단독다가구,2022
성북구,12100,안암동1가,,20220520,월세,24.0,1000,65,2015.0,단독다가구,2022
성북구,13900,석관동,,20220520,월세,23.0,500,28,1994.0,단독다가구,2022
성북구,13300,정릉동,,20220520,월세,29.2,1000,45,1991.0,단독다가구,2022
성북구,13400,길음동,7.0,20220520,월세,84.77,50000,120,2022.0,아파트,2022
성북구,13500,종암동,4.0,20220520,월세,24.9,10000,60,2018.0,연립다세대,2022
성북구,13800,장위동,5.0,20220520,월세,46.35,11871,32,2020.0,아파트,2022
성북구,10300,돈암동,8.0,20220520,월세,68.76,6000,115,1991.0,아파트,2022
성북구,13800,장위동,3.0,20220521,월세,52.07,25000,4,2016.0,연립다세대,2022
성북구,13600,하월곡동,17.0,20220521,월세,84.77,10500,105,2003.0,아파트,2022
성북구,13300,정릉동,1.0,20220521,월세,57.25,500,50,1979.0,연립다세대,2022
성북구,13300,정릉동,8.0,20220521,월세,114.75,30000,115,2005.0,아파트,2022
성북구,10300,돈암동,13.0,20220521,월세,59.64,13125,32,1999.0,아파트,2022
성북구,13400,길음동,6.0,20220521,월세,59.97,30000,110,2019.0,아파트,2022
성북구,13800,장위동,1.0,20220521,월세,36.14,8419,22,2020.0,아파트,2022
성북구,13500,종암동,,20220521,월세,46.8,500,30,1993.0,단독다가구,2022
성북구,13300,정릉동,,20220521,월세,50.0,5000,60,2016.0,단독다가구,2022
성북구,10100,성북동,,20220521,월세,62.06,25000,5,2004.0,단독다가구,2022
성북구,13800,장위동,27.0,20220521,월세,84.87,10000,175,2017.0,아파트,2022
성북구,13400,길음동,4.0,20220521,월세,114.91,30000,110,2003.0,아파트,2022
성북구,13400,길음동,26.0,20220521,월세,84.82,30000,110,2010.0,아파트,2022
성북구,13800,장위동,2.0,20220521,월세,41.4,3000,40,1986.0,연립다세대,2022
성북구,13400,길음동,5.0,20220521,월세,59.37,20000,120,2007.0,아파트,2022
성북구,13300,정릉동,,20220521,월세,106.83,5000,90,1989.0,단독다가구,2022
성북구,13800,장위동,13.0,20220521,월세,15.21,500,53,2019.0,아파트,2022
성북구,11400,삼선동4가,2.0,20220521,월세,18.25,1000,45,2008.0,연립다세대,2022
성북구,13400,길음동,16.0,20220521,월세,59.98,30000,65,2010.0,아파트,2022
성북구,13500,종암동,15.0,20220521,월세,59.67,5000,110,2000.0,아파트,2022
성북구,13400,길음동,14.0,20220521,월세,59.87,16000,180,2022.0,아파트,2022
성북구,13600,하월곡동,,20220521,월세,17.0,2000,40,2018.0,단독다가구,2022
성북구,12300,안암동3가,,20220521,월세,20.0,1000,45,2019.0,단독다가구,2022
성북구,11900,동선동4가,,20220521,월세,18.0,500,50,1992.0,단독다가구,2022
성북구,12200,안암동2가,,20220521,월세,29.0,1000,40,1991.0,단독다가구,2022
성북구,12100,안암동1가,,20220521,월세,18.0,500,35,2009.0,단독다가구,2022
성북구,13700,상월곡동,,20220521,월세,35.15,1000,50,1992.0,단독다가구,2022
성북구,10800,동소문동5가,,20220521,월세,39.6,1000,55,1969.0,단독다가구,2022
성북구,13500,종암동,,20220521,월세,33.0,1000,120,2018.0,단독다가구,2022
성북구,12200,안암동2가,,20220522,월세,34.5,1000,60,1997.0,단독다가구,2022
성북구,13800,장위동,8.0,20220522,월세,46.35,11871,32,2020.0,아파트,2022
성북구,13300,정릉동,2.0,20220522,월세,84.96,30000,60,2003.0,아파트,2022
성북구,13900,석관동,3.0,20220522,월세,60.42,5000,57,2011.0,연립다세대,2022
성북구,13000,보문동1가,,20220522,월세,55.16,7000,70,1993.0,단독다가구,2022
성북구,13500,종암동,6.0,20220522,월세,23.29,3000,75,2015.0,연립다세대,2022
성북구,13600,하월곡동,11.0,20220523,월세,59.86,5000,110,2003.0,아파트,2022
성북구,13800,장위동,12.0,20220523,월세,39.34,1329,20,2006.0,아파트,2022
성북구,13300,정릉동,1.0,20220523,월세,19.7,4605,6,2020.0,연립다세대,2022
성북구,13300,정릉동,1.0,20220523,월세,19.7,3355,13,2020.0,연립다세대,2022
성북구,13300,정릉동,2.0,20220523,월세,19.7,4605,6,2020.0,연립다세대,2022
성북구,13300,정릉동,3.0,20220523,월세,19.7,2961,11,2020.0,연립다세대,2022
성북구,13300,정릉동,3.0,20220523,월세,19.7,4605,6,2020.0,연립다세대,2022
성북구,13300,정릉동,2.0,20220523,월세,19.7,3355,13,2020.0,연립다세대,2022
성북구,13300,정릉동,1.0,20220523,월세,22.26,3893,15,2020.0,연립다세대,2022
성북구,13300,정릉동,3.0,20220523,월세,22.26,5047,7,2020.0,연립다세대,2022
성북구,13300,정릉동,2.0,20220523,월세,22.26,5343,7,2020.0,연립다세대,2022
성북구,13300,정릉동,4.0,20220523,월세,22.26,5343,7,2020.0,연립다세대,2022
성북구,13300,정릉동,2.0,20220523,월세,22.26,2193,20,2020.0,연립다세대,2022
성북구,13300,정릉동,4.0,20220523,월세,22.26,5263,8,2020.0,연립다세대,2022
성북구,13300,정릉동,2.0,20220523,월세,22.26,3893,15,2020.0,연립다세대,2022
성북구,13300,정릉동,1.0,20220523,월세,22.26,5343,7,2020.0,연립다세대,2022
성북구,13300,정릉동,3.0,20220523,월세,22.26,5343,7,2020.0,연립다세대,2022
성북구,13300,정릉동,3.0,20220523,월세,26.15,5728,13,2020.0,연립다세대,2022
성북구,13300,정릉동,4.0,20220523,월세,26.15,6120,8,2020.0,연립다세대,2022
성북구,13300,정릉동,4.0,20220523,월세,26.39,6120,8,2020.0,연립다세대,2022
성북구,13300,정릉동,3.0,20220523,월세,26.39,6120,8,2020.0,연립다세대,2022
성북구,13300,정릉동,2.0,20220523,월세,36.33,6552,25,2020.0,연립다세대,2022
성북구,13300,정릉동,3.0,20220523,월세,36.33,9002,12,2020.0,연립다세대,2022
성북구,13300,정릉동,4.0,20220523,월세,36.33,9002,12,2020.0,연립다세대,2022
성북구,13300,정릉동,,20220523,월세,20.0,500,50,1990.0,단독다가구,2022
성북구,13600,하월곡동,,20220523,월세,18.44,1000,50,2017.0,단독다가구,2022
성북구,13600,하월곡동,,20220523,월세,18.0,500,35,1992.0,단독다가구,2022
성북구,13600,하월곡동,,20220523,월세,16.5,500,40,2012.0,단독다가구,2022
성북구,11800,동선동3가,,20220523,월세,18.0,2000,50,2010.0,단독다가구,2022
성북구,13900,석관동,,20220523,월세,40.0,5000,3,1991.0,단독다가구,2022
성북구,13900,석관동,,20220523,월세,40.0,300,32,1993.0,단독다가구,2022
성북구,10200,성북동1가,,20220523,월세,37.35,2000,80,1997.0,단독다가구,2022
성북구,13900,석관동,,20220523,월세,32.0,500,40,1994.0,단독다가구,2022
성북구,11100,삼선동1가,,20220523,월세,42.11,3000,35,1991.0,단독다가구,2022
성북구,13900,석관동,,20220523,월세,43.08,1000,38,1994.0,단독다가구,2022
성북구,10300,돈암동,3.0,20220523,월세,59.64,2000,100,1999.0,아파트,2022
성북구,13300,정릉동,3.0,20220523,월세,49.06,2000,55,2001.0,연립다세대,2022
성북구,13900,석관동,16.0,20220523,월세,39.01,9304,24,2019.0,아파트,2022
성북구,13800,장위동,6.0,20220523,월세,36.14,8475,22,2020.0,아파트,2022
성북구,13800,장위동,21.0,20220523,월세,36.14,9820,36,2020.0,아파트,2022
성북구,13800,장위동,14.0,20220523,월세,36.14,8419,22,2020.0,아파트,2022
성북구,13800,장위동,6.0,20220523,월세,36.14,8363,23,2020.0,아파트,2022
성북구,13800,장위동,11.0,20220523,월세,36.14,10635,27,2020.0,아파트,2022
성북구,13800,장위동,21.0,20220523,월세,36.14,11260,29,2020.0,아파트,2022
성북구,13800,장위동,11.0,20220523,월세,36.14,9275,34,2020.0,아파트,2022
성북구,13400,길음동,21.0,20220523,월세,84.82,3000,170,2010.0,아파트,2022
성북구,13400,길음동,5.0,20220523,월세,32.98,21000,13,2000.0,아파트,2022
성북구,13800,장위동,7.0,20220523,월세,39.0,13480,34,2020.0,아파트,2022
성북구,13800,장위동,2.0,20220523,월세,39.0,12808,33,2020.0,아파트,2022
성북구,13800,장위동,12.0,20220523,월세,39.0,12808,33,2020.0,아파트,2022
성북구,13800,장위동,10.0,20220523,월세,39.0,13480,34,2020.0,아파트,2022
성북구,13800,장위동,10.0,20220523,월세,39.0,11168,41,2020.0,아파트,2022
성북구,13800,장위동,2.0,20220523,월세,39.0,11168,41,2020.0,아파트,2022
성북구,13800,장위동,5.0,20220523,월세,39.0,11756,43,2020.0,아파트,2022
성북구,13800,장위동,10.0,20220523,월세,39.0,11756,43,2020.0,아파트,2022
성북구,13800,장위동,11.0,20220523,월세,39.0,11756,43,2020.0,아파트,2022
성북구,13800,장위동,12.0,20220523,월세,39.0,11168,41,2020.0,아파트,2022
성북구,13800,장위동,2.0,20220523,월세,39.0,11756,43,2020.0,아파트,2022
성북구,13600,하월곡동,6.0,20220523,월세,84.54,10000,170,2011.0,아파트,2022
성북구,13800,장위동,5.0,20220523,월세,39.0,13480,34,2020.0,아파트,2022
성북구,13800,장위동,11.0,20220523,월세,39.0,13480,34,2020.0,아파트,2022
성북구,13800,장위동,7.0,20220523,월세,39.0,11756,43,2020.0,아파트,2022
성북구,13600,하월곡동,5.0,20220523,월세,59.65,36000,20,2010.0,아파트,2022
성북구,13800,장위동,2.0,20220523,월세,39.0,13480,34,2020.0,아파트,2022
성북구,13300,정릉동,,20220523,월세,30.0,500,45,2004.0,단독다가구,2022
성북구,10100,성북동,,20220523,월세,26.0,5000,45,1958.0,단독다가구,2022
성북구,13800,장위동,5.0,20220523,월세,25.79,20500,5,2019.0,연립다세대,2022
성북구,13800,장위동,6.0,20220524,월세,34.89,5000,60,2020.0,연립다세대,2022
성북구,13500,종암동,,20220524,월세,45.0,500,32,1991.0,단독다가구,2022
성북구,13300,정릉동,,20220524,월세,124.5,18000,100,1983.0,단독다가구,2022
성북구,13900,석관동,,20220524,월세,45.0,9000,25,1995.0,단독다가구,2022
성북구,13800,장위동,19.0,20220524,월세,36.14,9275,34,2020.0,아파트,2022
성북구,11800,동선동3가,,20220524,월세,20.0,1000,45,2019.0,단독다가구,2022
성북구,11900,동선동4가,,20220524,월세,20.0,1000,50,2012.0,단독다가구,2022
성북구,13900,석관동,,20220524,월세,19.0,300,38,2010.0,단독다가구,2022
성북구,10300,돈암동,,20220524,월세,20.0,100,38,1991.0,단독다가구,2022
성북구,13300,정릉동,3.0,20220524,월세,22.26,5263,8,2020.0,연립다세대,2022
성북구,13300,정릉동,4.0,20220524,월세,22.26,2039,21,2020.0,연립다세대,2022
성북구,13300,정릉동,1.0,20220524,월세,22.26,3893,15,2020.0,연립다세대,2022
성북구,13300,정릉동,1.0,20220524,월세,36.33,3432,31,2020.0,연립다세대,2022
성북구,13300,정릉동,4.0,20220524,월세,36.33,9002,12,2020.0,연립다세대,2022
성북구,13300,정릉동,2.0,20220524,월세,59.9,7000,75,1999.0,아파트,2022
성북구,13300,정릉동,9.0,20220524,월세,84.09,20000,80,2005.0,아파트,2022
성북구,12700,보문동5가,6.0,20220524,월세,47.26,3000,90,2016.0,연립다세대,2022
성북구,13600,하월곡동,14.0,20220524,월세,84.84,5000,160,2003.0,아파트,2022
성북구,13300,정릉동,2.0,20220524,월세,19.7,3355,13,2020.0,연립다세대,2022
성북구,13300,정릉동,3.0,20220524,월세,19.7,3355,13,2020.0,연립다세대,2022
성북구,13300,정릉동,3.0,20220524,월세,19.7,4605,6,2020.0,연립다세대,2022
성북구,12800,보문동6가,5.0,20220524,월세,59.87,20000,135,2017.0,아파트,2022
성북구,13400,길음동,,20220524,월세,33.0,1000,35,1993.0,단독다가구,2022
성북구,13300,정릉동,10.0,20220524,월세,52.89,2500,70,1977.0,아파트,2022
성북구,13900,석관동,5.0,20220524,월세,59.79,25000,45,1994.0,아파트,2022
성북구,13800,장위동,2.0,20220524,월세,40.47,12073,44,2020.0,아파트,2022
성북구,13800,장위동,12.0,20220524,월세,39.0,11756,43,2020.0,아파트,2022
성북구,13800,장위동,11.0,20220524,월세,39.0,11756,43,2020.0,아파트,2022
성북구,12600,보문동4가,,20220524,월세,56.33,4000,45,2002.0,단독다가구,2022
성북구,13500,종암동,,20220524,월세,50.77,3000,40,1992.0,단독다가구,2022
성북구,12600,보문동4가,,20220524,월세,85.37,4000,70,2002.0,단독다가구,2022
성북구,13300,정릉동,,20220524,월세,66.3,500,80,1986.0,단독다가구,2022
성북구,13700,상월곡동,,20220525,월세,60.18,15000,30,1989.0,단독다가구,2022
성북구,13900,석관동,,20220525,월세,65.22,3000,55,1997.0,단독다가구,2022
성북구,13400,길음동,13.0,20220525,월세,59.88,20000,170,2022.0,아파트,2022
성북구,13400,길음동,,20220525,월세,99.17,500,70,,단독다가구,2022
성북구,13300,정릉동,2.0,20220525,월세,26.39,6120,8,2020.0,연립다세대,2022
성북구,13300,정릉동,1.0,20220525,월세,19.7,4605,6,2020.0,연립다세대,2022
성북구,13300,정릉동,3.0,20220525,월세,19.7,8110,10,2020.0,연립다세대,2022
성북구,13300,정릉동,3.0,20220525,월세,19.7,4605,6,2020.0,연립다세대,2022
성북구,13300,정릉동,3.0,20220525,월세,19.7,3355,13,2020.0,연립다세대,2022
성북구,13300,정릉동,11.0,20220525,월세,84.09,10000,135,2005.0,아파트,2022
성북구,10900,동소문동6가,3.0,20220525,월세,18.44,1000,73,2015.0,오피스텔,2022
성북구,13800,장위동,,20220525,월세,29.0,500,35,1993.0,단독다가구,2022
성북구,13900,석관동,,20220525,월세,23.1,1000,55,2017.0,단독다가구,2022
성북구,13000,보문동1가,16.0,20220525,월세,59.79,25000,130,2022.0,아파트,2022
성북구,13300,정릉동,,20220525,월세,33.0,4000,20,1989.0,단독다가구,2022
성북구,11100,삼선동1가,1.0,20220525,월세,69.04,0,50,1991.0,연립다세대,2022
성북구,10300,돈암동,11.0,20220525,월세,59.58,20000,90,1998.0,아파트,2022
성북구,13600,하월곡동,11.0,20220525,월세,84.73,39000,15,2010.0,아파트,2022
성북구,10300,돈암동,,20220526,월세,19.0,500,22,2010.0,단독다가구,2022
성북구,13800,장위동,11.0,20220526,월세,40.47,12073,44,2020.0,아파트,2022
성북구,13300,정릉동,,20220526,월세,15.0,300,30,2003.0,단독다가구,2022
성북구,13800,장위동,11.0,20220526,월세,40.47,13845,35,2020.0,아파트,2022
성북구,13800,장위동,5.0,20220526,월세,39.0,11756,43,2020.0,아파트,2022
성북구,13300,정릉동,2.0,20220526,월세,60.0,10000,50,1996.0,연립다세대,2022
성북구,12000,동선동5가,,20220526,월세,45.0,1000,70,2002.0,단독다가구,2022
성북구,13900,석관동,,20220526,월세,51.31,3000,50,1992.0,단독다가구,2022
성북구,13900,석관동,,20220526,월세,70.23,3000,67,2000.0,단독다가구,2022
성북구,13600,하월곡동,,20220526,월세,48.96,5000,50,1994.0,단독다가구,2022
성북구,13900,석관동,,20220526,월세,80.46,4000,70,1995.0,단독다가구,2022
성북구,11400,삼선동4가,2.0,20220526,월세,15.9,1000,55,2017.0,연립다세대,2022
성북구,13800,장위동,17.0,20220526,월세,36.14,7367,28,2020.0,아파트,2022
성북구,13600,하월곡동,13.0,20220526,월세,59.75,30000,80,2006.0,아파트,2022
성북구,13800,장위동,8.0,20220526,월세,36.14,8347,23,2020.0,아파트,2022
성북구,13400,길음동,14.0,20220526,월세,59.9,5000,158,2019.0,아파트,2022
성북구,13800,장위동,3.0,20220526,월세,47.48,15000,20,2002.0,연립다세대,2022
성북구,13600,하월곡동,19.0,20220526,월세,114.93,45000,100,2007.0,아파트,2022
성북구,13600,하월곡동,11.0,20220526,월세,59.98,40000,50,2007.0,아파트,2022
성북구,13300,정릉동,2.0,20220526,월세,36.33,9002,12,2020.0,연립다세대,2022
성북구,13300,정릉동,9.0,20220526,월세,46.65,6500,75,2000.0,아파트,2022
성북구,13300,정릉동,14.0,20220526,월세,59.77,30000,35,2006.0,아파트,2022
성북구,13800,장위동,3.0,20220526,월세,39.34,1329,20,2006.0,아파트,2022
성북구,13800,장위동,6.0,20220526,월세,39.34,3309,9,2006.0,아파트,2022
성북구,13300,정릉동,1.0,20220526,월세,26.39,6120,8,2020.0,연립다세대,2022
성북구,13300,정릉동,,20220526,월세,27.0,1000,40,1996.0,단독다가구,2022
성북구,13800,장위동,,20220526,월세,33.1,1000,30,1994.0,단독다가구,2022
성북구,13500,종암동,,20220526,월세,28.0,500,30,1995.0,단독다가구,2022
성북구,13900,석관동,,20220526,월세,33.05,12000,10,2017.0,단독다가구,2022
성북구,11300,삼선동3가,,20220526,월세,39.54,1000,30,1991.0,단독다가구,2022
성북구,13800,장위동,13.0,20220527,월세,18.03,500,50,2019.0,오피스텔,2022
성북구,13600,하월곡동,11.0,20220527,월세,84.99,40000,55,2007.0,아파트,2022
성북구,11200,삼선동2가,,20220527,월세,16.5,500,30,2010.0,단독다가구,2022
성북구,13300,정릉동,,20220527,월세,24.0,2000,10,1983.0,단독다가구,2022
성북구,11700,동선동2가,,20220527,월세,15.0,500,30,2012.0,단독다가구,2022
성북구,12800,보문동6가,,20220527,월세,24.48,400,43,1992.0,단독다가구,2022
성북구,12200,안암동2가,,20220527,월세,62.58,4000,65,1991.0,단독다가구,2022
성북구,11800,동선동3가,,20220527,월세,27.0,300,45,1992.0,단독다가구,2022
성북구,13800,장위동,,20220527,월세,41.32,2000,55,1967.0,단독다가구,2022
성북구,13600,하월곡동,,20220527,월세,25.0,1000,53,,단독다가구,2022
성북구,13700,상월곡동,,20220527,월세,42.0,500,50,1992.0,단독다가구,2022
성북구,11200,삼선동2가,,20220527,월세,43.11,1000,60,1991.0,단독다가구,2022
성북구,13800,장위동,,20220527,월세,33.56,100,30,1990.0,단독다가구,2022
성북구,13300,정릉동,,20220527,월세,38.51,500,55,1993.0,단독다가구,2022
성북구,13700,상월곡동,,20220527,월세,35.32,1500,40,1994.0,단독다가구,2022
성북구,10300,돈암동,13.0,20220527,월세,59.58,12000,85,1998.0,아파트,2022
성북구,13300,정릉동,5.0,20220527,월세,39.0,2000,65,2016.0,연립다세대,2022
성북구,10300,돈암동,11.0,20220527,월세,80.54,10000,140,2003.0,아파트,2022
성북구,11500,삼선동5가,2.0,20220527,월세,26.88,500,50,2001.0,연립다세대,2022
성북구,13900,석관동,3.0,20220527,월세,16.38,500,40,2013.0,연립다세대,2022
성북구,11500,삼선동5가,3.0,20220527,월세,39.27,500,40,2002.0,연립다세대,2022
성북구,13600,하월곡동,8.0,20220527,월세,59.97,25000,20,1996.0,아파트,2022
성북구,10900,동소문동6가,16.0,20220528,월세,14.01,12000,43,2015.0,아파트,2022
성북구,11200,삼선동2가,3.0,20220528,월세,84.71,41000,37,2009.0,아파트,2022
성북구,13000,보문동1가,14.0,20220528,월세,59.79,20000,120,2022.0,아파트,2022
성북구,13600,하월곡동,6.0,20220528,월세,15.52,1000,52,2013.0,아파트,2022
성북구,12600,보문동4가,13.0,20220528,월세,82.71,25000,119,2011.0,아파트,2022
성북구,13800,장위동,,20220528,월세,20.08,200,30,1994.0,단독다가구,2022
성북구,13400,길음동,18.0,20220528,월세,60.0,7000,100,2003.0,아파트,2022
성북구,13500,종암동,,20220528,월세,16.5,2000,40,1997.0,단독다가구,2022
성북구,10200,성북동1가,,20220528,월세,17.0,1000,35,2010.0,단독다가구,2022
성북구,13400,길음동,10.0,20220528,월세,84.64,5000,180,2005.0,아파트,2022
성북구,10300,돈암동,9.0,20220528,월세,59.84,10000,100,2016.0,아파트,2022
성북구,13600,하월곡동,17.0,20220528,월세,59.98,30000,40,2007.0,아파트,2022
성북구,13300,정릉동,8.0,20220528,월세,59.63,20000,56,2015.0,아파트,2022
성북구,10300,돈암동,,20220528,월세,33.0,4500,20,1994.0,단독다가구,2022
성북구,11300,삼선동3가,,20220528,월세,37.72,2000,40,1993.0,단독다가구,2022
성북구,12100,안암동1가,,20220528,월세,46.2,200,60,1992.0,단독다가구,2022
성북구,13700,상월곡동,13.0,20220528,월세,84.97,22000,30,2003.0,아파트,2022
성북구,13500,종암동,3.0,20220528,월세,14.7,2000,40,2011.0,연립다세대,2022
성북구,13900,석관동,17.0,20220528,월세,84.98,1000,50,2019.0,아파트,2022
성북구,13300,정릉동,3.0,20220529,월세,19.7,5780,18,2020.0,연립다세대,2022
성북구,13300,정릉동,3.0,20220529,월세,19.7,7610,9,2020.0,연립다세대,2022
성북구,13300,정릉동,,20220529,월세,18.0,1000,40,2019.0,단독다가구,2022
성북구,13600,하월곡동,3.0,20220529,월세,45.51,3000,80,2003.0,연립다세대,2022
성북구,12100,안암동1가,,20220530,월세,23.0,1000,65,2015.0,단독다가구,2022
성북구,13900,석관동,,20220530,월세,29.0,1000,45,2017.0,단독다가구,2022
성북구,13900,석관동,,20220530,월세,41.97,9000,10,1997.0,단독다가구,2022
성북구,13500,종암동,2.0,20220530,월세,59.97,5000,150,2009.0,아파트,2022
성북구,13900,석관동,,20220530,월세,34.0,300,30,1997.0,단독다가구,2022
성북구,13500,종암동,,20220530,월세,40.0,500,45,,단독다가구,2022
성북구,10100,성북동,,20220530,월세,35.54,4000,60,1958.0,단독다가구,2022
성북구,13900,석관동,,20220530,월세,33.42,1500,45,1995.0,단독다가구,2022
성북구,10700,동소문동4가,,20220530,월세,34.67,1000,50,1996.0,단독다가구,2022
성북구,12300,안암동3가,,20220530,월세,66.42,2000,100,1998.0,단독다가구,2022
성북구,13100,보문동2가,,20220530,월세,48.34,1000,70,1993.0,단독다가구,2022
성북구,12800,보문동6가,3.0,20220530,월세,84.99,0,75,2017.0,아파트,2022
성북구,13900,석관동,,20220530,월세,55.0,2000,50,1996.0,단독다가구,2022
성북구,13800,장위동,,20220530,월세,53.61,10000,20,1991.0,단독다가구,2022
성북구,13300,정릉동,16.0,20220530,월세,59.88,5000,90,2005.0,아파트,2022
성북구,11500,삼선동5가,1.0,20220530,월세,42.89,500,10,1999.0,연립다세대,2022
성북구,13400,길음동,12.0,20220530,월세,84.82,10000,160,2010.0,아파트,2022
성북구,13300,정릉동,,20220530,월세,16.0,500,35,2018.0,단독다가구,2022
성북구,11100,삼선동1가,,20220530,월세,16.0,1000,45,2017.0,단독다가구,2022
성북구,11800,동선동3가,,20220530,월세,19.8,500,40,1996.0,단독다가구,2022
성북구,12900,보문동7가,,20220530,월세,18.0,500,45,2012.0,단독다가구,2022
성북구,13300,정릉동,,20220530,월세,15.0,300,37,1961.0,단독다가구,2022
성북구,13300,정릉동,11.0,20220531,월세,46.65,10000,80,2000.0,아파트,2022
성북구,13300,정릉동,1.0,20220531,월세,36.33,3276,31,2020.0,연립다세대,2022
성북구,13300,정릉동,1.0,20220531,월세,26.39,6120,8,2020.0,연립다세대,2022
성북구,13300,정릉동,4.0,20220531,월세,26.15,4520,39,2020.0,연립다세대,2022
성북구,13800,장위동,1.0,20220531,월세,39.34,3121,10,2006.0,아파트,2022
성북구,13800,장위동,4.0,20220531,월세,39.34,1329,20,2006.0,아파트,2022
성북구,12700,보문동5가,,20220531,월세,42.36,1500,40,1993.0,단독다가구,2022
성북구,13300,정릉동,,20220531,월세,42.9,12000,40,2018.0,단독다가구,2022
성북구,12200,안암동2가,,20220531,월세,23.1,500,60,2002.0,단독다가구,2022
성북구,12100,안암동1가,,20220531,월세,30.0,500,35,1992.0,단독다가구,2022
성북구,13600,하월곡동,24.0,20220531,월세,84.69,40000,80,2007.0,아파트,2022
성북구,13600,하월곡동,24.0,20220531,월세,101.97,20000,150,2007.0,아파트,2022
성북구,13800,장위동,16.0,20220531,월세,32.22,6627,24,2017.0,아파트,2022
성북구,13400,길음동,17.0,20220531,월세,59.98,10000,120,2010.0,아파트,2022
성북구,13300,정릉동,4.0,20220531,월세,84.98,30000,30,2004.0,아파트,2022
성북구,13300,정릉동,1.0,20220531,월세,52.89,3000,70,1977.0,아파트,2022
성북구,13500,종암동,15.0,20220531,월세,59.99,500,130,2004.0,아파트,2022
성북구,12700,보문동5가,,20220531,월세,57.57,5000,60,1996.0,단독다가구,2022
성북구,13800,장위동,,20220531,월세,54.9,11000,55,2021.0,단독다가구,2022
성북구,13800,장위동,,20220531,월세,58.94,8000,50,1966.0,단독다가구,2022
성북구,13600,하월곡동,,20220601,월세,40.0,500,35,1993.0,단독다가구,2022
성북구,13800,장위동,,20220601,월세,33.0,500,15,1990.0,단독다가구,2022
성북구,13500,종암동,,20220601,월세,32.48,4000,20,1991.0,단독다가구,2022
성북구,13900,석관동,,20220601,월세,72.99,2000,35,1992.0,단독다가구,2022
성북구,12200,안암동2가,,20220601,월세,65.28,5000,60,1997.0,단독다가구,2022
성북구,13600,하월곡동,,20220601,월세,45.54,2000,50,1967.0,단독다가구,2022
성북구,12100,안암동1가,,20220601,월세,40.76,2000,73,,단독다가구,2022
성북구,13900,석관동,,20220601,월세,45.0,1000,40,1997.0,단독다가구,2022
성북구,13300,정릉동,3.0,20220601,월세,29.3,2000,70,2017.0,연립다세대,2022
성북구,13300,정릉동,4.0,20220601,월세,22.26,5263,8,2020.0,연립다세대,2022
성북구,11000,동소문동7가,2.0,20220601,월세,55.74,20000,56,2020.0,연립다세대,2022
성북구,13300,정릉동,2.0,20220601,월세,22.26,2093,18,2020.0,연립다세대,2022
성북구,13300,정릉동,3.0,20220601,월세,19.7,4480,22,2020.0,연립다세대,2022
성북구,13300,정릉동,,20220601,월세,15.0,1000,45,2019.0,단독다가구,2022
성북구,13300,정릉동,1.0,20220601,월세,47.44,2000,60,1998.0,연립다세대,2022
성북구,13100,보문동2가,,20220601,월세,18.0,2000,60,2020.0,단독다가구,2022
성북구,10300,돈암동,1.0,20220601,월세,113.67,20000,96,1998.0,아파트,2022
성북구,11300,삼선동3가,6.0,20220601,월세,59.96,5000,140,2012.0,아파트,2022
성북구,13400,길음동,9.0,20220601,월세,59.37,20000,100,2007.0,아파트,2022
성북구,13300,정릉동,14.0,20220601,월세,59.98,5000,90,2001.0,아파트,2022
성북구,11200,삼선동2가,1.0,20220601,월세,84.83,3000,140,2009.0,아파트,2022
성북구,10300,돈암동,15.0,20220601,월세,84.88,5000,150,2014.0,아파트,2022
성북구,13800,장위동,12.0,20220601,월세,84.84,20000,150,2017.0,아파트,2022
성북구,13300,정릉동,,20220601,월세,24.0,1000,50,1994.0,단독다가구,2022
성북구,13500,종암동,,20220601,월세,26.4,3000,20,1992.0,단독다가구,2022
성북구,12100,안암동1가,4.0,20220601,월세,84.87,50000,50,2005.0,아파트,2022
성북구,13800,장위동,4.0,20220602,월세,38.87,1836,24,2019.0,연립다세대,2022
성북구,13800,장위동,2.0,20220602,월세,29.37,2000,67,2020.0,연립다세대,2022
성북구,13300,정릉동,3.0,20220602,월세,22.26,5343,7,2020.0,연립다세대,2022
성북구,13300,정릉동,2.0,20220602,월세,36.33,9002,12,2020.0,연립다세대,2022
성북구,13300,정릉동,,20220602,월세,48.0,500,78,1990.0,단독다가구,2022
성북구,11500,삼선동5가,,20220602,월세,86.6,10000,60,2000.0,단독다가구,2022
성북구,13800,장위동,,20220602,월세,32.0,500,25,1991.0,단독다가구,2022
성북구,12200,안암동2가,,20220602,월세,36.36,9000,30,1994.0,단독다가구,2022
성북구,13300,정릉동,,20220602,월세,63.26,4000,60,1992.0,단독다가구,2022
성북구,13100,보문동2가,,20220602,월세,19.8,5000,50,2020.0,단독다가구,2022
성북구,13800,장위동,,20220602,월세,53.9,15000,10,2002.0,단독다가구,2022
성북구,10300,돈암동,23.0,20220602,월세,84.59,7000,170,1999.0,아파트,2022
성북구,13800,장위동,5.0,20220602,월세,58.92,2565,33,2019.0,연립다세대,2022
성북구,13400,길음동,19.0,20220602,월세,59.99,35000,103,2019.0,아파트,2022
성북구,13800,장위동,17.0,20220602,월세,15.21,500,50,2019.0,아파트,2022
성북구,13400,길음동,3.0,20220602,월세,84.96,10000,165,2006.0,아파트,2022
성북구,11800,동선동3가,,20220602,월세,27.77,7000,10,,단독다가구,2022
성북구,13700,상월곡동,,20220603,월세,45.0,1000,65,1991.0,단독다가구,2022
성북구,13600,하월곡동,,20220603,월세,28.0,300,35,1993.0,단독다가구,2022
성북구,12200,안암동2가,,20220603,월세,23.14,3000,30,1989.0,단독다가구,2022
성북구,13300,정릉동,,20220603,월세,19.28,1000,40,1969.0,단독다가구,2022
성북구,13300,정릉동,4.0,20220603,월세,59.77,20000,45,2006.0,아파트,2022
성북구,13400,길음동,10.0,20220603,월세,84.78,40000,85,2010.0,아파트,2022
성북구,13500,종암동,,20220603,월세,85.0,3000,70,1973.0,단독다가구,2022
성북구,13300,정릉동,,20220603,월세,64.91,5000,30,2003.0,단독다가구,2022
성북구,11200,삼선동2가,,20220603,월세,36.72,500,45,1992.0,단독다가구,2022
성북구,13500,종암동,,20220603,월세,60.97,2000,60,1968.0,단독다가구,2022
성북구,12900,보문동7가,,20220603,월세,48.84,10000,30,1994.0,단독다가구,2022
성북구,13500,종암동,,20220603,월세,40.0,5000,50,2000.0,단독다가구,2022
성북구,13600,하월곡동,,20220603,월세,33.0,1000,50,1993.0,단독다가구,2022
성북구,11500,삼선동5가,8.0,20220603,월세,18.6,5000,45,2014.0,오피스텔,2022
성북구,11400,삼선동4가,3.0,20220603,월세,39.57,1000,50,2012.0,연립다세대,2022
성북구,11000,동소문동7가,7.0,20220603,월세,59.91,4000,110,2004.0,아파트,2022
성북구,13300,정릉동,4.0,20220603,월세,78.09,5000,75,2009.0,연립다세대,2022
성북구,10300,돈암동,10.0,20220603,월세,68.13,3000,120,1998.0,아파트,2022
성북구,13300,정릉동,,20220604,월세,13.0,1000,50,2021.0,단독다가구,2022
성북구,13600,하월곡동,18.0,20220604,월세,84.84,30000,80,2003.0,아파트,2022
성북구,13300,정릉동,13.0,20220604,월세,59.9,3000,130,1999.0,아파트,2022
성북구,13600,하월곡동,14.0,20220604,월세,114.93,58000,15,2007.0,아파트,2022
성북구,13300,정릉동,,20220604,월세,17.0,1000,35,2008.0,단독다가구,2022
성북구,10200,성북동1가,,20220604,월세,20.0,1000,40,1992.0,단독다가구,2022
성북구,10800,동소문동5가,,20220604,월세,19.5,500,35,,단독다가구,2022
성북구,11700,동선동2가,,20220604,월세,20.0,1000,50,2010.0,단독다가구,2022
성북구,13900,석관동,2.0,20220604,월세,54.55,17000,25,1998.0,아파트,2022
성북구,13600,하월곡동,,20220604,월세,16.52,500,35,1993.0,단독다가구,2022
성북구,13400,길음동,9.0,20220604,월세,84.95,20000,200,2019.0,아파트,2022
성북구,11700,동선동2가,,20220604,월세,21.0,1000,40,2017.0,단독다가구,2022
성북구,10100,성북동,2.0,20220604,월세,57.86,15000,92,2018.0,연립다세대,2022
성북구,13600,하월곡동,2.0,20220604,월세,84.59,7000,106,2006.0,아파트,2022
성북구,11200,삼선동2가,,20220604,월세,23.0,1000,50,2001.0,단독다가구,2022
성북구,12200,안암동2가,,20220604,월세,27.0,500,45,1993.0,단독다가구,2022
성북구,12200,안암동2가,,20220604,월세,30.0,1000,60,,단독다가구,2022
성북구,13600,하월곡동,26.0,20220604,월세,178.84,10000,400,2011.0,아파트,2022
성북구,13600,하월곡동,,20220604,월세,26.44,500,36,1993.0,단독다가구,2022
성북구,13900,석관동,,20220604,월세,30.0,500,50,1991.0,단독다가구,2022
성북구,12500,안암동5가,4.0,20220604,월세,13.18,1000,60,2011.0,연립다세대,2022
성북구,13000,보문동1가,14.0,20220604,월세,59.79,40000,75,2022.0,아파트,2022
성북구,13300,정릉동,16.0,20220604,월세,43.92,6000,70,2005.0,아파트,2022
성북구,13500,종암동,8.0,20220604,월세,59.99,5000,140,2004.0,아파트,2022
성북구,11400,삼선동4가,10.0,20220604,월세,114.84,50000,50,1999.0,아파트,2022
성북구,11100,삼선동1가,,20220604,월세,56.1,2000,70,1997.0,단독다가구,2022
성북구,13600,하월곡동,13.0,20220604,월세,79.25,10000,120,2004.0,아파트,2022
성북구,11100,삼선동1가,,20220604,월세,38.06,5000,40,1993.0,단독다가구,2022
성북구,13600,하월곡동,,20220604,월세,33.0,500,45,1993.0,단독다가구,2022
성북구,13800,장위동,,20220604,월세,33.0,300,30,1991.0,단독다가구,2022
성북구,13800,장위동,,20220604,월세,34.71,300,30,2001.0,단독다가구,2022
성북구,13400,길음동,16.0,20220605,월세,84.99,43000,37,2010.0,아파트,2022
성북구,12000,동선동5가,,20220605,월세,18.0,5000,5,1994.0,단독다가구,2022
성북구,12000,동선동5가,,20220605,월세,24.0,5000,5,1994.0,단독다가구,2022
성북구,13900,석관동,,20220606,월세,70.47,5000,65,1997.0,단독다가구,2022
성북구,13300,정릉동,,20220606,월세,65.64,1000,60,1989.0,단독다가구,2022
성북구,13800,장위동,,20220606,월세,54.05,13000,30,1967.0,단독다가구,2022
성북구,13600,하월곡동,8.0,20220606,월세,59.86,1500,140,2003.0,아파트,2022
성북구,12000,동선동5가,,20220606,월세,20.0,500,45,2010.0,단독다가구,2022
성북구,13900,석관동,,20220606,월세,17.76,300,20,1988.0,단독다가구,2022
성북구,13600,하월곡동,9.0,20220606,월세,59.65,33000,5,2010.0,아파트,2022
성북구,13100,보문동2가,2.0,20220606,월세,35.15,3000,50,2002.0,오피스텔,2022
성북구,13300,정릉동,,20220606,월세,13.0,1000,45,2019.0,단독다가구,2022
성북구,11100,삼선동1가,,20220606,월세,27.0,500,50,1996.0,단독다가구,2022
성북구,12200,안암동2가,,20220606,월세,36.08,7000,25,2000.0,단독다가구,2022
성북구,13800,장위동,,20220606,월세,34.0,500,50,1971.0,단독다가구,2022
성북구,13800,장위동,,20220606,월세,33.0,500,35,1992.0,단독다가구,2022
성북구,13800,장위동,,20220606,월세,33.0,1000,30,1992.0,단독다가구,2022
성북구,11500,삼선동5가,,20220606,월세,37.89,1000,50,1993.0,단독다가구,2022
성북구,12100,안암동1가,,20220606,월세,33.0,2000,35,1992.0,단독다가구,2022
성북구,12700,보문동5가,,20220607,월세,34.0,1000,40,1994.0,단독다가구,2022
성북구,13800,장위동,11.0,20220607,월세,18.39,500,36,2020.0,아파트,2022
성북구,10300,돈암동,8.0,20220607,월세,84.54,10000,107,2007.0,아파트,2022
성북구,13900,석관동,,20220607,월세,50.0,500,40,2019.0,단독다가구,2022
성북구,13600,하월곡동,5.0,20220607,월세,59.91,29500,25,2020.0,연립다세대,2022
성북구,13600,하월곡동,3.0,20220607,월세,49.99,100,33,2017.0,연립다세대,2022
성북구,13600,하월곡동,2.0,20220607,월세,45.99,1692,22,2017.0,연립다세대,2022
성북구,13600,하월곡동,3.0,20220607,월세,41.54,1530,20,2017.0,연립다세대,2022
성북구,10100,성북동,3.0,20220607,월세,37.36,8500,10,1971.0,아파트,2022
성북구,11500,삼선동5가,,20220607,월세,65.2,2000,30,1991.0,단독다가구,2022
성북구,13600,하월곡동,3.0,20220607,월세,84.59,40000,50,2006.0,아파트,2022
성북구,11200,삼선동2가,,20220607,월세,17.0,500,35,2002.0,단독다가구,2022
성북구,13400,길음동,3.0,20220607,월세,113.23,30000,155,2007.0,아파트,2022
성북구,13100,보문동2가,,20220607,월세,18.0,4000,50,2020.0,단독다가구,2022
성북구,11200,삼선동2가,,20220607,월세,16.0,500,45,2016.0,단독다가구,2022
성북구,10900,동소문동6가,,20220607,월세,42.9,10000,40,2002.0,단독다가구,2022
성북구,13600,하월곡동,,20220607,월세,43.71,4000,15,1995.0,단독다가구,2022
성북구,13500,종암동,6.0,20220607,월세,59.04,29390,5,1999.0,아파트,2022
성북구,11200,삼선동2가,,20220607,월세,30.8,500,35,1986.0,단독다가구,2022
성북구,13600,하월곡동,,20220607,월세,28.42,500,30,1994.0,단독다가구,2022
성북구,11300,삼선동3가,,20220607,월세,25.0,300,40,2001.0,단독다가구,2022
성북구,10700,동소문동4가,,20220607,월세,23.11,8000,15,2001.0,단독다가구,2022
성북구,13500,종암동,,20220607,월세,30.0,1000,52,2003.0,단독다가구,2022
성북구,12500,안암동5가,,20220607,월세,23.76,1000,55,1990.0,단독다가구,2022
성북구,13600,하월곡동,,20220607,월세,30.0,2000,40,1993.0,단독다가구,2022
성북구,13800,장위동,,20220608,월세,27.27,300,30,1958.0,단독다가구,2022
성북구,13800,장위동,,20220608,월세,27.27,100,30,1958.0,단독다가구,2022
성북구,13900,석관동,,20220608,월세,27.0,200,15,1993.0,단독다가구,2022
성북구,13800,장위동,,20220608,월세,30.15,300,32,1994.0,단독다가구,2022
성북구,13100,보문동2가,7.0,20220608,월세,15.84,1000,57,2018.0,연립다세대,2022
성북구,13800,장위동,1.0,20220608,월세,40.06,1000,40,1996.0,연립다세대,2022
성북구,13800,장위동,-1.0,20220608,월세,47.52,2000,35,1995.0,연립다세대,2022
성북구,13300,정릉동,,20220608,월세,35.85,7500,20,1993.0,단독다가구,2022
성북구,11900,동선동4가,,20220608,월세,33.0,1000,75,1997.0,단독다가구,2022
성북구,10100,성북동,,20220608,월세,40.0,10000,10,1995.0,단독다가구,2022
성북구,10800,동소문동5가,17.0,20220608,월세,14.09,5000,50,2018.0,아파트,2022
성북구,13900,석관동,16.0,20220608,월세,114.97,50000,30,2009.0,아파트,2022
성북구,13600,하월곡동,17.0,20220608,월세,59.88,5000,70,1998.0,아파트,2022
성북구,13800,장위동,15.0,20220608,월세,18.03,1000,55,2019.0,오피스텔,2022
성북구,13800,장위동,,20220608,월세,47.96,200,35,1998.0,단독다가구,2022
성북구,12800,보문동6가,11.0,20220608,월세,51.58,4087,21,2017.0,아파트,2022
성북구,13500,종암동,17.0,20220608,월세,84.95,3000,15,2004.0,아파트,2022
성북구,13000,보문동1가,10.0,20220608,월세,59.79,40000,75,2022.0,아파트,2022
성북구,13500,종암동,15.0,20220608,월세,84.98,300,40,2008.0,아파트,2022
성북구,13600,하월곡동,4.0,20220608,월세,15.62,1000,50,2013.0,아파트,2022
성북구,13600,하월곡동,12.0,20220608,월세,15.62,1000,50,2013.0,아파트,2022
성북구,13500,종암동,,20220608,월세,42.0,1000,40,1993.0,단독다가구,2022
성북구,13300,정릉동,4.0,20220608,월세,29.94,500,80,2016.0,연립다세대,2022
성북구,13300,정릉동,,20220608,월세,45.0,3000,50,1995.0,단독다가구,2022
성북구,10300,돈암동,9.0,20220609,월세,59.58,3000,94,1998.0,아파트,2022
성북구,10300,돈암동,3.0,20220609,월세,59.58,15000,47,1998.0,아파트,2022
성북구,10300,돈암동,12.0,20220609,월세,68.13,40000,25,1998.0,아파트,2022
성북구,13300,정릉동,,20220609,월세,36.0,1000,30,1989.0,단독다가구,2022
성북구,13400,길음동,12.0,20220609,월세,84.77,30000,160,2022.0,아파트,2022
성북구,13300,정릉동,2.0,20220609,월세,15.2,1000,50,2013.0,연립다세대,2022
성북구,13500,종암동,,20220609,월세,42.0,2000,30,1993.0,단독다가구,2022
성북구,11900,동선동4가,,20220609,월세,24.0,4000,25,2002.0,단독다가구,2022
성북구,13300,정릉동,,20220609,월세,30.0,5000,15,2000.0,단독다가구,2022
성북구,13900,석관동,,20220609,월세,30.0,300,32,1993.0,단독다가구,2022
성북구,13900,석관동,12.0,20220609,월세,39.01,2782,18,2019.0,아파트,2022
성북구,13600,하월곡동,3.0,20220609,월세,45.13,666,24,2017.0,연립다세대,2022
성북구,13700,상월곡동,,20220609,월세,16.52,1000,40,2017.0,단독다가구,2022
성북구,13300,정릉동,,20220609,월세,75.66,20000,25,1983.0,단독다가구,2022
성북구,13300,정릉동,,20220609,월세,15.0,500,45,2018.0,단독다가구,2022
성북구,13100,보문동2가,4.0,20220609,월세,23.98,1000,55,2009.0,연립다세대,2022
성북구,12600,보문동4가,12.0,20220609,월세,59.75,5000,105,2011.0,아파트,2022
성북구,13100,보문동2가,3.0,20220610,월세,13.11,4000,40,2014.0,연립다세대,2022
성북구,12800,보문동6가,6.0,20220610,월세,53.85,12000,25,2003.0,연립다세대,2022
성북구,11900,동선동4가,9.0,20220610,월세,22.85,1000,70,2017.0,오피스텔,2022
성북구,11100,삼선동1가,,20220610,월세,36.0,8000,20,1993.0,단독다가구,2022
성북구,13900,석관동,,20220610,월세,33.0,500,45,1993.0,단독다가구,2022
성북구,13300,정릉동,19.0,20220610,월세,59.98,10000,75,2004.0,아파트,2022
성북구,11500,삼선동5가,,20220610,월세,34.17,500,57,1993.0,단독다가구,2022
성북구,10100,성북동,,20220610,월세,33.08,1000,40,1995.0,단독다가구,2022
성북구,11100,삼선동1가,,20220610,월세,39.56,10000,40,1988.0,단독다가구,2022
성북구,13400,길음동,13.0,20220610,월세,33.28,5375,9,2010.0,아파트,2022
성북구,10300,돈암동,17.0,20220610,월세,32.49,1171,2,1998.0,아파트,2022
성북구,12800,보문동6가,,20220610,월세,30.0,1000,45,1989.0,단독다가구,2022
성북구,12900,보문동7가,,20220610,월세,26.88,1000,60,1992.0,단독다가구,2022
성북구,11900,동선동4가,,20220610,월세,20.0,3000,45,2020.0,단독다가구,2022
성북구,13300,정릉동,,20220610,월세,30.0,500,20,1961.0,단독다가구,2022
성북구,13900,석관동,,20220610,월세,15.0,300,30,2017.0,단독다가구,2022
성북구,12500,안암동5가,,20220610,월세,19.0,100,45,1959.0,단독다가구,2022
성북구,10400,동소문동1가,,20220610,월세,20.0,1000,55,2010.0,단독다가구,2022
성북구,11700,동선동2가,,20220610,월세,20.0,1000,45,2017.0,단독다가구,2022
성북구,13300,정릉동,21.0,20220610,월세,84.92,40000,55,2004.0,아파트,2022
성북구,12100,안암동1가,,20220610,월세,19.0,500,40,2008.0,단독다가구,2022
성북구,11200,삼선동2가,,20220610,월세,15.0,500,45,2016.0,단독다가구,2022
성북구,13400,길음동,,20220610,월세,10.0,200,28,1971.0,단독다가구,2022
성북구,13300,정릉동,,20220610,월세,12.0,300,25,1995.0,단독다가구,2022
성북구,13900,석관동,17.0,20220610,월세,59.42,21000,84,2019.0,아파트,2022
성북구,11100,삼선동1가,,20220610,월세,71.28,10000,30,1991.0,단독다가구,2022
성북구,13400,길음동,32.0,20220610,월세,84.66,10000,195,2019.0,아파트,2022
성북구,13800,장위동,13.0,20220611,월세,18.03,1000,47,2019.0,오피스텔,2022
성북구,12500,안암동5가,,20220611,월세,38.0,1000,80,2017.0,단독다가구,2022
성북구,13300,정릉동,,20220611,월세,34.43,1000,40,1992.0,단독다가구,2022
성북구,13900,석관동,,20220611,월세,32.0,1000,25,1993.0,단독다가구,2022
성북구,11500,삼선동5가,6.0,20220611,월세,18.6,5000,45,2014.0,오피스텔,2022
성북구,13000,보문동1가,13.0,20220611,월세,59.79,50000,30,2022.0,아파트,2022
성북구,13500,종암동,12.0,20220611,월세,84.98,60000,150,2008.0,아파트,2022
성북구,13300,정릉동,3.0,20220611,월세,52.89,2000,70,1977.0,아파트,2022
성북구,13400,길음동,20.0,20220611,월세,84.96,10000,160,2006.0,아파트,2022
성북구,13600,하월곡동,4.0,20220611,월세,59.65,5000,95,2010.0,아파트,2022
성북구,13500,종암동,,20220611,월세,53.04,500,30,1992.0,단독다가구,2022
성북구,13300,정릉동,,20220611,월세,15.0,1000,50,2019.0,단독다가구,2022
성북구,11500,삼선동5가,,20220611,월세,19.8,1000,50,2016.0,단독다가구,2022
성북구,10800,동소문동5가,15.0,20220611,월세,16.67,1000,76,2017.0,아파트,2022
성북구,12500,안암동5가,,20220611,월세,21.0,1000,55,1984.0,단독다가구,2022
성북구,13300,정릉동,,20220611,월세,22.0,1000,65,2021.0,단독다가구,2022
성북구,13500,종암동,,20220611,월세,22.0,800,60,2018.0,단독다가구,2022
성북구,11800,동선동3가,,20220611,월세,25.0,3000,50,2006.0,단독다가구,2022
성북구,11700,동선동2가,,20220611,월세,30.0,1000,45,1994.0,단독다가구,2022
성북구,13600,하월곡동,17.0,20220611,월세,84.59,6000,160,2006.0,아파트,2022
성북구,13300,정릉동,10.0,20220611,월세,60.0,10000,120,2005.0,아파트,2022
성북구,10300,돈암동,9.0,20220611,월세,59.64,15000,85,1999.0,아파트,2022
성북구,13600,하월곡동,12.0,20220612,월세,84.84,20000,120,2003.0,아파트,2022
성북구,10300,돈암동,13.0,20220612,월세,59.99,20000,90,2004.0,아파트,2022
성북구,13900,석관동,,20220612,월세,33.0,200,35,1994.0,단독다가구,2022
성북구,13500,종암동,8.0,20220612,월세,84.99,10000,185,2011.0,아파트,2022
성북구,13900,석관동,,20220612,월세,50.0,4500,55,2014.0,단독다가구,2022
성북구,13900,석관동,,20220612,월세,31.0,200,30,1992.0,단독다가구,2022
성북구,13300,정릉동,,20220613,월세,15.0,1000,50,2018.0,단독다가구,2022
성북구,13500,종암동,,20220613,월세,16.0,300,35,2016.0,단독다가구,2022
성북구,12200,안암동2가,,20220613,월세,16.5,3000,45,2018.0,단독다가구,2022
성북구,13300,정릉동,,20220613,월세,20.0,1000,33,2018.0,단독다가구,2022
성북구,10100,성북동,2.0,20220613,월세,99.54,25000,70,1997.0,연립다세대,2022
성북구,13800,장위동,3.0,20220613,월세,31.11,500,30,1993.0,연립다세대,2022
성북구,13600,하월곡동,16.0,20220613,월세,84.88,15000,150,2007.0,아파트,2022
성북구,13800,장위동,,20220613,월세,45.0,1000,40,1994.0,단독다가구,2022
성북구,13400,길음동,,20220613,월세,46.61,1000,40,1994.0,단독다가구,2022
성북구,13300,정릉동,,20220613,월세,45.7,500,40,1994.0,단독다가구,2022
성북구,11400,삼선동4가,,20220613,월세,36.3,5000,75,1994.0,단독다가구,2022
성북구,13800,장위동,,20220613,월세,40.0,9000,20,1987.0,단독다가구,2022
성북구,13800,장위동,15.0,20220613,월세,15.21,1000,52,2019.0,아파트,2022
성북구,12000,동선동5가,,20220613,월세,25.0,300,35,1940.0,단독다가구,2022
성북구,11400,삼선동4가,,20220613,월세,25.0,500,43,2001.0,단독다가구,2022
성북구,13800,장위동,5.0,20220613,월세,18.03,1000,53,2019.0,오피스텔,2022
성북구,10100,성북동,,20220613,월세,30.0,1000,60,1990.0,단독다가구,2022
성북구,13600,하월곡동,5.0,20220613,월세,84.99,20000,120,2007.0,아파트,2022
성북구,11200,삼선동2가,,20220613,월세,12.24,1000,70,1991.0,단독다가구,2022
성북구,13600,하월곡동,16.0,20220613,월세,59.86,33000,10,2003.0,아파트,2022
성북구,13900,석관동,4.0,20220613,월세,33.15,10000,22,2003.0,오피스텔,2022
성북구,13300,정릉동,4.0,20220613,월세,59.78,5445,16,2021.0,연립다세대,2022
성북구,13800,장위동,,20220613,월세,69.82,3000,50,1968.0,단독다가구,2022
성북구,13800,장위동,,20220613,월세,64.98,3000,50,1989.0,단독다가구,2022
성북구,13200,보문동3가,8.0,20220614,월세,84.57,5000,200,2003.0,아파트,2022
성북구,13900,석관동,,20220614,월세,53.21,9000,40,1990.0,단독다가구,2022
성북구,13300,정릉동,,20220614,월세,15.2,123,7,,단독다가구,2022
성북구,13900,석관동,,20220614,월세,40.0,500,35,1993.0,단독다가구,2022
성북구,13600,하월곡동,,20220614,월세,37.0,2000,40,1994.0,단독다가구,2022
성북구,13800,장위동,,20220614,월세,35.0,500,20,1993.0,단독다가구,2022
성북구,11800,동선동3가,,20220614,월세,20.0,500,35,2007.0,단독다가구,2022
성북구,13300,정릉동,,20220614,월세,38.0,4000,28,1982.0,단독다가구,2022
성북구,13600,하월곡동,,20220614,월세,44.08,12000,10,1971.0,단독다가구,2022
성북구,11400,삼선동4가,2.0,20220614,월세,21.11,1000,50,2008.0,연립다세대,2022
성북구,10100,성북동,,20220614,월세,43.64,3000,95,,단독다가구,2022
성북구,12200,안암동2가,,20220614,월세,41.37,2000,60,1992.0,단독다가구,2022
성북구,13300,정릉동,,20220614,월세,12.0,500,45,1995.0,단독다가구,2022
성북구,13300,정릉동,6.0,20220614,월세,43.11,3000,70,2001.0,아파트,2022
성북구,13300,정릉동,2.0,20220614,월세,15.37,1154,6,2013.0,연립다세대,2022
성북구,10100,성북동,3.0,20220614,월세,37.28,1000,110,2016.0,연립다세대,2022
성북구,13300,정릉동,4.0,20220614,월세,51.21,13000,2,2012.0,연립다세대,2022
성북구,12200,안암동2가,,20220614,월세,30.0,500,45,,단독다가구,2022
성북구,13800,장위동,,20220615,월세,66.0,500,40,1984.0,단독다가구,2022
성북구,11400,삼선동4가,,20220615,월세,29.75,5000,25,1995.0,단독다가구,2022
성북구,13300,정릉동,,20220615,월세,61.0,2000,60,1995.0,단독다가구,2022
성북구,10400,동소문동1가,,20220615,월세,24.0,3000,55,2010.0,단독다가구,2022
성북구,10100,성북동,,20220615,월세,30.0,1000,50,1991.0,단독다가구,2022
성북구,13300,정릉동,3.0,20220615,월세,22.26,4893,10,2020.0,연립다세대,2022
성북구,13600,하월곡동,28.0,20220615,월세,126.6,55000,100,2011.0,아파트,2022
성북구,13400,길음동,38.0,20220615,월세,59.9,35000,100,2019.0,아파트,2022
성북구,13900,석관동,9.0,20220615,월세,84.9,36000,50,1998.0,아파트,2022
성북구,10300,돈암동,8.0,20220615,월세,113.67,50000,35,1998.0,아파트,2022
성북구,11500,삼선동5가,,20220615,월세,16.0,500,43,2001.0,단독다가구,2022
성북구,11200,삼선동2가,,20220615,월세,40.0,500,40,1988.0,단독다가구,2022
성북구,10100,성북동,3.0,20220615,월세,57.7,5000,92,2018.0,연립다세대,2022
성북구,11400,삼선동4가,,20220615,월세,36.36,1000,50,1991.0,단독다가구,2022
성북구,13300,정릉동,,20220615,월세,33.0,500,85,2019.0,단독다가구,2022
성북구,11700,동선동2가,,20220615,월세,18.0,300,30,1994.0,단독다가구,2022
성북구,13300,정릉동,,20220615,월세,13.0,1000,45,2021.0,단독다가구,2022
성북구,13400,길음동,11.0,20220615,월세,84.93,25000,110,2019.0,아파트,2022
성북구,13500,종암동,4.0,20220615,월세,37.72,500,75,2015.0,연립다세대,2022
성북구,13400,길음동,3.0,20220615,월세,84.98,35000,135,2022.0,아파트,2022
성북구,12800,보문동6가,2.0,20220615,월세,45.81,5000,115,2017.0,아파트,2022
성북구,13600,하월곡동,23.0,20220615,월세,84.54,5000,121,2011.0,아파트,2022
성북구,13400,길음동,7.0,20220615,월세,59.98,4000,120,2000.0,아파트,2022
성북구,13800,장위동,-1.0,20220615,월세,41.17,9500,10,1986.0,연립다세대,2022
성북구,13400,길음동,28.0,20220615,월세,114.86,70000,80,2010.0,아파트,2022
성북구,13400,길음동,10.0,20220616,월세,59.97,10000,90,2005.0,아파트,2022
성북구,13400,길음동,2.0,20220616,월세,84.96,30000,84,2003.0,아파트,2022
성북구,12600,보문동4가,,20220616,월세,39.0,3000,70,2003.0,단독다가구,2022
성북구,10400,동소문동1가,,20220616,월세,40.0,7000,50,1997.0,단독다가구,2022
성북구,11500,삼선동5가,9.0,20220616,월세,27.69,1000,55,2003.0,오피스텔,2022
성북구,11100,삼선동1가,4.0,20220616,월세,20.07,2000,65,2020.0,오피스텔,2022
성북구,13300,정릉동,6.0,20220616,월세,24.32,3000,44,2004.0,오피스텔,2022
성북구,13900,석관동,,20220616,월세,49.8,2000,55,1994.0,단독다가구,2022
성북구,12900,보문동7가,,20220616,월세,27.0,1000,63,1992.0,단독다가구,2022
성북구,13900,석관동,,20220616,월세,23.0,0,33,2010.0,단독다가구,2022
성북구,12100,안암동1가,,20220616,월세,30.0,500,45,1993.0,단독다가구,2022
성북구,10300,돈암동,12.0,20220616,월세,84.88,30000,100,2016.0,아파트,2022
성북구,13800,장위동,10.0,20220616,월세,36.14,7777,29,2020.0,아파트,2022
성북구,13800,장위동,6.0,20220616,월세,36.14,7367,28,2020.0,아파트,2022
성북구,13800,장위동,11.0,20220616,월세,36.14,5963,31,2020.0,아파트,2022
성북구,13800,장위동,21.0,20220616,월세,36.14,8889,24,2020.0,아파트,2022
성북구,13400,길음동,20.0,20220616,월세,59.97,10000,158,2019.0,아파트,2022
성북구,13800,장위동,25.0,20220616,월세,46.35,11872,32,2020.0,아파트,2022
성북구,13600,하월곡동,,20220616,월세,24.0,1000,40,1965.0,단독다가구,2022
성북구,12100,안암동1가,4.0,20220616,월세,59.7,5000,130,2005.0,아파트,2022
성북구,10900,동소문동6가,11.0,20220616,월세,14.18,19000,8,2012.0,아파트,2022
성북구,13300,정릉동,,20220616,월세,13.0,500,50,2017.0,단독다가구,2022
성북구,11500,삼선동5가,,20220616,월세,13.2,4000,30,2019.0,단독다가구,2022
성북구,12800,보문동6가,2.0,20220616,월세,84.99,1000,70,2017.0,아파트,2022
성북구,11400,삼선동4가,,20220616,월세,15.0,100,27,1992.0,단독다가구,2022
성북구,12100,안암동1가,,20220616,월세,20.0,300,40,1992.0,단독다가구,2022
성북구,13900,석관동,,20220616,월세,20.0,300,30,1994.0,단독다가구,2022
성북구,13100,보문동2가,5.0,20220616,월세,14.52,500,54,2018.0,연립다세대,2022
성북구,13600,하월곡동,,20220616,월세,20.0,500,55,2005.0,단독다가구,2022
성북구,13300,정릉동,2.0,20220616,월세,15.2,1000,50,2013.0,연립다세대,2022
성북구,13600,하월곡동,7.0,20220617,월세,59.98,21000,80,2007.0,아파트,2022
성북구,11400,삼선동4가,,20220617,월세,43.0,10000,30,,단독다가구,2022
성북구,13300,정릉동,6.0,20220617,월세,24.32,1000,51,2004.0,오피스텔,2022
성북구,11300,삼선동3가,3.0,20220617,월세,34.0,4000,60,2002.0,연립다세대,2022
성북구,13600,하월곡동,11.0,20220617,월세,59.65,14000,64,2010.0,아파트,2022
성북구,13400,길음동,17.0,20220617,월세,84.05,10000,160,2007.0,아파트,2022
성북구,13800,장위동,,20220617,월세,27.0,2000,36,1994.0,단독다가구,2022
성북구,13900,석관동,,20220617,월세,25.16,1000,50,2019.0,단독다가구,2022
성북구,10300,돈암동,6.0,20220617,월세,84.68,10000,160,1999.0,아파트,2022
성북구,10300,돈암동,8.0,20220617,월세,84.82,10000,150,2006.0,아파트,2022
성북구,13800,장위동,11.0,20220617,월세,36.14,7367,28,2020.0,아파트,2022
성북구,13800,장위동,18.0,20220617,월세,36.14,8889,24,2020.0,아파트,2022
성북구,13400,길음동,,20220617,월세,40.11,2000,45,1993.0,단독다가구,2022
성북구,10300,돈암동,10.0,20220617,월세,80.54,35000,85,2003.0,아파트,2022
성북구,10100,성북동,,20220617,월세,23.0,500,45,1997.0,단독다가구,2022
성북구,13800,장위동,,20220617,월세,52.38,14000,7,1989.0,단독다가구,2022
성북구,10100,성북동,,20220617,월세,49.07,12400,35,1994.0,단독다가구,2022
성북구,13900,석관동,,20220617,월세,30.0,500,35,1992.0,단독다가구,2022
성북구,10100,성북동,,20220617,월세,26.02,4200,10,1997.0,단독다가구,2022
성북구,11700,동선동2가,,20220617,월세,55.0,7500,30,1993.0,단독다가구,2022
성북구,11400,삼선동4가,4.0,20220617,월세,39.41,1000,38,2001.0,연립다세대,2022
성북구,13500,종암동,,20220617,월세,20.0,500,50,1995.0,단독다가구,2022
성북구,13300,정릉동,,20220617,월세,12.0,500,48,2007.0,단독다가구,2022
성북구,13300,정릉동,,20220617,월세,15.0,1000,50,2018.0,단독다가구,2022
성북구,13900,석관동,,20220617,월세,19.8,500,40,2010.0,단독다가구,2022
성북구,13600,하월곡동,,20220617,월세,20.0,1000,55,2022.0,단독다가구,2022
성북구,13300,정릉동,3.0,20220617,월세,54.56,5000,90,2019.0,연립다세대,2022
성북구,13300,정릉동,3.0,20220617,월세,29.58,1000,62,2013.0,연립다세대,2022
성북구,13000,보문동1가,12.0,20220617,월세,59.79,40000,80,2022.0,아파트,2022
성북구,12800,보문동6가,18.0,20220617,월세,84.99,12000,33,2017.0,아파트,2022
성북구,12000,동선동5가,,20220618,월세,30.0,500,45,1989.0,단독다가구,2022
성북구,13300,정릉동,,20220618,월세,22.0,500,40,1993.0,단독다가구,2022
성북구,10700,동소문동4가,,20220618,월세,21.46,8000,25,2008.0,단독다가구,2022
성북구,10700,동소문동4가,,20220618,월세,21.0,1000,50,2001.0,단독다가구,2022
성북구,11900,동선동4가,,20220618,월세,21.0,1000,50,2012.0,단독다가구,2022
성북구,11100,삼선동1가,,20220618,월세,24.0,500,45,1996.0,단독다가구,2022
성북구,13600,하월곡동,,20220618,월세,41.85,2000,50,1995.0,단독다가구,2022
성북구,13600,하월곡동,12.0,20220618,월세,84.78,14000,100,2008.0,아파트,2022
성북구,13300,정릉동,6.0,20220618,월세,60.0,5000,110,2005.0,아파트,2022
성북구,13500,종암동,19.0,20220618,월세,59.98,10000,130,2010.0,아파트,2022
성북구,13900,석관동,11.0,20220618,월세,59.96,8000,120,2019.0,아파트,2022
성북구,13300,정릉동,14.0,20220618,월세,50.45,5000,90,1999.0,아파트,2022
성북구,12800,보문동6가,4.0,20220618,월세,59.81,10000,170,2017.0,아파트,2022
성북구,13800,장위동,2.0,20220618,월세,36.14,8419,22,2020.0,아파트,2022
성북구,13900,석관동,2.0,20220618,월세,19.31,500,40,2002.0,오피스텔,2022
성북구,13400,길음동,21.0,20220618,월세,84.96,3000,191,2010.0,아파트,2022
성북구,12300,안암동3가,,20220618,월세,40.0,1000,70,1990.0,단독다가구,2022
성북구,13400,길음동,6.0,20220618,월세,84.66,70000,50,2019.0,아파트,2022
성북구,13700,상월곡동,,20220618,월세,37.83,1000,70,1994.0,단독다가구,2022
성북구,10300,돈암동,2.0,20220618,월세,44.26,3000,45,1982.0,연립다세대,2022
성북구,11500,삼선동5가,,20220618,월세,52.8,1000,50,,단독다가구,2022
성북구,10100,성북동,,20220618,월세,57.47,8500,42,1997.0,단독다가구,2022
성북구,13800,장위동,,20220618,월세,60.35,1000,75,1971.0,단독다가구,2022
성북구,10400,동소문동1가,,20220618,월세,51.6,12000,50,1994.0,단독다가구,2022
성북구,12500,안암동5가,4.0,20220618,월세,24.24,1000,63,2019.0,연립다세대,2022
성북구,13600,하월곡동,,20220618,월세,16.0,1000,34,2015.0,단독다가구,2022
성북구,11700,동선동2가,,20220618,월세,20.0,1000,45,2010.0,단독다가구,2022
성북구,11700,동선동2가,,20220618,월세,20.0,2000,35,1994.0,단독다가구,2022
성북구,13300,정릉동,,20220618,월세,15.84,500,39,2011.0,단독다가구,2022
성북구,12200,안암동2가,,20220618,월세,18.0,2000,50,2018.0,단독다가구,2022
성북구,13900,석관동,,20220619,월세,20.0,200,20,1970.0,단독다가구,2022
성북구,13500,종암동,,20220619,월세,19.0,1000,45,2018.0,단독다가구,2022
성북구,13600,하월곡동,,20220619,월세,16.52,500,35,2017.0,단독다가구,2022
성북구,11400,삼선동4가,,20220619,월세,20.0,1000,55,2012.0,단독다가구,2022
성북구,12100,안암동1가,2.0,20220619,월세,29.91,5000,85,2017.0,연립다세대,2022
성북구,13500,종암동,,20220619,월세,45.0,2000,60,1996.0,단독다가구,2022
성북구,13500,종암동,17.0,20220619,월세,84.99,10000,175,2011.0,아파트,2022
성북구,13400,길음동,13.0,20220619,월세,59.9,10000,170,2019.0,아파트,2022
성북구,13300,정릉동,2.0,20220619,월세,59.87,4000,60,1991.0,연립다세대,2022
성북구,12300,안암동3가,,20220619,월세,33.0,500,55,2005.0,단독다가구,2022
성북구,13300,정릉동,,20220619,월세,59.0,9000,20,1993.0,단독다가구,2022
성북구,13600,하월곡동,,20220620,월세,66.0,25000,35,2018.0,단독다가구,2022
성북구,13800,장위동,,20220620,월세,56.27,1500,32,1993.0,단독다가구,2022
성북구,13800,장위동,,20220620,월세,70.05,2000,75,1971.0,단독다가구,2022
성북구,13800,장위동,,20220620,월세,70.05,3000,70,1971.0,단독다가구,2022
성북구,13300,정릉동,,20220620,월세,50.0,700,45,1978.0,단독다가구,2022
성북구,10800,동소문동5가,14.0,20220620,월세,14.02,3000,69,2018.0,아파트,2022
성북구,13300,정릉동,1.0,20220620,월세,20.57,1348,8,2014.0,연립다세대,2022
성북구,12200,안암동2가,,20220620,월세,15.1,500,35,2010.0,단독다가구,2022
성북구,10300,돈암동,12.0,20220620,월세,32.49,206,7,1998.0,아파트,2022
성북구,13800,장위동,,20220620,월세,30.0,500,25,1991.0,단독다가구,2022
성북구,10300,돈암동,12.0,20220620,월세,32.49,516,6,1998.0,아파트,2022
성북구,13800,장위동,,20220620,월세,26.78,200,19,2018.0,단독다가구,2022
성북구,13900,석관동,,20220620,월세,22.01,1000,45,2017.0,단독다가구,2022
성북구,11800,동선동3가,,20220620,월세,21.0,1000,60,1996.0,단독다가구,2022
성북구,13300,정릉동,,20220620,월세,24.0,200,40,1998.0,단독다가구,2022
성북구,13900,석관동,,20220620,월세,18.0,1000,45,2018.0,단독다가구,2022
성북구,12300,안암동3가,,20220620,월세,15.0,500,50,2019.0,단독다가구,2022
성북구,13600,하월곡동,,20220620,월세,99.17,200,50,1995.0,단독다가구,2022
성북구,12800,보문동6가,,20220620,월세,22.0,1000,49,1992.0,단독다가구,2022
성북구,13300,정릉동,,20220620,월세,15.0,1000,50,2019.0,단독다가구,2022
성북구,13900,석관동,,20220620,월세,18.0,1000,40,2012.0,단독다가구,2022
성북구,13300,정릉동,,20220620,월세,20.0,1000,55,2018.0,단독다가구,2022
성북구,13800,장위동,,20220620,월세,43.5,10000,11,1967.0,단독다가구,2022
성북구,13900,석관동,15.0,20220620,월세,84.9,10000,140,1998.0,아파트,2022
성북구,10300,돈암동,15.0,20220620,월세,32.23,1039,14,1999.0,아파트,2022
성북구,10300,돈암동,2.0,20220620,월세,32.23,1039,14,1999.0,아파트,2022
성북구,10300,돈암동,2.0,20220620,월세,32.23,2523,6,1999.0,아파트,2022
성북구,10100,성북동,,20220620,월세,44.05,2000,70,1985.0,단독다가구,2022
성북구,10300,돈암동,2.0,20220620,월세,32.49,873,13,1999.0,아파트,2022
성북구,10300,돈암동,20.0,20220620,월세,32.49,2262,5,1999.0,아파트,2022
성북구,10300,돈암동,21.0,20220620,월세,32.49,873,13,1999.0,아파트,2022
성북구,10300,돈암동,12.0,20220620,월세,32.49,873,13,1999.0,아파트,2022
성북구,13500,종암동,4.0,20220620,월세,25.82,2000,70,2021.0,연립다세대,2022
성북구,10300,돈암동,16.0,20220620,월세,32.49,873,13,1999.0,아파트,2022
성북구,10300,돈암동,13.0,20220620,월세,32.49,2262,5,1999.0,아파트,2022
성북구,10300,돈암동,20.0,20220620,월세,32.49,873,13,1999.0,아파트,2022
성북구,10300,돈암동,21.0,20220620,월세,32.49,2262,5,1999.0,아파트,2022
성북구,10300,돈암동,13.0,20220620,월세,32.49,873,13,1999.0,아파트,2022
성북구,13900,석관동,15.0,20220620,월세,39.01,8186,29,2019.0,아파트,2022
성북구,12500,안암동5가,4.0,20220620,월세,18.85,1000,40,2011.0,연립다세대,2022
성북구,13600,하월곡동,3.0,20220620,월세,64.82,10000,100,2007.0,아파트,2022
성북구,13300,정릉동,3.0,20220620,월세,32.76,1470,15,2005.0,아파트,2022
성북구,13300,정릉동,14.0,20220620,월세,32.76,1470,15,2005.0,아파트,2022
성북구,13500,종암동,17.0,20220620,월세,59.86,7000,85,1999.0,아파트,2022
성북구,13800,장위동,12.0,20220620,월세,49.33,4401,10,2006.0,아파트,2022
성북구,13300,정릉동,3.0,20220620,월세,32.76,3078,6,2005.0,아파트,2022
성북구,13300,정릉동,8.0,20220620,월세,32.76,2058,21,2005.0,아파트,2022
성북구,13800,장위동,4.0,20220620,월세,49.33,1792,24,2006.0,아파트,2022
성북구,11200,삼선동2가,11.0,20220620,월세,84.83,35000,30,2008.0,아파트,2022
성북구,13300,정릉동,14.0,20220620,월세,32.76,588,17,2005.0,아파트,2022
성북구,13800,장위동,10.0,20220620,월세,49.33,1792,24,2006.0,아파트,2022
성북구,13800,장위동,9.0,20220620,월세,49.33,5603,3,2006.0,아파트,2022
성북구,13800,장위동,9.0,20220620,월세,49.33,1792,24,2006.0,아파트,2022
성북구,13300,정릉동,9.0,20220620,월세,32.76,1470,15,2005.0,아파트,2022
성북구,13800,장위동,3.0,20220620,월세,49.33,3812,13,2006.0,아파트,2022
성북구,13800,장위동,14.0,20220620,월세,49.33,1792,24,2006.0,아파트,2022
성북구,13300,정릉동,1.0,20220620,월세,32.76,4856,3,2005.0,아파트,2022
성북구,13800,장위동,5.0,20220620,월세,39.34,2047,16,2006.0,아파트,2022
성북구,13300,정릉동,4.0,20220620,월세,24.32,1000,52,2004.0,오피스텔,2022
성북구,13800,장위동,9.0,20220620,월세,49.33,2737,19,2006.0,아파트,2022
성북구,13800,장위동,8.0,20220620,월세,49.33,1792,24,2006.0,아파트,2022
성북구,13800,장위동,5.0,20220620,월세,49.33,1971,27,2006.0,아파트,2022
성북구,13800,장위동,13.0,20220620,월세,49.33,5934,1,2006.0,아파트,2022
성북구,13300,정릉동,4.0,20220620,월세,31.22,3398,5,2015.0,아파트,2022
성북구,13800,장위동,14.0,20220620,월세,49.33,3812,13,2006.0,아파트,2022
성북구,13800,장위동,4.0,20220620,월세,57.86,300,35,2002.0,연립다세대,2022
성북구,13800,장위동,7.0,20220620,월세,39.34,1329,20,2006.0,아파트,2022
성북구,13300,정릉동,20.0,20220620,월세,32.76,3078,6,2005.0,아파트,2022
성북구,13800,장위동,7.0,20220620,월세,40.47,2672,16,2020.0,아파트,2022
성북구,13800,장위동,12.0,20220620,월세,40.47,1068,19,2020.0,아파트,2022
성북구,13300,정릉동,20.0,20220620,월세,32.76,1470,15,2005.0,아파트,2022
성북구,13800,장위동,7.0,20220620,월세,40.47,4366,6,2020.0,아파트,2022
성북구,13300,정릉동,4.0,20220620,월세,31.22,2030,13,2015.0,아파트,2022
성북구,13800,장위동,19.0,20220620,월세,84.47,45000,80,2020.0,아파트,2022
성북구,13400,길음동,20.0,20220620,월세,84.96,40000,90,2010.0,아파트,2022
성북구,13400,길음동,12.0,20220620,월세,30.88,2234,25,2008.0,아파트,2022
성북구,13800,장위동,5.0,20220620,월세,59.1,10000,160,2020.0,아파트,2022
성북구,13300,정릉동,4.0,20220620,월세,81.17,10000,60,2006.0,아파트,2022
성북구,13400,길음동,15.0,20220620,월세,30.88,2234,25,2008.0,아파트,2022
성북구,13400,길음동,15.0,20220620,월세,30.88,893,27,2008.0,아파트,2022
성북구,13400,길음동,4.0,20220620,월세,30.88,893,27,2008.0,아파트,2022
성북구,13400,길음동,5.0,20220620,월세,32.36,1098,27,2010.0,아파트,2022
성북구,13400,길음동,9.0,20220620,월세,32.36,2747,23,2010.0,아파트,2022
성북구,13400,길음동,4.0,20220620,월세,32.36,5253,9,2010.0,아파트,2022
성북구,13400,길음동,5.0,20220620,월세,32.36,2747,23,2010.0,아파트,2022
성북구,13400,길음동,4.0,20220620,월세,32.36,2747,23,2010.0,아파트,2022
성북구,13400,길음동,3.0,20220620,월세,30.61,1723,16,2005.0,아파트,2022
성북구,13400,길음동,4.0,20220620,월세,30.88,2234,25,2008.0,아파트,2022
성북구,13800,장위동,9.0,20220620,월세,40.47,2672,16,2020.0,아파트,2022
성북구,13100,보문동2가,,20220620,월세,33.0,1000,50,1996.0,단독다가구,2022
성북구,11800,동선동3가,,20220620,월세,40.0,11000,10,1995.0,단독다가구,2022
성북구,13800,장위동,12.0,20220620,월세,40.47,2672,16,2020.0,아파트,2022
성북구,13800,장위동,8.0,20220620,월세,40.47,2672,16,2020.0,아파트,2022
성북구,13600,하월곡동,,20220620,월세,33.0,300,37,1996.0,단독다가구,2022
성북구,13900,석관동,,20220621,월세,32.74,1000,50,1992.0,단독다가구,2022
성북구,13800,장위동,,20220621,월세,36.9,500,20,1989.0,단독다가구,2022
성북구,13900,석관동,,20220621,월세,36.0,500,35,1994.0,단독다가구,2022
성북구,13800,장위동,,20220621,월세,46.18,3000,40,1992.0,단독다가구,2022
성북구,13300,정릉동,,20220621,월세,41.21,500,40,1995.0,단독다가구,2022
성북구,11100,삼선동1가,,20220621,월세,60.0,4000,70,1990.0,단독다가구,2022
성북구,13400,길음동,11.0,20220621,월세,30.88,2234,25,2008.0,아파트,2022
성북구,13400,길음동,9.0,20220621,월세,30.88,2234,25,2008.0,아파트,2022
성북구,13800,장위동,17.0,20220621,월세,40.47,4366,6,2020.0,아파트,2022
성북구,13800,장위동,17.0,20220621,월세,40.47,2672,16,2020.0,아파트,2022
성북구,10300,돈암동,3.0,20220621,월세,59.84,10000,150,2014.0,아파트,2022
성북구,10300,돈암동,,20220621,월세,84.2,14000,30,2004.0,단독다가구,2022
성북구,13400,길음동,11.0,20220621,월세,30.15,1370,13,2005.0,아파트,2022
성북구,13400,길음동,3.0,20220621,월세,30.15,548,15,2005.0,아파트,2022
성북구,13400,길음동,4.0,20220621,월세,30.15,1370,13,2005.0,아파트,2022
성북구,13400,길음동,3.0,20220621,월세,30.15,1370,13,2005.0,아파트,2022
성북구,13400,길음동,12.0,20220621,월세,30.15,1370,13,2005.0,아파트,2022
성북구,13400,길음동,4.0,20220621,월세,30.15,548,15,2005.0,아파트,2022
성북구,13900,석관동,,20220621,월세,58.38,7000,60,1970.0,단독다가구,2022
성북구,13400,길음동,5.0,20220621,월세,30.61,689,18,2005.0,아파트,2022
성북구,12500,안암동5가,,20220621,월세,21.5,3000,60,1998.0,단독다가구,2022
성북구,11800,동선동3가,,20220621,월세,20.0,1000,50,2003.0,단독다가구,2022
성북구,12100,안암동1가,,20220621,월세,25.0,300,35,1993.0,단독다가구,2022
성북구,13300,정릉동,,20220621,월세,24.93,500,30,1993.0,단독다가구,2022
성북구,11400,삼선동4가,,20220621,월세,15.0,1000,49,2001.0,단독다가구,2022
성북구,11300,삼선동3가,,20220621,월세,24.95,5000,20,1993.0,단독다가구,2022
성북구,12100,안암동1가,,20220621,월세,30.0,500,40,1992.0,단독다가구,2022
성북구,10100,성북동,,20220621,월세,29.54,1000,45,1996.0,단독다가구,2022
성북구,13500,종암동,19.0,20220621,월세,59.61,5000,120,2005.0,아파트,2022
성북구,10300,돈암동,11.0,20220621,월세,32.49,349,14,1999.0,아파트,2022
성북구,13900,석관동,13.0,20220621,월세,39.01,10122,27,2019.0,아파트,2022
성북구,13300,정릉동,9.0,20220621,월세,32.76,588,17,2005.0,아파트,2022
성북구,13300,정릉동,7.0,20220621,월세,32.76,1470,15,2005.0,아파트,2022
성북구,13600,하월곡동,18.0,20220621,월세,59.86,1000,100,2003.0,아파트,2022
성북구,13800,장위동,5.0,20220621,월세,39.34,3121,10,2006.0,아파트,2022
성북구,13800,장위동,6.0,20220621,월세,39.34,1689,18,2006.0,아파트,2022
성북구,13800,장위동,13.0,20220621,월세,39.34,1329,20,2006.0,아파트,2022
성북구,13300,정릉동,10.0,20220621,월세,84.92,31000,60,2000.0,아파트,2022
성북구,13800,장위동,13.0,20220621,월세,49.33,716,27,2006.0,아파트,2022
성북구,13800,장위동,14.0,20220621,월세,49.33,1792,24,2006.0,아파트,2022
성북구,13800,장위동,9.0,20220621,월세,49.33,5039,6,2006.0,아파트,2022
성북구,13800,장위동,12.0,20220621,월세,49.33,1792,24,2006.0,아파트,2022
성북구,13800,장위동,5.0,20220621,월세,49.33,1792,24,2006.0,아파트,2022
성북구,13800,장위동,8.0,20220621,월세,49.33,2737,19,2006.0,아파트,2022
성북구,13800,장위동,7.0,20220621,월세,49.33,3812,13,2006.0,아파트,2022
성북구,13600,하월곡동,6.0,20220621,월세,59.98,40000,40,2007.0,아파트,2022
성북구,11100,삼선동1가,5.0,20220621,월세,20.07,2000,65,2020.0,오피스텔,2022
성북구,10300,돈암동,11.0,20220621,월세,32.49,873,13,1999.0,아파트,2022
성북구,13300,정릉동,11.0,20220621,월세,32.76,1470,15,2005.0,아파트,2022
성북구,13300,정릉동,9.0,20220621,월세,32.76,1470,15,2005.0,아파트,2022
성북구,10200,성북동1가,2.0,20220621,월세,25.61,9000,43,2015.0,연립다세대,2022
성북구,13000,보문동1가,17.0,20220622,월세,84.9,80000,30,2022.0,아파트,2022
성북구,13900,석관동,,20220622,월세,42.88,4000,40,1971.0,단독다가구,2022
성북구,13700,상월곡동,,20220622,월세,41.05,1000,50,2020.0,단독다가구,2022
성북구,10300,돈암동,10.0,20220622,월세,32.49,206,7,1998.0,아파트,2022
성북구,13700,상월곡동,,20220622,월세,34.0,1000,70,1994.0,단독다가구,2022
성북구,13600,하월곡동,3.0,20220622,월세,79.98,12000,100,2004.0,아파트,2022
성북구,12200,안암동2가,,20220622,월세,36.36,9000,30,1994.0,단독다가구,2022
성북구,13400,길음동,12.0,20220622,월세,32.36,2747,23,2010.0,아파트,2022
성북구,13800,장위동,9.0,20220622,월세,40.47,1068,19,2020.0,아파트,2022
성북구,13100,보문동2가,,20220622,월세,58.0,1000,80,1996.0,단독다가구,2022
성북구,13400,길음동,1.0,20220622,월세,30.88,2234,25,2008.0,아파트,2022
성북구,13800,장위동,10.0,20220622,월세,40.47,2672,16,2020.0,아파트,2022
성북구,13800,장위동,9.0,20220622,월세,40.47,2672,16,2020.0,아파트,2022
성북구,13800,장위동,,20220622,월세,82.47,11000,40,1985.0,단독다가구,2022
성북구,13400,길음동,13.0,20220622,월세,59.99,37000,50,2003.0,아파트,2022
성북구,13800,장위동,10.0,20220622,월세,40.47,1068,19,2020.0,아파트,2022
성북구,13300,정릉동,3.0,20220622,월세,59.59,3000,100,1999.0,아파트,2022
성북구,10400,동소문동1가,,20220622,월세,26.4,1000,56,2001.0,단독다가구,2022
성북구,13300,정릉동,,20220622,월세,22.0,500,40,2010.0,단독다가구,2022
성북구,12800,보문동6가,,20220622,월세,21.0,500,35,1992.0,단독다가구,2022
성북구,13800,장위동,3.0,20220622,월세,49.33,1792,24,2006.0,아파트,2022
성북구,13500,종암동,,20220622,월세,30.0,500,54,2003.0,단독다가구,2022
성북구,10300,돈암동,,20220622,월세,19.0,50,20,1966.0,단독다가구,2022
성북구,12100,안암동1가,,20220622,월세,18.18,500,40,2008.0,단독다가구,2022
성북구,13500,종암동,,20220622,월세,17.0,100,40,2010.0,단독다가구,2022
성북구,12500,안암동5가,,20220622,월세,20.0,500,45,2001.0,단독다가구,2022
성북구,12500,안암동5가,,20220622,월세,18.0,500,55,1993.0,단독다가구,2022
성북구,13300,정릉동,,20220622,월세,18.22,1000,50,2019.0,단독다가구,2022
성북구,13800,장위동,4.0,20220622,월세,40.09,1324,40,2018.0,연립다세대,2022
성북구,11700,동선동2가,,20220622,월세,20.0,1000,45,2008.0,단독다가구,2022
성북구,13300,정릉동,,20220622,월세,19.8,500,50,2019.0,단독다가구,2022
성북구,13500,종암동,,20220622,월세,20.0,3000,30,2003.0,단독다가구,2022
성북구,10300,돈암동,1.0,20220622,월세,32.49,873,13,1999.0,아파트,2022
성북구,12700,보문동5가,,20220623,월세,53.88,10000,50,1992.0,단독다가구,2022
성북구,11400,삼선동4가,14.0,20220623,월세,59.94,30000,60,1999.0,아파트,2022
성북구,13800,장위동,,20220623,월세,45.66,500,45,1997.0,단독다가구,2022
성북구,13900,석관동,,20220623,월세,34.9,9000,20,1971.0,단독다가구,2022
성북구,13900,석관동,,20220623,월세,32.0,400,20,1993.0,단독다가구,2022
성북구,13800,장위동,4.0,20220623,월세,46.35,4156,14,2020.0,아파트,2022
성북구,13800,장위동,5.0,20220623,월세,49.33,3633,17,2006.0,아파트,2022
성북구,13800,장위동,5.0,20220623,월세,49.33,3454,15,2006.0,아파트,2022
성북구,13400,길음동,2.0,20220623,월세,30.61,1723,16,2005.0,아파트,2022
성북구,13300,정릉동,2.0,20220623,월세,31.22,3054,7,2015.0,아파트,2022
성북구,13300,정릉동,6.0,20220623,월세,31.22,812,15,2015.0,아파트,2022
성북구,13300,정릉동,4.0,20220623,월세,31.22,812,15,2015.0,아파트,2022
성북구,13400,길음동,5.0,20220623,월세,30.15,1370,13,2005.0,아파트,2022
성북구,13400,길음동,12.0,20220623,월세,30.15,548,15,2005.0,아파트,2022
성북구,13400,길음동,3.0,20220623,월세,59.37,47000,20,2007.0,아파트,2022
성북구,13400,길음동,5.0,20220623,월세,30.15,548,15,2005.0,아파트,2022
성북구,13300,정릉동,19.0,20220623,월세,32.76,588,17,2005.0,아파트,2022
성북구,13300,정릉동,19.0,20220623,월세,32.76,1470,15,2005.0,아파트,2022
성북구,13400,길음동,10.0,20220623,월세,59.97,10000,90,2005.0,아파트,2022
성북구,13300,정릉동,3.0,20220623,월세,15.2,1000,50,2013.0,연립다세대,2022
성북구,13600,하월곡동,8.0,20220623,월세,59.65,5000,120,2010.0,아파트,2022
성북구,13400,길음동,26.0,20220623,월세,84.94,10000,175,2010.0,아파트,2022
성북구,13400,길음동,2.0,20220623,월세,30.61,3028,9,2005.0,아파트,2022
성북구,13400,길음동,11.0,20220623,월세,30.61,689,18,2005.0,아파트,2022
성북구,11100,삼선동1가,,20220623,월세,18.0,200,29,2015.0,단독다가구,2022
성북구,11500,삼선동5가,,20220623,월세,16.5,500,45,2010.0,단독다가구,2022
성북구,13300,정릉동,,20220623,월세,15.0,1000,40,2018.0,단독다가구,2022
성북구,13100,보문동2가,,20220623,월세,19.8,8000,40,2010.0,단독다가구,2022
성북구,12500,안암동5가,,20220623,월세,14.0,500,45,1988.0,단독다가구,2022
성북구,13300,정릉동,,20220623,월세,13.0,1000,45,2019.0,단독다가구,2022
성북구,12200,안암동2가,,20220623,월세,25.32,1000,70,2021.0,단독다가구,2022
성북구,13700,상월곡동,,20220624,월세,25.0,500,27,1990.0,단독다가구,2022
성북구,11700,동선동2가,,20220624,월세,21.0,500,40,1996.0,단독다가구,2022
성북구,10100,성북동,,20220624,월세,46.28,3000,20,1937.0,단독다가구,2022
성북구,12500,안암동5가,,20220624,월세,45.0,1000,90,2005.0,단독다가구,2022
성북구,11700,동선동2가,,20220624,월세,23.0,1000,40,2002.0,단독다가구,2022
성북구,13300,정릉동,2.0,20220624,월세,45.62,1000,50,1971.0,연립다세대,2022
성북구,13800,장위동,,20220624,월세,29.32,4000,50,1970.0,단독다가구,2022
성북구,10200,성북동1가,,20220624,월세,191.22,1500,45,1996.0,단독다가구,2022
성북구,13800,장위동,,20220624,월세,65.86,12000,25,1971.0,단독다가구,2022
성북구,10400,동소문동1가,,20220624,월세,57.32,3000,60,1978.0,단독다가구,2022
성북구,10100,성북동,,20220624,월세,75.44,12000,50,1968.0,단독다가구,2022
성북구,13300,정릉동,,20220624,월세,57.6,3000,60,1990.0,단독다가구,2022
성북구,13900,석관동,4.0,20220624,월세,57.55,15064,39,2021.0,연립다세대,2022
성북구,13900,석관동,3.0,20220624,월세,57.55,2500,73,2021.0,연립다세대,2022
성북구,13000,보문동1가,3.0,20220624,월세,48.35,22288,24,2021.0,연립다세대,2022
성북구,13000,보문동1가,3.0,20220624,월세,55.76,2464,73,2021.0,연립다세대,2022
성북구,12200,안암동2가,,20220624,월세,49.4,10000,30,1993.0,단독다가구,2022
성북구,12100,안암동1가,8.0,20220624,월세,59.7,10000,135,2005.0,아파트,2022
성북구,11500,삼선동5가,2.0,20220624,월세,22.68,1000,65,2018.0,연립다세대,2022
성북구,12100,안암동1가,14.0,20220624,월세,59.7,5000,140,2005.0,아파트,2022
성북구,10300,돈암동,9.0,20220624,월세,32.49,516,6,1998.0,아파트,2022
성북구,10900,동소문동6가,17.0,20220624,월세,14.18,1000,80,2012.0,아파트,2022
성북구,13600,하월곡동,12.0,20220624,월세,15.62,500,55,2013.0,아파트,2022
성북구,12100,안암동1가,,20220624,월세,18.18,500,40,2008.0,단독다가구,2022
성북구,11700,동선동2가,,20220624,월세,20.0,1000,45,2017.0,단독다가구,2022
성북구,13300,정릉동,,20220624,월세,20.0,1000,50,2018.0,단독다가구,2022
성북구,11000,동소문동7가,,20220624,월세,16.5,500,45,,단독다가구,2022
성북구,12500,안암동5가,,20220624,월세,20.0,500,48,1998.0,단독다가구,2022
성북구,12300,안암동3가,,20220624,월세,18.0,500,30,1991.0,단독다가구,2022
성북구,10100,성북동,,20220624,월세,32.46,20000,7,2017.0,단독다가구,2022
성북구,13800,장위동,12.0,20220624,월세,39.34,1329,20,2006.0,아파트,2022
성북구,13800,장위동,4.0,20220624,월세,59.49,10000,160,2020.0,아파트,2022
성북구,13800,장위동,18.0,20220624,월세,59.35,10000,150,2017.0,아파트,2022
성북구,13400,길음동,12.0,20220624,월세,60.0,20000,60,2003.0,아파트,2022
성북구,13300,정릉동,9.0,20220624,월세,32.76,3078,6,2005.0,아파트,2022
성북구,13300,정릉동,9.0,20220624,월세,32.76,1470,15,2005.0,아파트,2022
성북구,13300,정릉동,11.0,20220624,월세,32.76,1470,15,2005.0,아파트,2022
성북구,13400,길음동,11.0,20220624,월세,34.88,3440,7,2003.0,아파트,2022
성북구,13400,길음동,11.0,20220624,월세,30.88,4882,10,2008.0,아파트,2022
성북구,13800,장위동,8.0,20220624,월세,40.47,1068,19,2020.0,아파트,2022
성북구,12300,안암동3가,3.0,20220625,월세,52.0,2000,40,1971.0,아파트,2022
성북구,13300,정릉동,13.0,20220625,월세,43.11,5000,75,2001.0,아파트,2022
성북구,13400,길음동,5.0,20220625,월세,59.9,10000,150,2010.0,아파트,2022
성북구,13300,정릉동,,20220625,월세,14.0,500,33,2018.0,단독다가구,2022
성북구,13900,석관동,,20220625,월세,21.0,1000,40,1972.0,단독다가구,2022
성북구,12300,안암동3가,1.0,20220625,월세,110.72,28000,40,1985.0,연립다세대,2022
성북구,11500,삼선동5가,,20220625,월세,23.0,1000,55,2019.0,단독다가구,2022
성북구,12500,안암동5가,,20220625,월세,23.0,1000,84,2021.0,단독다가구,2022
성북구,13600,하월곡동,,20220625,월세,30.0,1000,45,1993.0,단독다가구,2022
성북구,10300,돈암동,8.0,20220625,월세,59.99,30000,70,2004.0,아파트,2022
성북구,13600,하월곡동,,20220625,월세,54.46,2000,40,1996.0,단독다가구,2022
성북구,13300,정릉동,4.0,20220625,월세,114.97,5000,180,2000.0,아파트,2022
성북구,13300,정릉동,6.0,20220625,월세,59.77,10000,110,2006.0,아파트,2022
성북구,12600,보문동4가,,20220625,월세,50.0,8400,31,1992.0,단독다가구,2022
성북구,13500,종암동,,20220625,월세,55.0,5000,80,2003.0,단독다가구,2022
성북구,13600,하월곡동,,20220625,월세,62.16,4000,57,2003.0,단독다가구,2022
성북구,13800,장위동,2.0,20220625,월세,49.33,1792,24,2006.0,아파트,2022
성북구,10800,동소문동5가,7.0,20220625,월세,16.67,3000,82,2017.0,아파트,2022
성북구,13300,정릉동,3.0,20220625,월세,74.88,5000,95,2002.0,연립다세대,2022
성북구,13600,하월곡동,6.0,20220625,월세,45.83,7000,64,2020.0,오피스텔,2022
성북구,13300,정릉동,3.0,20220625,월세,17.72,1000,58,2015.0,연립다세대,2022
성북구,13700,상월곡동,2.0,20220625,월세,59.95,4000,65,2003.0,아파트,2022
성북구,11000,동소문동7가,18.0,20220625,월세,59.91,5000,130,2004.0,아파트,2022
성북구,10300,돈암동,3.0,20220625,월세,59.79,20000,35,1998.0,아파트,2022
성북구,13300,정릉동,4.0,20220625,월세,52.89,2000,70,1977.0,아파트,2022
성북구,10300,돈암동,11.0,20220625,월세,59.58,3500,90,1998.0,아파트,2022
성북구,13300,정릉동,,20220625,월세,15.0,1000,75,2019.0,단독다가구,2022
성북구,13300,정릉동,,20220625,월세,15.0,1000,50,2017.0,단독다가구,2022
성북구,11900,동선동4가,,20220625,월세,20.0,1000,30,1971.0,단독다가구,2022
성북구,13700,상월곡동,,20220625,월세,19.0,500,40,2014.0,단독다가구,2022
성북구,13300,정릉동,,20220625,월세,17.0,1000,30,2008.0,단독다가구,2022
성북구,13600,하월곡동,,20220625,월세,17.0,5000,25,2016.0,단독다가구,2022
성북구,11700,동선동2가,,20220625,월세,20.0,1000,45,2017.0,단독다가구,2022
성북구,13000,보문동1가,,20220625,월세,18.2,1000,45,2008.0,단독다가구,2022
성북구,12100,안암동1가,,20220625,월세,18.0,1000,50,2010.0,단독다가구,2022
성북구,11400,삼선동4가,,20220625,월세,19.8,1000,50,2012.0,단독다가구,2022
성북구,11500,삼선동5가,,20220625,월세,38.86,12500,40,1989.0,단독다가구,2022
성북구,12200,안암동2가,,20220625,월세,17.5,1000,40,2008.0,단독다가구,2022
성북구,12300,안암동3가,,20220625,월세,40.41,1000,55,1994.0,단독다가구,2022
성북구,12800,보문동6가,,20220625,월세,40.0,1000,50,1993.0,단독다가구,2022
성북구,11800,동선동3가,,20220625,월세,39.67,500,45,1996.0,단독다가구,2022
성북구,13900,석관동,,20220625,월세,38.0,2000,35,1995.0,단독다가구,2022
성북구,13300,정릉동,,20220626,월세,33.47,2400,21,1993.0,단독다가구,2022
성북구,10400,동소문동1가,,20220626,월세,56.1,3000,80,2003.0,단독다가구,2022
성북구,13600,하월곡동,,20220626,월세,30.0,2000,23,1992.0,단독다가구,2022
성북구,13800,장위동,3.0,20220626,월세,55.32,5000,60,2002.0,연립다세대,2022
성북구,13500,종암동,20.0,20220626,월세,84.99,30000,135,2011.0,아파트,2022
성북구,11200,삼선동2가,11.0,20220627,월세,56.83,10000,115,2009.0,아파트,2022
성북구,12800,보문동6가,8.0,20220627,월세,45.81,10000,140,2017.0,아파트,2022
성북구,10300,돈암동,9.0,20220627,월세,59.38,20000,90,2007.0,아파트,2022
성북구,13300,정릉동,11.0,20220627,월세,32.76,588,17,2005.0,아파트,2022
성북구,11100,삼선동1가,,20220627,월세,44.89,10000,30,2006.0,단독다가구,2022
성북구,13800,장위동,10.0,20220627,월세,49.33,3248,16,2006.0,아파트,2022
성북구,11500,삼선동5가,,20220627,월세,44.45,11000,10,1993.0,단독다가구,2022
성북구,13600,하월곡동,6.0,20220627,월세,18.02,1000,58,2020.0,오피스텔,2022
성북구,11800,동선동3가,,20220627,월세,36.0,600,60,2000.0,단독다가구,2022
성북구,13300,정릉동,,20220627,월세,17.0,500,45,2020.0,단독다가구,2022
성북구,13600,하월곡동,4.0,20220627,월세,16.08,3000,55,2022.0,오피스텔,2022
성북구,12500,안암동5가,,20220627,월세,33.0,3300,40,1994.0,단독다가구,2022
성북구,12300,안암동3가,,20220627,월세,19.5,100,30,1997.0,단독다가구,2022
성북구,12000,동선동5가,,20220627,월세,39.36,1000,55,2001.0,단독다가구,2022
성북구,13300,정릉동,,20220627,월세,17.12,1000,50,,단독다가구,2022
성북구,11400,삼선동4가,2.0,20220627,월세,18.11,3000,50,2013.0,연립다세대,2022
성북구,13400,길음동,20.0,20220627,월세,59.37,5000,116,2007.0,아파트,2022
성북구,13400,길음동,11.0,20220627,월세,59.99,4500,150,2003.0,아파트,2022
성북구,11800,동선동3가,3.0,20220627,월세,18.29,2000,47,2012.0,연립다세대,2022
성북구,10300,돈암동,18.0,20220627,월세,32.49,516,6,1998.0,아파트,2022
성북구,13500,종암동,,20220627,월세,30.0,500,30,1993.0,단독다가구,2022
성북구,13800,장위동,10.0,20220627,월세,18.03,1000,53,2019.0,오피스텔,2022
성북구,12200,안암동2가,,20220627,월세,21.0,1000,42,2012.0,단독다가구,2022
성북구,12500,안암동5가,,20220627,월세,21.0,1000,55,1997.0,단독다가구,2022
성북구,12500,안암동5가,,20220627,월세,25.0,1000,55,,단독다가구,2022
성북구,10100,성북동,4.0,20220627,월세,59.56,22000,3,1996.0,연립다세대,2022
성북구,13800,장위동,9.0,20220628,월세,49.33,2701,19,2006.0,아파트,2022
성북구,13800,장위동,7.0,20220628,월세,39.34,4742,1,2006.0,아파트,2022
성북구,13800,장위동,10.0,20220628,월세,39.34,2056,16,2006.0,아파트,2022
성북구,13600,하월곡동,3.0,20220628,월세,59.98,3000,150,2007.0,아파트,2022
성북구,13800,장위동,2.0,20220628,월세,39.34,1329,20,2006.0,아파트,2022
성북구,13800,장위동,15.0,20220628,월세,49.33,2916,18,2006.0,아파트,2022
성북구,13300,정릉동,14.0,20220628,월세,114.96,5000,165,2009.0,아파트,2022
성북구,12200,안암동2가,,20220628,월세,43.68,2000,55,1997.0,단독다가구,2022
성북구,11300,삼선동3가,,20220628,월세,42.0,1000,45,1994.0,단독다가구,2022
성북구,10200,성북동1가,5.0,20220628,월세,16.14,1000,30,2002.0,연립다세대,2022
성북구,11000,동소문동7가,,20220628,월세,12.0,500,15,,단독다가구,2022
성북구,13500,종암동,2.0,20220628,월세,28.39,1500,95,2017.0,연립다세대,2022
성북구,11800,동선동3가,,20220628,월세,20.0,500,40,2019.0,단독다가구,2022
성북구,13600,하월곡동,,20220628,월세,19.0,7000,5,2017.0,단독다가구,2022
성북구,13800,장위동,,20220628,월세,59.55,2000,40,1990.0,단독다가구,2022
성북구,13300,정릉동,,20220628,월세,18.0,500,50,2018.0,단독다가구,2022
성북구,12100,안암동1가,,20220628,월세,50.21,2000,55,1993.0,단독다가구,2022
성북구,13300,정릉동,,20220628,월세,34.25,1000,40,1995.0,단독다가구,2022
성북구,13500,종암동,,20220628,월세,58.07,300,25,1994.0,단독다가구,2022
성북구,12200,안암동2가,,20220628,월세,36.05,5000,70,2015.0,단독다가구,2022
성북구,13900,석관동,,20220628,월세,33.0,500,45,1993.0,단독다가구,2022
성북구,11100,삼선동1가,,20220628,월세,38.72,500,55,1995.0,단독다가구,2022
성북구,13500,종암동,,20220628,월세,33.0,3000,50,2002.0,단독다가구,2022
성북구,13500,종암동,2.0,20220628,월세,15.01,500,50,2013.0,연립다세대,2022
성북구,10300,돈암동,4.0,20220628,월세,59.58,3000,100,1998.0,아파트,2022
성북구,13300,정릉동,6.0,20220628,월세,40.91,3000,90,2015.0,연립다세대,2022
성북구,13400,길음동,,20220628,월세,24.0,1000,30,1991.0,단독다가구,2022
성북구,12500,안암동5가,,20220628,월세,25.0,3000,50,1992.0,단독다가구,2022
성북구,12000,동선동5가,,20220628,월세,30.0,1000,75,2008.0,단독다가구,2022
성북구,10200,성북동1가,,20220628,월세,30.0,1000,50,1992.0,단독다가구,2022
성북구,12800,보문동6가,,20220628,월세,30.0,600,40,1989.0,단독다가구,2022
성북구,13500,종암동,,20220629,월세,16.0,300,35,2016.0,단독다가구,2022
성북구,13300,정릉동,,20220629,월세,20.0,3500,15,2001.0,단독다가구,2022
성북구,12000,동선동5가,,20220629,월세,20.0,1000,45,2009.0,단독다가구,2022
성북구,11700,동선동2가,,20220629,월세,20.0,500,35,2017.0,단독다가구,2022
성북구,11700,동선동2가,,20220629,월세,25.28,1500,75,,단독다가구,2022
성북구,13300,정릉동,,20220629,월세,23.14,1000,55,2002.0,단독다가구,2022
성북구,13700,상월곡동,,20220629,월세,19.83,1000,60,2020.0,단독다가구,2022
성북구,12000,동선동5가,,20220629,월세,30.4,1000,70,1987.0,단독다가구,2022
성북구,12400,안암동4가,,20220629,월세,23.1,300,48,2001.0,단독다가구,2022
성북구,13800,장위동,,20220629,월세,23.0,300,30,1967.0,단독다가구,2022
성북구,11500,삼선동5가,,20220629,월세,19.5,1000,40,2016.0,단독다가구,2022
성북구,13300,정릉동,,20220629,월세,12.0,1000,40,2018.0,단독다가구,2022
성북구,13800,장위동,4.0,20220629,월세,49.33,1792,24,2006.0,아파트,2022
성북구,13800,장위동,6.0,20220629,월세,49.33,1792,24,2006.0,아파트,2022
성북구,13500,종암동,6.0,20220629,월세,59.38,2000,110,2018.0,연립다세대,2022
성북구,10700,동소문동4가,1.0,20220629,월세,81.99,15500,51,1991.0,연립다세대,2022
성북구,13800,장위동,8.0,20220629,월세,59.92,20000,120,2021.0,아파트,2022
성북구,10300,돈암동,1.0,20220629,월세,39.94,1000,65,1991.0,연립다세대,2022
성북구,13600,하월곡동,7.0,20220629,월세,84.59,40000,60,2006.0,아파트,2022
성북구,10300,돈암동,16.0,20220629,월세,32.49,2262,5,1999.0,아파트,2022
성북구,13300,정릉동,,20220629,월세,36.12,500,35,1997.0,단독다가구,2022
성북구,13600,하월곡동,,20220629,월세,36.0,4500,10,1991.0,단독다가구,2022
성북구,13500,종암동,,20220629,월세,65.46,2000,65,,단독다가구,2022
성북구,10300,돈암동,2.0,20220629,월세,40.12,10000,13,1994.0,연립다세대,2022
성북구,13400,길음동,4.0,20220630,월세,30.61,5156,5,2005.0,아파트,2022
성북구,13400,길음동,4.0,20220630,월세,59.99,20000,85,2005.0,아파트,2022
성북구,13400,길음동,9.0,20220630,월세,32.36,1098,27,2010.0,아파트,2022
성북구,13600,하월곡동,3.0,20220630,월세,29.97,5000,50,2017.0,연립다세대,2022
성북구,13300,정릉동,,20220630,월세,15.0,1000,45,2019.0,단독다가구,2022
성북구,10300,돈암동,16.0,20220630,월세,114.89,20000,200,2004.0,아파트,2022
성북구,13300,정릉동,10.0,20220630,월세,84.4,10000,100,2009.0,아파트,2022
성북구,10600,동소문동3가,,20220630,월세,15.0,6000,30,2019.0,단독다가구,2022
성북구,13300,정릉동,,20220630,월세,20.0,500,50,1992.0,단독다가구,2022
성북구,12200,안암동2가,,20220630,월세,30.0,1000,65,1997.0,단독다가구,2022
성북구,12100,안암동1가,,20220630,월세,30.0,2000,40,2004.0,단독다가구,2022
성북구,11800,동선동3가,,20220630,월세,30.0,500,55,1996.0,단독다가구,2022
성북구,10300,돈암동,12.0,20220630,월세,84.97,53000,8,2004.0,아파트,2022
성북구,13900,석관동,,20220630,월세,41.97,12000,10,1997.0,단독다가구,2022
성북구,13900,석관동,9.0,20220630,월세,54.55,2000,83,1998.0,아파트,2022
성북구,13900,석관동,5.0,20220630,월세,39.01,6548,33,2019.0,아파트,2022
성북구,12800,보문동6가,15.0,20220630,월세,84.99,5000,50,2017.0,아파트,2022
성북구,12800,보문동6가,7.0,20220630,월세,45.81,30000,100,2017.0,아파트,2022
성북구,13300,정릉동,1.0,20220630,월세,56.34,3000,30,2002.0,연립다세대,2022
성북구,12700,보문동5가,,20220630,월세,34.7,12000,20,1993.0,단독다가구,2022
성북구,13800,장위동,14.0,20220630,월세,14.71,500,55,2019.0,아파트,2022
성북구,13600,하월곡동,,20220630,월세,37.08,1000,55,1990.0,단독다가구,2022
성북구,12100,안암동1가,,20220630,월세,34.9,2000,80,2014.0,단독다가구,2022
성북구,12700,보문동5가,,20220630,월세,35.66,4000,70,2017.0,단독다가구,2022
성북구,13400,길음동,,20220701,월세,37.5,500,30,1990.0,단독다가구,2022
성북구,10300,돈암동,11.0,20220701,월세,59.58,20000,90,1998.0,아파트,2022
성북구,13400,길음동,2.0,20220701,월세,59.99,35000,65,2010.0,아파트,2022
성북구,11500,삼선동5가,,20220701,월세,18.0,500,30,1997.0,단독다가구,2022
성북구,13500,종암동,,20220701,월세,20.0,300,40,1993.0,단독다가구,2022
성북구,13800,장위동,2.0,20220701,월세,29.8,12000,23,2019.0,연립다세대,2022
성북구,13300,정릉동,12.0,20220701,월세,59.88,22000,35,2005.0,아파트,2022
성북구,13300,정릉동,2.0,20220701,월세,59.88,7000,95,2005.0,아파트,2022
성북구,12300,안암동3가,,20220701,월세,19.8,1000,35,1992.0,단독다가구,2022
성북구,11500,삼선동5가,,20220701,월세,19.0,1000,50,2002.0,단독다가구,2022
성북구,12000,동선동5가,,20220701,월세,23.0,3000,32,2010.0,단독다가구,2022
성북구,11800,동선동3가,,20220701,월세,15.0,200,30,1993.0,단독다가구,2022
성북구,10900,동소문동6가,,20220701,월세,26.27,1000,40,2002.0,단독다가구,2022
성북구,13300,정릉동,,20220701,월세,15.0,500,40,2018.0,단독다가구,2022
성북구,13300,정릉동,18.0,20220701,월세,59.97,16000,50,2000.0,아파트,2022
성북구,12700,보문동5가,,20220701,월세,23.0,2000,45,2017.0,단독다가구,2022
성북구,13800,장위동,,20220701,월세,29.84,500,30,1996.0,단독다가구,2022
성북구,12200,안암동2가,,20220701,월세,50.0,2000,85,,단독다가구,2022
성북구,13500,종암동,,20220701,월세,30.0,800,20,1996.0,단독다가구,2022
성북구,11700,동선동2가,,20220701,월세,26.4,1000,50,1997.0,단독다가구,2022
성북구,11500,삼선동5가,,20220701,월세,21.22,2000,40,2000.0,단독다가구,2022
성북구,12500,안암동5가,,20220701,월세,26.4,500,50,1994.0,단독다가구,2022
성북구,10300,돈암동,,20220701,월세,55.07,1000,50,1969.0,단독다가구,2022
성북구,13300,정릉동,2.0,20220701,월세,61.44,7000,23,1997.0,연립다세대,2022
성북구,11400,삼선동4가,3.0,20220701,월세,14.43,3000,30,2013.0,연립다세대,2022
성북구,13600,하월곡동,7.0,20220701,월세,15.62,1000,50,2013.0,아파트,2022
성북구,10300,돈암동,12.0,20220701,월세,114.66,10000,175,1999.0,아파트,2022
성북구,10300,돈암동,10.0,20220702,월세,84.72,10000,130,1994.0,아파트,2022
성북구,13800,장위동,12.0,20220702,월세,59.99,10000,170,2020.0,아파트,2022
성북구,13700,상월곡동,19.0,20220702,월세,59.95,32000,25,2003.0,아파트,2022
성북구,13900,석관동,11.0,20220702,월세,84.9,5000,135,1998.0,아파트,2022
성북구,11900,동선동4가,7.0,20220702,월세,13.53,1000,60,2014.0,연립다세대,2022
성북구,10300,돈암동,7.0,20220702,월세,41.58,1000,74,1991.0,아파트,2022
성북구,13400,길음동,27.0,20220702,월세,59.99,35000,100,2019.0,아파트,2022
성북구,13300,정릉동,4.0,20220702,월세,37.27,3000,70,2013.0,연립다세대,2022
성북구,10300,돈암동,12.0,20220702,월세,59.58,3000,120,1998.0,아파트,2022
성북구,13500,종암동,1.0,20220702,월세,64.89,12000,25,1993.0,연립다세대,2022
성북구,11200,삼선동2가,,20220702,월세,123.89,10000,100,1995.0,단독다가구,2022
성북구,11800,동선동3가,4.0,20220702,월세,24.75,3000,32,1997.0,연립다세대,2022
성북구,13800,장위동,3.0,20220702,월세,15.21,500,39,2019.0,아파트,2022
성북구,13800,장위동,5.0,20220702,월세,15.21,500,49,2019.0,아파트,2022
성북구,13800,장위동,4.0,20220702,월세,14.71,1000,50,2019.0,아파트,2022
성북구,12100,안암동1가,,20220702,월세,39.0,3000,70,1995.0,단독다가구,2022
성북구,13800,장위동,,20220702,월세,34.16,6000,20,1992.0,단독다가구,2022
성북구,13600,하월곡동,,20220702,월세,39.6,1000,60,1990.0,단독다가구,2022
성북구,13600,하월곡동,,20220702,월세,14.0,500,40,2017.0,단독다가구,2022
성북구,11800,동선동3가,,20220702,월세,18.0,300,30,1993.0,단독다가구,2022
성북구,11100,삼선동1가,,20220702,월세,37.0,1000,37,1985.0,단독다가구,2022
성북구,13300,정릉동,,20220702,월세,13.0,1000,50,2020.0,단독다가구,2022
성북구,13400,길음동,9.0,20220702,월세,84.92,38000,80,2010.0,아파트,2022
성북구,13300,정릉동,,20220702,월세,45.0,10000,10,1999.0,단독다가구,2022
성북구,12700,보문동5가,,20220702,월세,20.0,2000,50,2020.0,단독다가구,2022
성북구,13600,하월곡동,,20220702,월세,44.93,1000,50,1965.0,단독다가구,2022
성북구,13100,보문동2가,,20220702,월세,42.61,1000,60,1995.0,단독다가구,2022
성북구,13400,길음동,,20220702,월세,16.0,300,36,2011.0,단독다가구,2022
성북구,13400,길음동,20.0,20220702,월세,59.98,4000,140,2010.0,아파트,2022
성북구,11400,삼선동4가,10.0,20220702,월세,59.94,20000,90,1999.0,아파트,2022
성북구,13300,정릉동,,20220702,월세,64.4,3000,60,2001.0,단독다가구,2022
성북구,10100,성북동,,20220702,월세,64.0,20000,75,2018.0,단독다가구,2022
성북구,11700,동선동2가,,20220702,월세,49.63,1000,80,1994.0,단독다가구,2022
성북구,11200,삼선동2가,10.0,20220702,월세,84.83,10000,150,2008.0,아파트,2022
성북구,10300,돈암동,,20220702,월세,77.2,5000,50,1991.0,단독다가구,2022
성북구,13800,장위동,,20220702,월세,57.08,1000,40,1985.0,단독다가구,2022
성북구,13800,장위동,,20220702,월세,59.22,2000,60,1997.0,단독다가구,2022
성북구,10300,돈암동,6.0,20220702,월세,84.98,10000,150,2005.0,아파트,2022
성북구,10300,돈암동,8.0,20220702,월세,84.98,15000,130,2005.0,아파트,2022
성북구,13500,종암동,,20220702,월세,23.13,1000,73,2019.0,단독다가구,2022
성북구,13600,하월곡동,2.0,20220702,월세,18.02,1000,58,2020.0,오피스텔,2022
성북구,12100,안암동1가,,20220702,월세,21.0,1000,50,2016.0,단독다가구,2022
성북구,13500,종암동,13.0,20220702,월세,59.86,5000,110,1999.0,아파트,2022
성북구,12200,안암동2가,,20220702,월세,24.5,1000,55,2017.0,단독다가구,2022
성북구,13400,길음동,12.0,20220702,월세,84.93,30000,100,2019.0,아파트,2022
성북구,13900,석관동,12.0,20220703,월세,84.9,10000,130,1998.0,아파트,2022
성북구,12200,안암동2가,,20220703,월세,42.09,10000,40,1995.0,단독다가구,2022
성북구,12500,안암동5가,,20220703,월세,40.23,500,50,1994.0,단독다가구,2022
성북구,13800,장위동,,20220703,월세,59.4,2000,30,1991.0,단독다가구,2022
성북구,12500,안암동5가,,20220703,월세,17.0,500,45,1998.0,단독다가구,2022
성북구,11800,동선동3가,,20220703,월세,20.0,1000,53,2019.0,단독다가구,2022
성북구,13300,정릉동,,20220703,월세,16.0,2000,50,2018.0,단독다가구,2022
성북구,11600,동선동1가,,20220703,월세,18.0,5000,30,2010.0,단독다가구,2022
성북구,12900,보문동7가,,20220703,월세,15.0,1000,40,1967.0,단독다가구,2022
성북구,13500,종암동,,20220703,월세,17.76,4000,15,2011.0,단독다가구,2022
성북구,13400,길음동,6.0,20220703,월세,59.94,7000,90,1998.0,아파트,2022
성북구,13300,정릉동,1.0,20220703,월세,59.96,5000,90,2008.0,아파트,2022
성북구,13500,종암동,13.0,20220704,월세,59.98,5000,120,2011.0,아파트,2022
성북구,13300,정릉동,9.0,20220704,월세,84.99,25000,65,2006.0,아파트,2022
성북구,13300,정릉동,4.0,20220704,월세,59.98,3000,100,2008.0,아파트,2022
성북구,13500,종암동,4.0,20220704,월세,59.92,42000,6,2009.0,아파트,2022
성북구,13300,정릉동,2.0,20220704,월세,75.05,15000,18,2003.0,연립다세대,2022
성북구,13500,종암동,,20220704,월세,25.0,500,25,1966.0,단독다가구,2022
성북구,13000,보문동1가,,20220704,월세,30.0,1000,60,,단독다가구,2022
성북구,12200,안암동2가,,20220704,월세,21.0,2000,40,1997.0,단독다가구,2022
성북구,11800,동선동3가,,20220704,월세,21.0,1000,50,2011.0,단독다가구,2022
성북구,11700,동선동2가,,20220704,월세,24.0,500,40,1996.0,단독다가구,2022
성북구,13500,종암동,,20220704,월세,30.53,1000,40,2002.0,단독다가구,2022
성북구,13900,석관동,1.0,20220704,월세,62.21,1000,40,1990.0,연립다세대,2022
성북구,13800,장위동,3.0,20220704,월세,59.35,50000,30,2017.0,아파트,2022
성북구,13600,하월곡동,4.0,20220704,월세,59.65,3000,100,2010.0,아파트,2022
성북구,13400,길음동,2.0,20220704,월세,33.28,2847,24,2010.0,아파트,2022
성북구,13300,정릉동,,20220704,월세,43.0,500,55,1984.0,단독다가구,2022
성북구,11300,삼선동3가,11.0,20220704,월세,35.58,2012,20,2008.0,아파트,2022
성북구,12800,보문동6가,,20220704,월세,34.62,500,40,1993.0,단독다가구,2022
성북구,13500,종암동,,20220704,월세,12.0,500,43,2019.0,단독다가구,2022
성북구,13500,종암동,,20220704,월세,16.5,1000,45,2019.0,단독다가구,2022
성북구,13300,정릉동,,20220704,월세,16.5,1000,45,2018.0,단독다가구,2022
성북구,13900,석관동,,20220704,월세,15.0,300,40,2017.0,단독다가구,2022
성북구,12100,안암동1가,,20220704,월세,86.28,12000,60,1993.0,단독다가구,2022
성북구,13800,장위동,,20220704,월세,58.0,800,45,1994.0,단독다가구,2022
성북구,13300,정릉동,2.0,20220704,월세,60.28,2000,60,2009.0,연립다세대,2022
성북구,10300,돈암동,3.0,20220704,월세,83.79,5000,30,1991.0,연립다세대,2022
성북구,10200,성북동1가,,20220705,월세,67.88,5000,100,2014.0,단독다가구,2022
성북구,13500,종암동,5.0,20220705,월세,70.48,8000,35,2006.0,연립다세대,2022
성북구,13700,상월곡동,,20220705,월세,60.38,4000,60,1995.0,단독다가구,2022
성북구,13900,석관동,,20220705,월세,56.97,1000,70,2018.0,단독다가구,2022
성북구,13500,종암동,,20220705,월세,30.0,2000,50,2004.0,단독다가구,2022
성북구,13900,석관동,12.0,20220705,월세,84.98,40000,100,2019.0,아파트,2022
성북구,13900,석관동,,20220705,월세,40.43,1000,40,1993.0,단독다가구,2022
성북구,13900,석관동,,20220705,월세,30.0,500,45,1992.0,단독다가구,2022
성북구,13600,하월곡동,13.0,20220705,월세,59.86,15000,90,2003.0,아파트,2022
성북구,12800,보문동6가,,20220705,월세,27.35,1000,30,1992.0,단독다가구,2022
성북구,13500,종암동,4.0,20220705,월세,84.97,50000,50,2010.0,아파트,2022
성북구,13500,종암동,-1.0,20220705,월세,36.45,2000,60,1986.0,연립다세대,2022
성북구,13800,장위동,3.0,20220705,월세,84.69,28000,30,2002.0,아파트,2022
성북구,13400,길음동,12.0,20220705,월세,32.36,1098,27,2010.0,아파트,2022
성북구,13300,정릉동,11.0,20220705,월세,43.11,7100,50,2001.0,아파트,2022
성북구,13800,장위동,,20220705,월세,18.0,500,30,1958.0,단독다가구,2022
성북구,12200,안암동2가,,20220705,월세,19.8,1000,50,1991.0,단독다가구,2022
성북구,12800,보문동6가,8.0,20220705,월세,84.99,1000,80,2017.0,아파트,2022
성북구,13300,정릉동,,20220705,월세,20.0,300,42,1993.0,단독다가구,2022
성북구,12500,안암동5가,,20220705,월세,20.0,500,53,2009.0,단독다가구,2022
성북구,11300,삼선동3가,8.0,20220705,월세,35.58,2012,20,2008.0,아파트,2022
성북구,10300,돈암동,13.0,20220705,월세,59.79,14000,49,1998.0,아파트,2022
성북구,13500,종암동,11.0,20220705,월세,84.95,10000,150,2004.0,아파트,2022
성북구,11200,삼선동2가,7.0,20220705,월세,84.83,10000,180,2009.0,아파트,2022
성북구,13600,하월곡동,,20220705,월세,15.0,3000,50,2019.0,단독다가구,2022
성북구,13700,상월곡동,,20220705,월세,18.0,1000,37,2016.0,단독다가구,2022
성북구,11800,동선동3가,,20220705,월세,97.2,10000,60,1992.0,단독다가구,2022
성북구,13300,정릉동,,20220705,월세,13.0,1000,50,2017.0,단독다가구,2022
성북구,13600,하월곡동,,20220705,월세,40.0,500,30,1967.0,단독다가구,2022
성북구,10700,동소문동4가,1.0,20220705,월세,58.59,27000,30,1998.0,아파트,2022
성북구,11400,삼선동4가,,20220705,월세,37.5,15000,20,1996.0,단독다가구,2022
성북구,12400,안암동4가,,20220705,월세,36.3,1000,80,1999.0,단독다가구,2022
성북구,13800,장위동,,20220705,월세,37.0,550,30,1995.0,단독다가구,2022
성북구,12800,보문동6가,,20220706,월세,33.0,1000,55,1992.0,단독다가구,2022
성북구,13300,정릉동,,20220706,월세,40.0,500,40,1993.0,단독다가구,2022
성북구,12000,동선동5가,,20220706,월세,60.95,10000,9,1995.0,단독다가구,2022
성북구,13900,석관동,,20220706,월세,50.0,2000,50,1991.0,단독다가구,2022
성북구,12700,보문동5가,,20220706,월세,24.33,500,35,1992.0,단독다가구,2022
성북구,12100,안암동1가,,20220706,월세,24.36,500,40,1992.0,단독다가구,2022
성북구,13800,장위동,,20220706,월세,25.38,13000,7,1989.0,단독다가구,2022
성북구,13700,상월곡동,6.0,20220706,월세,59.95,10000,100,2003.0,아파트,2022
성북구,13300,정릉동,,20220706,월세,24.0,1000,45,2004.0,단독다가구,2022
성북구,13800,장위동,3.0,20220706,월세,40.25,1872,24,2019.0,연립다세대,2022
성북구,13900,석관동,2.0,20220706,월세,84.98,1000,50,2019.0,아파트,2022
성북구,11800,동선동3가,,20220706,월세,30.0,1000,60,1998.0,단독다가구,2022
성북구,13400,길음동,7.0,20220706,월세,111.71,40000,10,1998.0,아파트,2022
성북구,13400,길음동,15.0,20220706,월세,59.99,5000,160,2005.0,아파트,2022
성북구,13400,길음동,14.0,20220706,월세,59.94,2000,100,1998.0,아파트,2022
성북구,13400,길음동,7.0,20220706,월세,84.96,20000,150,2010.0,아파트,2022
성북구,13300,정릉동,2.0,20220706,월세,46.95,1000,60,2018.0,연립다세대,2022
성북구,11500,삼선동5가,1.0,20220706,월세,44.46,4000,50,2012.0,연립다세대,2022
성북구,13800,장위동,5.0,20220706,월세,55.69,1376,33,2019.0,연립다세대,2022
성북구,13900,석관동,,20220706,월세,19.8,500,50,2018.0,단독다가구,2022
성북구,13700,상월곡동,,20220706,월세,16.63,500,35,2016.0,단독다가구,2022
성북구,12500,안암동5가,,20220706,월세,16.5,1000,50,,단독다가구,2022
성북구,13900,석관동,,20220706,월세,16.5,300,30,2011.0,단독다가구,2022
성북구,13600,하월곡동,,20220706,월세,17.0,3000,40,2017.0,단독다가구,2022
성북구,11200,삼선동2가,,20220707,월세,23.0,500,40,1997.0,단독다가구,2022
성북구,12100,안암동1가,,20220707,월세,16.5,500,35,1988.0,단독다가구,2022
성북구,11900,동선동4가,,20220707,월세,19.82,10000,30,1994.0,단독다가구,2022
성북구,13700,상월곡동,,20220707,월세,18.0,1000,40,2013.0,단독다가구,2022
성북구,12500,안암동5가,,20220707,월세,16.5,300,35,1997.0,단독다가구,2022
성북구,13800,장위동,,20220707,월세,82.88,3000,80,1991.0,단독다가구,2022
성북구,13300,정릉동,,20220707,월세,49.34,10000,20,1992.0,단독다가구,2022
성북구,13900,석관동,,20220707,월세,64.04,2000,75,1993.0,단독다가구,2022
성북구,13900,석관동,,20220707,월세,77.04,3000,70,1994.0,단독다가구,2022
성북구,13300,정릉동,,20220707,월세,51.57,1000,60,1966.0,단독다가구,2022
성북구,13900,석관동,,20220707,월세,50.0,2000,55,1973.0,단독다가구,2022
성북구,11100,삼선동1가,,20220707,월세,50.0,1000,80,,단독다가구,2022
성북구,13900,석관동,,20220707,월세,48.39,4000,45,1993.0,단독다가구,2022
성북구,13800,장위동,9.0,20220707,월세,18.03,6570,35,2019.0,오피스텔,2022
성북구,11400,삼선동4가,2.0,20220707,월세,26.64,500,50,2012.0,연립다세대,2022
성북구,13800,장위동,14.0,20220707,월세,84.98,35000,93,2021.0,아파트,2022
성북구,11300,삼선동3가,2.0,20220707,월세,31.55,3000,52,2003.0,연립다세대,2022
성북구,13500,종암동,,20220707,월세,14.0,200,42,1997.0,단독다가구,2022
성북구,13300,정릉동,,20220707,월세,12.0,1000,40,2011.0,단독다가구,2022
성북구,13500,종암동,,20220707,월세,13.0,1000,45,2007.0,단독다가구,2022
성북구,13300,정릉동,3.0,20220707,월세,84.09,24000,80,2005.0,아파트,2022
성북구,13600,하월곡동,4.0,20220707,월세,59.65,0,160,2010.0,아파트,2022
성북구,13500,종암동,2.0,20220707,월세,114.75,1000,70,2000.0,아파트,2022
성북구,13500,종암동,2.0,20220707,월세,22.84,2000,65,2018.0,연립다세대,2022
성북구,13900,석관동,2.0,20220708,월세,18.7,500,45,2011.0,연립다세대,2022
성북구,13100,보문동2가,2.0,20220708,월세,21.53,13500,2,2015.0,연립다세대,2022
성북구,10300,돈암동,12.0,20220708,월세,114.93,40000,80,1998.0,아파트,2022
성북구,10900,동소문동6가,9.0,20220708,월세,13.27,6000,28,2013.0,아파트,2022
성북구,13800,장위동,29.0,20220708,월세,59.49,10000,165,2020.0,아파트,2022
성북구,13400,길음동,9.0,20220708,월세,30.61,1723,16,2005.0,아파트,2022
성북구,12300,안암동3가,,20220708,월세,18.0,500,50,2019.0,단독다가구,2022
성북구,13300,정릉동,,20220708,월세,40.0,500,32,1994.0,단독다가구,2022
성북구,13500,종암동,,20220708,월세,21.7,500,45,2017.0,단독다가구,2022
성북구,11200,삼선동2가,,20220708,월세,23.1,500,35,1996.0,단독다가구,2022
성북구,13900,석관동,,20220708,월세,40.77,10530,32,,단독다가구,2022
성북구,12700,보문동5가,,20220708,월세,16.5,500,29,2018.0,단독다가구,2022
성북구,12900,보문동7가,,20220708,월세,35.0,1000,50,1995.0,단독다가구,2022
성북구,11500,삼선동5가,,20220708,월세,33.9,2000,60,1993.0,단독다가구,2022
성북구,11500,삼선동5가,,20220708,월세,18.0,500,40,2001.0,단독다가구,2022
성북구,13800,장위동,,20220708,월세,17.0,500,40,1970.0,단독다가구,2022
성북구,13400,길음동,,20220708,월세,35.9,1000,40,1994.0,단독다가구,2022
성북구,11900,동선동4가,,20220708,월세,15.66,1000,45,2011.0,단독다가구,2022
성북구,13500,종암동,,20220708,월세,19.5,300,45,1996.0,단독다가구,2022
성북구,13100,보문동2가,,20220708,월세,27.36,500,28,2022.0,단독다가구,2022
성북구,13800,장위동,2.0,20220708,월세,41.08,10000,35,2020.0,연립다세대,2022
성북구,10200,성북동1가,,20220708,월세,78.07,20000,50,1992.0,단독다가구,2022
성북구,10300,돈암동,2.0,20220708,월세,51.47,2000,30,1981.0,아파트,2022
성북구,12000,동선동5가,,20220708,월세,51.79,12000,25,1992.0,단독다가구,2022
성북구,13400,길음동,,20220708,월세,74.63,2000,50,1995.0,단독다가구,2022
성북구,13900,석관동,5.0,20220708,월세,40.77,10530,32,2003.0,연립다세대,2022
성북구,10300,돈암동,1.0,20220708,월세,59.58,3000,120,1998.0,아파트,2022
성북구,13900,석관동,2.0,20220708,월세,29.79,18000,9,2016.0,연립다세대,2022
성북구,13300,정릉동,16.0,20220708,월세,84.24,29000,60,2005.0,아파트,2022
성북구,13200,보문동3가,4.0,20220708,월세,84.9,25000,77,2013.0,아파트,2022
성북구,13800,장위동,11.0,20220708,월세,14.71,1000,55,2019.0,아파트,2022
성북구,13300,정릉동,10.0,20220708,월세,32.76,1470,15,2005.0,아파트,2022
성북구,13300,정릉동,10.0,20220708,월세,32.76,588,17,2005.0,아파트,2022
성북구,13700,상월곡동,13.0,20220708,월세,59.95,20000,45,2003.0,아파트,2022
성북구,13600,하월곡동,1.0,20220708,월세,84.59,33000,42,2006.0,아파트,2022
성북구,13800,장위동,26.0,20220709,월세,84.97,10500,179,2021.0,아파트,2022
성북구,13800,장위동,13.0,20220709,월세,84.98,42000,74,2021.0,아파트,2022
성북구,13800,장위동,,20220709,월세,41.23,1500,35,1990.0,단독다가구,2022
성북구,10100,성북동,,20220709,월세,44.52,3000,40,1996.0,단독다가구,2022
성북구,13400,길음동,1.0,20220709,월세,59.78,20000,150,2022.0,아파트,2022
성북구,13500,종암동,6.0,20220709,월세,84.95,10000,100,2004.0,아파트,2022
성북구,13400,길음동,16.0,20220709,월세,59.99,20000,100,2003.0,아파트,2022
성북구,13300,정릉동,,20220709,월세,13.0,1000,45,2014.0,단독다가구,2022
성북구,13300,정릉동,,20220709,월세,23.14,1000,55,2002.0,단독다가구,2022
성북구,13300,정릉동,,20220709,월세,22.6,500,55,2018.0,단독다가구,2022
성북구,13900,석관동,,20220709,월세,30.0,500,35,1993.0,단독다가구,2022
성북구,10300,돈암동,,20220709,월세,30.0,500,25,,단독다가구,2022
성북구,13600,하월곡동,,20220709,월세,30.0,100,40,1998.0,단독다가구,2022
성북구,13800,장위동,15.0,20220709,월세,84.84,30000,90,2008.0,아파트,2022
성북구,11200,삼선동2가,10.0,20220709,월세,84.83,12000,150,2008.0,아파트,2022
성북구,11900,동선동4가,,20220709,월세,24.0,2000,85,2018.0,단독다가구,2022
성북구,13400,길음동,13.0,20220709,월세,59.37,40000,15,2007.0,아파트,2022
성북구,13800,장위동,,20220709,월세,27.27,6000,5,1958.0,단독다가구,2022
성북구,12500,안암동5가,,20220709,월세,20.0,500,30,1997.0,단독다가구,2022
성북구,11900,동선동4가,,20220709,월세,19.0,1000,40,2011.0,단독다가구,2022
성북구,11100,삼선동1가,,20220709,월세,33.0,1000,60,1995.0,단독다가구,2022
성북구,12000,동선동5가,,20220709,월세,33.0,1000,50,1995.0,단독다가구,2022
성북구,12000,동선동5가,,20220709,월세,18.0,1000,37,2010.0,단독다가구,2022
성북구,13700,상월곡동,,20220709,월세,40.2,500,45,1993.0,단독다가구,2022
성북구,13900,석관동,,20220709,월세,16.17,1000,45,2017.0,단독다가구,2022
성북구,13300,정릉동,,20220709,월세,40.0,4700,35,1991.0,단독다가구,2022
성북구,13800,장위동,,20220709,월세,19.8,300,30,1993.0,단독다가구,2022
성북구,11800,동선동3가,,20220709,월세,20.0,1000,50,2012.0,단독다가구,2022
성북구,13500,종암동,,20220709,월세,38.1,5000,30,1994.0,단독다가구,2022
성북구,13300,정릉동,,20220709,월세,15.0,400,50,,단독다가구,2022
성북구,13300,정릉동,,20220709,월세,40.0,500,32,1994.0,단독다가구,2022
성북구,13300,정릉동,,20220709,월세,20.0,1000,50,2018.0,단독다가구,2022
성북구,11700,동선동2가,,20220709,월세,20.0,500,50,2010.0,단독다가구,2022
성북구,13000,보문동1가,,20220709,월세,19.8,1000,40,2012.0,단독다가구,2022
성북구,10300,돈암동,8.0,20220709,월세,59.99,5000,145,2004.0,아파트,2022
성북구,11500,삼선동5가,,20220709,월세,20.0,3000,50,2017.0,단독다가구,2022
성북구,10300,돈암동,8.0,20220709,월세,59.58,3000,105,1998.0,아파트,2022
성북구,10300,돈암동,17.0,20220709,월세,68.13,2000,145,1998.0,아파트,2022
성북구,13500,종암동,4.0,20220709,월세,58.86,3000,110,2018.0,연립다세대,2022
성북구,11500,삼선동5가,,20220709,월세,63.72,5000,75,1993.0,단독다가구,2022
성북구,12200,안암동2가,,20220709,월세,65.28,5000,75,1997.0,단독다가구,2022
성북구,12700,보문동5가,,20220709,월세,59.92,10000,50,1996.0,단독다가구,2022
성북구,13600,하월곡동,,20220709,월세,52.56,10000,30,1997.0,단독다가구,2022
성북구,11400,삼선동4가,4.0,20220709,월세,25.04,15000,45,2019.0,연립다세대,2022
성북구,11100,삼선동1가,,20220709,월세,71.28,25000,15,1997.0,단독다가구,2022
성북구,11300,삼선동3가,,20220709,월세,49.52,1000,50,1996.0,단독다가구,2022
성북구,13700,상월곡동,,20220709,월세,78.46,1500,55,1991.0,단독다가구,2022
성북구,13300,정릉동,,20220709,월세,90.72,2000,80,1991.0,단독다가구,2022
성북구,10900,동소문동6가,,20220709,월세,80.06,2000,60,1994.0,단독다가구,2022
성북구,13600,하월곡동,1.0,20220709,월세,14.32,500,40,2013.0,연립다세대,2022
성북구,10300,돈암동,2.0,20220710,월세,21.32,300,20,1965.0,연립다세대,2022
성북구,13800,장위동,12.0,20220710,월세,84.84,10000,128,2008.0,아파트,2022
성북구,13400,길음동,7.0,20220710,월세,59.99,38000,60,2010.0,아파트,2022
성북구,13700,상월곡동,,20220710,월세,16.52,1000,45,2018.0,단독다가구,2022
성북구,13300,정릉동,,20220710,월세,15.0,1000,50,2017.0,단독다가구,2022
성북구,12100,안암동1가,,20220710,월세,17.0,1000,55,1993.0,단독다가구,2022
성북구,13800,장위동,,20220710,월세,50.0,14000,50,,단독다가구,2022
성북구,12200,안암동2가,,20220711,월세,13.65,1000,45,,단독다가구,2022
성북구,13500,종암동,3.0,20220711,월세,12.3,500,45,2013.0,연립다세대,2022
성북구,10300,돈암동,17.0,20220711,월세,68.13,35000,5,1998.0,아파트,2022
성북구,10100,성북동,1.0,20220711,월세,186.43,120000,19,2010.0,연립다세대,2022
성북구,13300,정릉동,18.0,20220711,월세,59.98,10000,59,2004.0,아파트,2022
성북구,13300,정릉동,,20220711,월세,41.42,1000,40,1994.0,단독다가구,2022
성북구,13800,장위동,7.0,20220711,월세,39.0,11756,43,2020.0,아파트,2022
성북구,13800,장위동,2.0,20220711,월세,39.0,11756,43,2020.0,아파트,2022
성북구,13800,장위동,1.0,20220711,월세,39.0,11168,41,2020.0,아파트,2022
성북구,13800,장위동,9.0,20220711,월세,39.0,12808,33,2020.0,아파트,2022
성북구,13800,장위동,4.0,20220711,월세,39.0,11168,41,2020.0,아파트,2022
성북구,13800,장위동,4.0,20220711,월세,39.0,12808,33,2020.0,아파트,2022
성북구,13800,장위동,7.0,20220711,월세,39.0,9404,48,2020.0,아파트,2022
성북구,13800,장위동,4.0,20220711,월세,39.0,8934,46,2020.0,아파트,2022
성북구,13800,장위동,2.0,20220711,월세,39.0,13480,34,2020.0,아파트,2022
성북구,13800,장위동,8.0,20220711,월세,40.47,12073,44,2020.0,아파트,2022
성북구,13800,장위동,24.0,20220711,월세,59.1,10000,170,2020.0,아파트,2022
성북구,13800,장위동,2.0,20220711,월세,64.89,5000,70,2002.0,연립다세대,2022
성북구,13800,장위동,9.0,20220711,월세,39.0,11168,41,2020.0,아파트,2022
성북구,10300,돈암동,6.0,20220711,월세,143.13,20000,150,2013.0,아파트,2022
성북구,11900,동선동4가,,20220711,월세,16.0,500,40,2010.0,단독다가구,2022
성북구,13200,보문동3가,2.0,20220711,월세,116.72,25000,124,2013.0,아파트,2022
성북구,13500,종암동,16.0,20220711,월세,59.04,4000,138,1999.0,아파트,2022
성북구,11700,동선동2가,,20220711,월세,20.0,1000,40,2010.0,단독다가구,2022
성북구,13300,정릉동,,20220711,월세,18.0,1000,50,2016.0,단독다가구,2022
성북구,11700,동선동2가,,20220711,월세,20.0,500,45,2010.0,단독다가구,2022
성북구,13500,종암동,,20220711,월세,17.0,500,45,2017.0,단독다가구,2022
성북구,13500,종암동,2.0,20220711,월세,46.47,1470,51,2018.0,연립다세대,2022
성북구,13500,종암동,2.0,20220711,월세,44.78,1417,49,2018.0,연립다세대,2022
성북구,11900,동선동4가,8.0,20220711,월세,18.89,1000,65,2017.0,오피스텔,2022
성북구,10400,동소문동1가,,20220711,월세,23.0,2000,47,1997.0,단독다가구,2022
성북구,13300,정릉동,2.0,20220711,월세,58.48,725,35,2021.0,연립다세대,2022
성북구,13900,석관동,,20220711,월세,77.04,3000,70,1994.0,단독다가구,2022
성북구,13300,정릉동,,20220711,월세,49.34,7700,10,1992.0,단독다가구,2022
성북구,12500,안암동5가,,20220711,월세,49.5,300,45,1991.0,단독다가구,2022
성북구,13800,장위동,14.0,20220711,월세,39.71,19300,28,2020.0,아파트,2022
성북구,13300,정릉동,,20220711,월세,52.0,2000,60,1997.0,단독다가구,2022
성북구,13100,보문동2가,,20220711,월세,53.79,11000,30,1995.0,단독다가구,2022
성북구,13500,종암동,,20220711,월세,51.49,12000,10,1995.0,단독다가구,2022
성북구,13500,종암동,,20220711,월세,51.49,12000,19,1995.0,단독다가구,2022
성북구,13800,장위동,,20220711,월세,49.05,12500,5,1983.0,단독다가구,2022
성북구,10500,동소문동2가,,20220711,월세,49.02,1000,40,1992.0,단독다가구,2022
성북구,12000,동선동5가,,20220711,월세,52.21,1000,55,1997.0,단독다가구,2022
성북구,11700,동선동2가,,20220711,월세,141.8,1000,60,1994.0,단독다가구,2022
성북구,12400,안암동4가,3.0,20220712,월세,12.68,1000,50,2011.0,연립다세대,2022
성북구,13900,석관동,,20220712,월세,206.48,3000,65,1974.0,단독다가구,2022
성북구,13600,하월곡동,17.0,20220712,월세,33.35,3815,6,2008.0,아파트,2022
성북구,11200,삼선동2가,,20220712,월세,40.65,1000,75,1989.0,단독다가구,2022
성북구,12400,안암동4가,,20220712,월세,42.62,1000,40,1997.0,단독다가구,2022
성북구,12400,안암동4가,,20220712,월세,42.62,4000,30,1997.0,단독다가구,2022
성북구,13900,석관동,3.0,20220712,월세,58.56,21728,24,2021.0,연립다세대,2022
성북구,13400,길음동,5.0,20220712,월세,84.77,10000,230,2022.0,아파트,2022
성북구,10500,동소문동2가,,20220712,월세,53.35,2000,80,1991.0,단독다가구,2022
성북구,13300,정릉동,2.0,20220712,월세,26.39,11272,5,2020.0,연립다세대,2022
성북구,13300,정릉동,2.0,20220712,월세,26.39,7480,24,2020.0,연립다세대,2022
성북구,13800,장위동,12.0,20220712,월세,59.92,20000,125,2021.0,아파트,2022
성북구,13400,길음동,9.0,20220712,월세,32.36,2747,23,2010.0,아파트,2022
성북구,13800,장위동,3.0,20220712,월세,39.0,11168,41,2020.0,아파트,2022
성북구,13900,석관동,,20220712,월세,30.0,500,30,1993.0,단독다가구,2022
성북구,11100,삼선동1가,,20220712,월세,30.0,2000,60,1995.0,단독다가구,2022
성북구,13600,하월곡동,,20220712,월세,30.0,500,35,1990.0,단독다가구,2022
성북구,13600,하월곡동,,20220712,월세,30.0,3000,15,1992.0,단독다가구,2022
성북구,10300,돈암동,14.0,20220712,월세,32.49,873,13,1999.0,아파트,2022
성북구,10300,돈암동,15.0,20220712,월세,32.23,1039,14,1999.0,아파트,2022
성북구,12200,안암동2가,,20220712,월세,25.0,2000,52,2008.0,단독다가구,2022
성북구,13500,종암동,15.0,20220712,월세,59.97,40000,30,2009.0,아파트,2022
성북구,13900,석관동,,20220712,월세,28.0,500,33,1986.0,단독다가구,2022
성북구,11500,삼선동5가,,20220712,월세,16.5,500,40,2010.0,단독다가구,2022
성북구,13900,석관동,,20220712,월세,15.0,500,45,2018.0,단독다가구,2022
성북구,10300,돈암동,,20220712,월세,19.0,100,40,2010.0,단독다가구,2022
성북구,12400,안암동4가,,20220712,월세,20.0,3000,50,2020.0,단독다가구,2022
성북구,13900,석관동,,20220712,월세,16.61,1000,50,2018.0,단독다가구,2022
성북구,13600,하월곡동,,20220713,월세,18.0,500,40,2012.0,단독다가구,2022
성북구,10700,동소문동4가,,20220713,월세,18.0,500,25,1992.0,단독다가구,2022
성북구,11100,삼선동1가,1.0,20220713,월세,44.4,16000,15,2003.0,연립다세대,2022
성북구,13500,종암동,3.0,20220713,월세,42.76,3000,68,2015.0,연립다세대,2022
성북구,13900,석관동,,20220713,월세,14.05,1000,39,2016.0,단독다가구,2022
성북구,13800,장위동,,20220713,월세,12.14,200,19,,단독다가구,2022
성북구,12000,동선동5가,,20220713,월세,32.65,1000,70,1987.0,단독다가구,2022
성북구,12800,보문동6가,,20220713,월세,34.89,2000,30,1992.0,단독다가구,2022
성북구,11500,삼선동5가,,20220713,월세,31.48,500,50,1997.0,단독다가구,2022
성북구,13300,정릉동,,20220713,월세,34.01,5000,30,1991.0,단독다가구,2022
성북구,12000,동선동5가,,20220713,월세,35.68,1000,50,1987.0,단독다가구,2022
성북구,11300,삼선동3가,,20220713,월세,37.0,5000,45,1994.0,단독다가구,2022
성북구,13400,길음동,,20220713,월세,30.0,2000,60,1967.0,단독다가구,2022
성북구,13000,보문동1가,,20220713,월세,23.1,4000,15,1994.0,단독다가구,2022
성북구,13300,정릉동,,20220713,월세,60.0,3000,70,1993.0,단독다가구,2022
성북구,13800,장위동,,20220713,월세,49.37,1000,50,1997.0,단독다가구,2022
성북구,13500,종암동,,20220713,월세,49.0,300,50,1994.0,단독다가구,2022
성북구,13400,길음동,4.0,20220713,월세,84.77,40000,130,2022.0,아파트,2022
성북구,13500,종암동,27.0,20220713,월세,84.72,5000,150,1999.0,아파트,2022
성북구,13800,장위동,2.0,20220713,월세,59.99,50000,50,2020.0,아파트,2022
성북구,13300,정릉동,1.0,20220713,월세,19.7,4605,6,2020.0,연립다세대,2022
성북구,13400,길음동,2.0,20220713,월세,34.88,3440,7,2003.0,아파트,2022
성북구,13400,길음동,2.0,20220713,월세,114.73,10000,230,2005.0,아파트,2022
성북구,13400,길음동,16.0,20220714,월세,34.88,3440,7,2003.0,아파트,2022
성북구,10300,돈암동,17.0,20220714,월세,34.61,2525,14,2016.0,아파트,2022
성북구,13400,길음동,6.0,20220714,월세,30.88,2234,25,2008.0,아파트,2022
성북구,13400,길음동,16.0,20220714,월세,34.88,1512,18,2003.0,아파트,2022
성북구,10300,돈암동,17.0,20220714,월세,34.61,4018,6,2016.0,아파트,2022
성북구,13800,장위동,8.0,20220714,월세,40.47,2672,16,2020.0,아파트,2022
성북구,13400,길음동,6.0,20220714,월세,30.88,4882,10,2008.0,아파트,2022
성북구,13400,길음동,8.0,20220714,월세,30.15,1370,13,2005.0,아파트,2022
성북구,13400,길음동,9.0,20220714,월세,30.15,2772,5,2005.0,아파트,2022
성북구,13400,길음동,4.0,20220714,월세,59.91,50000,8,2010.0,아파트,2022
성북구,13800,장위동,18.0,20220714,월세,40.47,2672,16,2020.0,아파트,2022
성북구,13400,길음동,13.0,20220714,월세,30.15,1370,13,2005.0,아파트,2022
성북구,13300,정릉동,14.0,20220714,월세,32.76,1470,15,2005.0,아파트,2022
성북구,13400,길음동,2.0,20220714,월세,33.99,2928,24,2010.0,아파트,2022
성북구,13300,정릉동,7.0,20220714,월세,32.76,1470,15,2005.0,아파트,2022
성북구,13300,정릉동,6.0,20220714,월세,32.76,1470,15,2005.0,아파트,2022
성북구,13300,정릉동,2.0,20220714,월세,32.76,1470,15,2005.0,아파트,2022
성북구,13300,정릉동,14.0,20220714,월세,32.76,3078,6,2005.0,아파트,2022
성북구,13300,정릉동,10.0,20220714,월세,32.76,588,17,2005.0,아파트,2022
성북구,13300,정릉동,4.0,20220714,월세,32.76,1470,15,2005.0,아파트,2022
성북구,13300,정릉동,4.0,20220714,월세,32.76,3078,6,2005.0,아파트,2022
성북구,13300,정릉동,6.0,20220714,월세,32.76,3078,6,2005.0,아파트,2022
성북구,13400,길음동,5.0,20220714,월세,34.88,3440,7,2003.0,아파트,2022
성북구,13400,길음동,13.0,20220714,월세,30.15,2772,5,2005.0,아파트,2022
성북구,13800,장위동,18.0,20220714,월세,40.47,4366,6,2020.0,아파트,2022
성북구,13800,장위동,8.0,20220714,월세,40.47,3572,11,2020.0,아파트,2022
성북구,13800,장위동,5.0,20220714,월세,40.47,2672,16,2020.0,아파트,2022
성북구,13400,길음동,5.0,20220714,월세,34.88,1512,18,2003.0,아파트,2022
성북구,13400,길음동,9.0,20220714,월세,30.15,1370,13,2005.0,아파트,2022
성북구,11500,삼선동5가,5.0,20220714,월세,21.67,5000,55,2014.0,오피스텔,2022
성북구,12500,안암동5가,,20220714,월세,20.0,1000,55,1989.0,단독다가구,2022
성북구,13300,정릉동,,20220714,월세,15.0,1000,30,2021.0,단독다가구,2022
성북구,10700,동소문동4가,7.0,20220714,월세,73.54,12000,60,2006.0,오피스텔,2022
성북구,13500,종암동,2.0,20220714,월세,47.72,5000,100,2014.0,연립다세대,2022
성북구,12100,안암동1가,,20220714,월세,33.5,500,50,1991.0,단독다가구,2022
성북구,13300,정릉동,,20220714,월세,32.01,4000,20,1992.0,단독다가구,2022
성북구,11700,동선동2가,,20220714,월세,36.74,12000,30,1994.0,단독다가구,2022
성북구,13800,장위동,,20220714,월세,34.88,9500,20,1996.0,단독다가구,2022
성북구,13800,장위동,5.0,20220714,월세,51.57,4213,14,2021.0,아파트,2022
성북구,13700,상월곡동,,20220714,월세,40.0,1000,75,2018.0,단독다가구,2022
성북구,13500,종암동,,20220714,월세,26.0,300,25,1996.0,단독다가구,2022
성북구,10300,돈암동,22.0,20220714,월세,32.49,873,13,1999.0,아파트,2022
성북구,10300,돈암동,16.0,20220714,월세,32.49,873,13,1999.0,아파트,2022
성북구,13800,장위동,-1.0,20220714,월세,70.04,1000,50,1997.0,연립다세대,2022
성북구,10300,돈암동,17.0,20220714,월세,32.23,2523,6,1999.0,아파트,2022
성북구,13900,석관동,2.0,20220714,월세,17.92,1000,50,2012.0,연립다세대,2022
성북구,10300,돈암동,12.0,20220714,월세,32.23,1039,14,1999.0,아파트,2022
성북구,10300,돈암동,22.0,20220714,월세,32.49,2262,5,1999.0,아파트,2022
성북구,13600,하월곡동,,20220714,월세,30.0,1000,35,1993.0,단독다가구,2022
성북구,10300,돈암동,11.0,20220714,월세,32.23,1039,14,1999.0,아파트,2022
성북구,10300,돈암동,9.0,20220714,월세,32.23,2523,6,1999.0,아파트,2022
성북구,10300,돈암동,11.0,20220714,월세,32.23,2523,6,1999.0,아파트,2022
성북구,11900,동선동4가,,20220714,월세,30.2,1000,40,1995.0,단독다가구,2022
성북구,10300,돈암동,17.0,20220714,월세,32.23,1039,14,1999.0,아파트,2022
성북구,13500,종암동,12.0,20220714,월세,31.05,2321,21,2011.0,아파트,2022
성북구,10900,동소문동6가,,20220714,월세,49.7,1000,70,1992.0,단독다가구,2022
성북구,13600,하월곡동,,20220714,월세,50.08,12000,20,1993.0,단독다가구,2022
성북구,13900,석관동,,20220714,월세,58.9,2000,50,2002.0,단독다가구,2022
성북구,11200,삼선동2가,,20220714,월세,65.12,13000,50,1996.0,단독다가구,2022
성북구,12700,보문동5가,,20220714,월세,57.57,3000,50,1996.0,단독다가구,2022
성북구,13800,장위동,-1.0,20220714,월세,37.7,500,35,1996.0,연립다세대,2022
성북구,13300,정릉동,1.0,20220715,월세,49.92,500,95,1983.0,연립다세대,2022
성북구,13400,길음동,16.0,20220715,월세,59.99,5000,125,2010.0,아파트,2022
성북구,13400,길음동,15.0,20220715,월세,34.88,604,20,2003.0,아파트,2022
성북구,13400,길음동,15.0,20220715,월세,34.88,1512,18,2003.0,아파트,2022
성북구,13400,길음동,3.0,20220715,월세,84.97,26000,95,2005.0,아파트,2022
성북구,13400,길음동,3.0,20220715,월세,84.97,38000,60,2005.0,아파트,2022
성북구,13500,종암동,3.0,20220715,월세,59.67,6000,100,2000.0,아파트,2022
성북구,13400,길음동,21.0,20220715,월세,114.98,44000,68,2010.0,아파트,2022
성북구,13900,석관동,,20220715,월세,46.04,5000,40,1993.0,단독다가구,2022
성북구,13300,정릉동,,20220715,월세,15.0,500,50,2018.0,단독다가구,2022
성북구,13300,정릉동,,20220715,월세,15.0,1000,40,2021.0,단독다가구,2022
성북구,13600,하월곡동,,20220715,월세,20.0,2000,20,2013.0,단독다가구,2022
성북구,11400,삼선동4가,,20220715,월세,20.0,3000,54,2021.0,단독다가구,2022
성북구,12500,안암동5가,,20220715,월세,18.0,1000,50,1997.0,단독다가구,2022
성북구,12500,안암동5가,,20220715,월세,16.0,500,50,1992.0,단독다가구,2022
성북구,13700,상월곡동,,20220715,월세,70.47,3000,65,1990.0,단독다가구,2022
성북구,13300,정릉동,,20220715,월세,24.0,500,40,1969.0,단독다가구,2022
성북구,13600,하월곡동,,20220715,월세,58.56,3000,60,1999.0,단독다가구,2022
성북구,12200,안암동2가,,20220715,월세,53.65,4000,55,1990.0,단독다가구,2022
성북구,11800,동선동3가,,20220715,월세,21.0,1000,50,2011.0,단독다가구,2022
성북구,12500,안암동5가,,20220715,월세,26.0,5000,35,2001.0,단독다가구,2022
성북구,13600,하월곡동,,20220715,월세,30.0,1000,40,1994.0,단독다가구,2022
성북구,13800,장위동,,20220715,월세,33.66,500,30,1991.0,단독다가구,2022
성북구,13800,장위동,,20220715,월세,32.68,2000,50,1997.0,단독다가구,2022
성북구,11800,동선동3가,,20220715,월세,33.4,3000,45,1996.0,단독다가구,2022
성북구,13800,장위동,,20220715,월세,38.82,2500,30,1993.0,단독다가구,2022
성북구,13600,하월곡동,8.0,20220715,월세,12.71,5000,42,2022.0,연립다세대,2022
성북구,13500,종암동,20.0,20220715,월세,84.99,20000,130,2011.0,아파트,2022
성북구,10300,돈암동,12.0,20220715,월세,32.49,873,13,1999.0,아파트,2022
성북구,10300,돈암동,4.0,20220716,월세,56.7,10000,85,1991.0,아파트,2022
성북구,13600,하월곡동,,20220716,월세,45.5,2000,45,1993.0,단독다가구,2022
성북구,13400,길음동,9.0,20220716,월세,84.96,20000,120,2003.0,아파트,2022
성북구,13600,하월곡동,1.0,20220716,월세,84.73,20000,100,2010.0,아파트,2022
성북구,13300,정릉동,4.0,20220716,월세,73.28,28350,30,2005.0,아파트,2022
성북구,13300,정릉동,3.0,20220716,월세,91.86,5000,80,1998.0,연립다세대,2022
성북구,13300,정릉동,,20220716,월세,13.0,1000,45,2021.0,단독다가구,2022
성북구,11500,삼선동5가,8.0,20220716,월세,18.6,5000,45,2014.0,오피스텔,2022
성북구,13300,정릉동,3.0,20220716,월세,23.8,1000,50,2020.0,연립다세대,2022
성북구,13600,하월곡동,9.0,20220716,월세,79.25,46000,15,2004.0,아파트,2022
성북구,13800,장위동,11.0,20220716,월세,14.71,3000,40,2019.0,아파트,2022
성북구,13800,장위동,11.0,20220716,월세,14.71,3000,32,2019.0,아파트,2022
성북구,13800,장위동,5.0,20220716,월세,18.03,500,49,2019.0,오피스텔,2022
성북구,13900,석관동,,20220716,월세,73.64,2000,65,1965.0,단독다가구,2022
성북구,13300,정릉동,,20220716,월세,15.0,500,45,2018.0,단독다가구,2022
성북구,13900,석관동,,20220716,월세,20.0,200,20,1993.0,단독다가구,2022
성북구,13600,하월곡동,,20220716,월세,20.0,1000,65,2014.0,단독다가구,2022
성북구,13400,길음동,3.0,20220716,월세,84.13,25000,60,1998.0,아파트,2022
성북구,12100,안암동1가,,20220716,월세,19.41,300,37,1994.0,단독다가구,2022
성북구,13300,정릉동,,20220716,월세,20.0,500,55,1991.0,단독다가구,2022
성북구,13500,종암동,,20220716,월세,20.0,500,42,2017.0,단독다가구,2022
성북구,11800,동선동3가,,20220716,월세,17.0,500,35,2019.0,단독다가구,2022
성북구,13300,정릉동,,20220716,월세,15.0,100,50,2019.0,단독다가구,2022
성북구,11800,동선동3가,,20220716,월세,20.0,500,40,2008.0,단독다가구,2022
성북구,10200,성북동1가,,20220716,월세,33.0,500,50,1996.0,단독다가구,2022
성북구,13300,정릉동,,20220716,월세,30.0,2000,45,2018.0,단독다가구,2022
성북구,13100,보문동2가,,20220716,월세,30.0,5000,25,1996.0,단독다가구,2022
성북구,13600,하월곡동,,20220716,월세,30.0,1000,50,1992.0,단독다가구,2022
성북구,11100,삼선동1가,,20220716,월세,36.0,1000,60,2006.0,단독다가구,2022
성북구,12000,동선동5가,,20220716,월세,24.0,5000,5,1994.0,단독다가구,2022
성북구,12200,안암동2가,,20220716,월세,20.5,500,45,2017.0,단독다가구,2022
성북구,10500,동소문동2가,,20220716,월세,26.45,10000,30,,단독다가구,2022
성북구,10400,동소문동1가,,20220716,월세,25.96,500,25,1997.0,단독다가구,2022
성북구,10400,동소문동1가,,20220716,월세,31.8,1000,56,2001.0,단독다가구,2022
성북구,13200,보문동3가,11.0,20220716,월세,59.49,8000,155,2003.0,아파트,2022
성북구,11000,동소문동7가,1.0,20220716,월세,59.91,3499,110,2004.0,아파트,2022
성북구,11900,동선동4가,10.0,20220717,월세,24.46,1000,70,2005.0,오피스텔,2022
성북구,13400,길음동,4.0,20220717,월세,34.88,1512,18,2003.0,아파트,2022
성북구,12700,보문동5가,,20220717,월세,88.76,24000,4,1997.0,단독다가구,2022
성북구,11300,삼선동3가,4.0,20220717,월세,84.95,65000,50,2012.0,아파트,2022
성북구,13300,정릉동,,20220718,월세,18.0,1000,45,2018.0,단독다가구,2022
성북구,12000,동선동5가,,20220718,월세,16.0,300,35,2008.0,단독다가구,2022
성북구,12600,보문동4가,,20220718,월세,17.43,1000,50,2018.0,단독다가구,2022
성북구,13600,하월곡동,,20220718,월세,15.0,300,25,1969.0,단독다가구,2022
성북구,13700,상월곡동,,20220718,월세,18.18,1000,45,2017.0,단독다가구,2022
성북구,12500,안암동5가,,20220718,월세,22.0,1000,65,2016.0,단독다가구,2022
성북구,10300,돈암동,20.0,20220718,월세,32.49,873,13,1999.0,아파트,2022
성북구,13300,정릉동,,20220718,월세,30.0,1000,55,1977.0,단독다가구,2022
성북구,12500,안암동5가,,20220718,월세,26.4,1000,50,2001.0,단독다가구,2022
성북구,13900,석관동,4.0,20220718,월세,18.32,500,40,2013.0,연립다세대,2022
성북구,13800,장위동,5.0,20220718,월세,40.47,2672,16,2020.0,아파트,2022
성북구,13100,보문동2가,,20220718,월세,41.0,1000,65,1994.0,단독다가구,2022
성북구,13400,길음동,6.0,20220718,월세,30.15,2500,7,2005.0,아파트,2022
성북구,12500,안암동5가,,20220718,월세,44.52,3000,75,1993.0,단독다가구,2022
성북구,13400,길음동,6.0,20220718,월세,30.15,1370,13,2005.0,아파트,2022
성북구,11900,동선동4가,,20220718,월세,41.45,1500,70,1995.0,단독다가구,2022
성북구,13400,길음동,10.0,20220718,월세,30.88,2234,25,2008.0,아파트,2022
성북구,13400,길음동,15.0,20220718,월세,30.88,2234,25,2008.0,아파트,2022
성북구,13400,길음동,1.0,20220718,월세,30.88,4882,10,2008.0,아파트,2022
성북구,13300,정릉동,,20220718,월세,51.33,8000,20,1997.0,단독다가구,2022
성북구,13300,정릉동,,20220718,월세,47.0,500,80,1986.0,단독다가구,2022
성북구,13800,장위동,,20220718,월세,77.4,1000,50,1990.0,단독다가구,2022
성북구,13300,정릉동,4.0,20220718,월세,48.66,5000,53,2020.0,연립다세대,2022
성북구,13800,장위동,3.0,20220718,월세,23.84,1000,50,2003.0,오피스텔,2022
성북구,13500,종암동,,20220718,월세,36.0,1000,55,1993.0,단독다가구,2022
성북구,13300,정릉동,,20220718,월세,35.0,1000,55,2017.0,단독다가구,2022
성북구,13800,장위동,,20220718,월세,33.1,300,20,1989.0,단독다가구,2022
성북구,10100,성북동,,20220718,월세,39.67,2000,130,,단독다가구,2022
성북구,13500,종암동,,20220718,월세,36.1,2000,45,1994.0,단독다가구,2022
성북구,12100,안암동1가,,20220718,월세,36.14,5000,60,2012.0,단독다가구,2022
성북구,11400,삼선동4가,,20220718,월세,35.7,500,51,2001.0,단독다가구,2022
성북구,13800,장위동,,20220718,월세,32.7,5000,10,1993.0,단독다가구,2022
성북구,13300,정릉동,7.0,20220718,월세,32.76,3253,5,2005.0,아파트,2022
성북구,13300,정릉동,10.0,20220718,월세,32.76,3612,3,2005.0,아파트,2022
성북구,13300,정릉동,15.0,20220718,월세,32.76,2358,10,2005.0,아파트,2022
성북구,13300,정릉동,1.0,20220718,월세,32.76,1470,15,2005.0,아파트,2022
성북구,13300,정릉동,6.0,20220718,월세,32.76,1470,15,2005.0,아파트,2022
성북구,13300,정릉동,10.0,20220718,월세,31.22,2030,13,2015.0,아파트,2022
성북구,13800,장위동,2.0,20220718,월세,45.28,23000,20,2015.0,연립다세대,2022
성북구,13900,석관동,,20220719,월세,46.6,1000,35,1992.0,단독다가구,2022
성북구,11500,삼선동5가,,20220719,월세,46.0,2000,100,1993.0,단독다가구,2022
성북구,13500,종암동,,20220719,월세,45.0,300,25,1993.0,단독다가구,2022
성북구,13800,장위동,7.0,20220719,월세,39.34,1329,20,2006.0,아파트,2022
성북구,10100,성북동,,20220719,월세,38.0,10000,12,1997.0,단독다가구,2022
성북구,13800,장위동,,20220719,월세,40.0,500,30,1994.0,단독다가구,2022
성북구,13500,종암동,9.0,20220719,월세,30.34,1530,17,2007.0,아파트,2022
성북구,13900,석관동,,20220719,월세,35.0,200,35,1994.0,단독다가구,2022
성북구,12100,안암동1가,,20220719,월세,39.6,3000,65,2013.0,단독다가구,2022
성북구,13600,하월곡동,,20220719,월세,40.0,700,35,1990.0,단독다가구,2022
성북구,10300,돈암동,4.0,20220719,월세,32.49,873,13,1999.0,아파트,2022
성북구,10300,돈암동,4.0,20220719,월세,32.49,2262,5,1999.0,아파트,2022
성북구,12000,동선동5가,,20220719,월세,18.0,500,40,2010.0,단독다가구,2022
성북구,13500,종암동,,20220719,월세,25.0,500,42,2011.0,단독다가구,2022
성북구,13900,석관동,,20220719,월세,16.5,500,35,2017.0,단독다가구,2022
성북구,13300,정릉동,,20220719,월세,16.5,500,50,2018.0,단독다가구,2022
성북구,11600,동선동1가,,20220719,월세,16.5,2000,35,2011.0,단독다가구,2022
성북구,11500,삼선동5가,,20220719,월세,29.64,8000,40,2002.0,단독다가구,2022
성북구,12500,안암동5가,,20220719,월세,16.5,500,45,1993.0,단독다가구,2022
성북구,13100,보문동2가,,20220719,월세,22.0,400,50,2000.0,단독다가구,2022
성북구,13900,석관동,,20220719,월세,16.7,500,40,2016.0,단독다가구,2022
성북구,12700,보문동5가,,20220719,월세,30.0,500,35,1993.0,단독다가구,2022
성북구,13400,길음동,16.0,20220719,월세,30.88,4882,10,2008.0,아파트,2022
성북구,13400,길음동,2.0,20220719,월세,30.88,4882,10,2008.0,아파트,2022
성북구,13400,길음동,12.0,20220719,월세,30.61,3474,7,2005.0,아파트,2022
성북구,13800,장위동,4.0,20220719,월세,40.47,2672,16,2020.0,아파트,2022
성북구,13800,장위동,4.0,20220719,월세,40.47,1068,19,2020.0,아파트,2022
성북구,13400,길음동,2.0,20220719,월세,30.61,3474,7,2005.0,아파트,2022
성북구,13400,길음동,4.0,20220719,월세,114.91,50000,120,2010.0,아파트,2022
성북구,13800,장위동,19.0,20220719,월세,84.47,10000,200,2020.0,아파트,2022
성북구,13400,길음동,13.0,20220719,월세,30.61,3474,7,2005.0,아파트,2022
성북구,10700,동소문동4가,14.0,20220719,월세,58.59,35000,20,1998.0,아파트,2022
성북구,13800,장위동,4.0,20220719,월세,81.3,900,16,2020.0,연립다세대,2022
성북구,13800,장위동,2.0,20220719,월세,39.71,11020,20,2020.0,연립다세대,2022
성북구,13300,정릉동,1.0,20220719,월세,104.65,15000,90,2004.0,아파트,2022
성북구,13800,장위동,,20220719,월세,55.72,1000,60,1992.0,단독다가구,2022
성북구,13500,종암동,,20220719,월세,69.4,4000,80,1976.0,단독다가구,2022
성북구,13300,정릉동,,20220719,월세,183.15,5000,100,2001.0,단독다가구,2022
성북구,11600,동선동1가,9.0,20220719,월세,16.18,5000,50,2014.0,연립다세대,2022
성북구,13400,길음동,10.0,20220719,월세,59.93,40000,7,2019.0,아파트,2022
성북구,13800,장위동,14.0,20220719,월세,15.21,1000,55,2019.0,아파트,2022
성북구,13500,종암동,1.0,20220720,월세,59.98,20000,110,2011.0,아파트,2022
성북구,10300,돈암동,13.0,20220720,월세,32.49,473,14,1999.0,아파트,2022
성북구,13900,석관동,6.0,20220720,월세,30.0,4804,9,2009.0,아파트,2022
성북구,13900,석관동,9.0,20220720,월세,30.0,2360,23,2009.0,아파트,2022
성북구,13500,종암동,21.0,20220720,월세,84.99,30000,135,2011.0,아파트,2022
성북구,11100,삼선동1가,,20220720,월세,36.0,500,40,1985.0,단독다가구,2022
성북구,12100,안암동1가,,20220720,월세,31.72,1500,50,1994.0,단독다가구,2022
성북구,13800,장위동,,20220720,월세,37.24,10000,80,2021.0,단독다가구,2022
성북구,13500,종암동,,20220720,월세,44.22,7000,25,1991.0,단독다가구,2022
성북구,11200,삼선동2가,9.0,20220720,월세,84.71,30000,67,2009.0,아파트,2022
성북구,13300,정릉동,8.0,20220720,월세,59.98,5000,130,2008.0,아파트,2022
성북구,13700,상월곡동,,20220720,월세,18.0,1000,50,2019.0,단독다가구,2022
성북구,13800,장위동,,20220720,월세,17.0,1000,60,1961.0,단독다가구,2022
성북구,13300,정릉동,,20220720,월세,16.0,2000,50,2018.0,단독다가구,2022
성북구,13900,석관동,,20220720,월세,19.0,1000,45,2017.0,단독다가구,2022
성북구,13600,하월곡동,,20220720,월세,18.0,500,45,2011.0,단독다가구,2022
성북구,12500,안암동5가,,20220720,월세,20.0,500,50,1990.0,단독다가구,2022
성북구,13500,종암동,,20220720,월세,20.0,300,45,2002.0,단독다가구,2022
성북구,13300,정릉동,,20220720,월세,19.8,300,35,2019.0,단독다가구,2022
성북구,13600,하월곡동,,20220720,월세,18.0,5000,40,2019.0,단독다가구,2022
성북구,12100,안암동1가,,20220720,월세,29.0,500,35,1991.0,단독다가구,2022
성북구,13900,석관동,,20220720,월세,19.0,1200,45,2013.0,단독다가구,2022
성북구,12500,안암동5가,,20220720,월세,16.5,500,40,1998.0,단독다가구,2022
성북구,13500,종암동,,20220720,월세,25.0,1000,65,2018.0,단독다가구,2022
성북구,13400,길음동,6.0,20220720,월세,34.88,1512,18,2003.0,아파트,2022
성북구,13400,길음동,6.0,20220720,월세,84.82,30000,100,2010.0,아파트,2022
성북구,13400,길음동,8.0,20220720,월세,59.97,40000,33,2005.0,아파트,2022
성북구,13800,장위동,9.0,20220720,월세,40.47,2672,16,2020.0,아파트,2022
성북구,13800,장위동,9.0,20220720,월세,40.47,1068,19,2020.0,아파트,2022
성북구,13400,길음동,3.0,20220720,월세,30.15,2772,5,2005.0,아파트,2022
성북구,13400,길음동,6.0,20220720,월세,30.61,1723,16,2005.0,아파트,2022
성북구,13500,종암동,6.0,20220720,월세,25.89,2000,82,2015.0,연립다세대,2022
성북구,13400,길음동,13.0,20220720,월세,34.88,3440,7,2003.0,아파트,2022
성북구,13400,길음동,15.0,20220720,월세,34.88,604,20,2003.0,아파트,2022
성북구,13500,종암동,,20220720,월세,65.4,1000,100,1996.0,단독다가구,2022
성북구,10100,성북동,,20220720,월세,72.12,25000,7,2003.0,단독다가구,2022
성북구,13400,길음동,,20220721,월세,51.93,1000,50,1993.0,단독다가구,2022
성북구,12000,동선동5가,,20220721,월세,74.93,20000,30,1985.0,단독다가구,2022
성북구,13100,보문동2가,,20220721,월세,60.0,10000,40,1993.0,단독다가구,2022
성북구,12300,안암동3가,,20220721,월세,46.98,1000,60,1993.0,단독다가구,2022
성북구,10300,돈암동,7.0,20220721,월세,84.82,20000,79,2006.0,아파트,2022
성북구,13900,석관동,,20220721,월세,33.13,300,35,1990.0,단독다가구,2022
성북구,13400,길음동,13.0,20220721,월세,59.97,50000,65,2019.0,아파트,2022
성북구,13500,종암동,,20220721,월세,39.88,300,25,1997.0,단독다가구,2022
성북구,13900,석관동,7.0,20220721,월세,30.0,3590,13,2009.0,아파트,2022
성북구,13300,정릉동,9.0,20220721,월세,84.4,47000,50,2009.0,아파트,2022
성북구,13300,정릉동,3.0,20220721,월세,25.11,4000,32,2020.0,연립다세대,2022
성북구,12500,안암동5가,,20220721,월세,22.0,1000,55,1992.0,단독다가구,2022
성북구,12200,안암동2가,,20220721,월세,16.5,500,42,1991.0,단독다가구,2022
성북구,11700,동선동2가,,20220721,월세,20.0,4000,30,2007.0,단독다가구,2022
성북구,13300,정릉동,,20220721,월세,19.0,500,43,2011.0,단독다가구,2022
성북구,11900,동선동4가,,20220721,월세,26.1,1000,40,1994.0,단독다가구,2022
성북구,10700,동소문동4가,,20220721,월세,18.0,2000,35,2011.0,단독다가구,2022
성북구,10400,동소문동1가,,20220721,월세,19.0,1000,50,1997.0,단독다가구,2022
성북구,13300,정릉동,,20220721,월세,15.0,1000,50,2018.0,단독다가구,2022
성북구,13400,길음동,9.0,20220721,월세,114.91,49000,35,2003.0,아파트,2022
성북구,13900,석관동,1.0,20220721,월세,43.54,1000,50,1993.0,연립다세대,2022
성북구,11600,동선동1가,6.0,20220722,월세,14.08,1000,60,2014.0,연립다세대,2022
성북구,13300,정릉동,,20220722,월세,43.03,2000,50,1994.0,단독다가구,2022
성북구,13600,하월곡동,10.0,20220722,월세,59.65,11000,115,2010.0,아파트,2022
성북구,10500,동소문동2가,,20220722,월세,42.98,17000,33,,단독다가구,2022
성북구,13300,정릉동,,20220722,월세,42.18,5000,15,1991.0,단독다가구,2022
성북구,13600,하월곡동,,20220722,월세,43.0,1000,70,2015.0,단독다가구,2022
성북구,13800,장위동,13.0,20220722,월세,18.03,1000,50,2019.0,오피스텔,2022
성북구,13300,정릉동,,20220722,월세,13.0,500,47,2021.0,단독다가구,2022
성북구,11200,삼선동2가,3.0,20220722,월세,84.83,32000,60,2008.0,아파트,2022
성북구,10800,동소문동5가,15.0,20220722,월세,14.02,7000,60,2018.0,아파트,2022
성북구,13800,장위동,,20220722,월세,68.8,5000,60,1971.0,단독다가구,2022
성북구,13800,장위동,3.0,20220722,월세,59.99,8000,150,2020.0,아파트,2022
성북구,13900,석관동,,20220722,월세,36.45,300,33,1992.0,단독다가구,2022
성북구,13900,석관동,,20220722,월세,38.52,1000,60,1988.0,단독다가구,2022
성북구,11400,삼선동4가,16.0,20220722,월세,59.94,5000,120,1999.0,아파트,2022
성북구,10100,성북동,,20220722,월세,20.0,1000,50,,단독다가구,2022
성북구,13300,정릉동,11.0,20220722,월세,114.96,15000,120,2000.0,아파트,2022
성북구,12500,안암동5가,,20220722,월세,17.0,2000,65,2002.0,단독다가구,2022
성북구,13300,정릉동,,20220722,월세,20.0,1000,50,2004.0,단독다가구,2022
성북구,13100,보문동2가,,20220722,월세,16.5,2000,45,2010.0,단독다가구,2022
성북구,11600,동선동1가,,20220722,월세,18.0,1000,55,2017.0,단독다가구,2022
성북구,13500,종암동,,20220722,월세,20.0,500,50,1995.0,단독다가구,2022
성북구,12000,동선동5가,,20220722,월세,15.0,5000,5,1994.0,단독다가구,2022
성북구,11500,삼선동5가,,20220722,월세,15.0,500,40,2010.0,단독다가구,2022
성북구,11000,동소문동7가,,20220722,월세,25.9,1000,48,2016.0,단독다가구,2022
성북구,10300,돈암동,,20220722,월세,21.0,100,38,1991.0,단독다가구,2022
성북구,13700,상월곡동,,20220722,월세,25.0,1000,50,2016.0,단독다가구,2022
성북구,10300,돈암동,,20220723,월세,13.2,1000,30,2010.0,단독다가구,2022
성북구,13300,정릉동,,20220723,월세,14.0,500,40,2018.0,단독다가구,2022
성북구,13500,종암동,,20220723,월세,21.0,1000,40,2010.0,단독다가구,2022
성북구,13900,석관동,,20220723,월세,28.0,1000,58,2015.0,단독다가구,2022
성북구,13600,하월곡동,,20220723,월세,18.0,2000,55,2019.0,단독다가구,2022
성북구,13800,장위동,,20220723,월세,20.0,300,35,1994.0,단독다가구,2022
성북구,12300,안암동3가,,20220723,월세,18.0,500,50,2019.0,단독다가구,2022
성북구,12300,안암동3가,,20220723,월세,24.0,3000,38,2002.0,단독다가구,2022
성북구,13300,정릉동,,20220723,월세,23.0,1000,65,2021.0,단독다가구,2022
성북구,13500,종암동,,20220723,월세,30.0,500,50,2008.0,단독다가구,2022
성북구,13300,정릉동,,20220723,월세,16.0,500,35,2007.0,단독다가구,2022
성북구,11200,삼선동2가,,20220723,월세,23.1,500,50,2001.0,단독다가구,2022
성북구,10300,돈암동,,20220723,월세,18.0,100,28,1991.0,단독다가구,2022
성북구,11900,동선동4가,,20220723,월세,39.61,12000,20,1992.0,단독다가구,2022
성북구,11900,동선동4가,,20220723,월세,39.16,12000,20,1992.0,단독다가구,2022
성북구,12200,안암동2가,,20220723,월세,31.29,1000,50,1991.0,단독다가구,2022
성북구,13900,석관동,,20220723,월세,39.78,8000,25,1991.0,단독다가구,2022
성북구,13900,석관동,,20220723,월세,33.1,6000,10,1993.0,단독다가구,2022
성북구,10700,동소문동4가,9.0,20220723,월세,84.87,10000,190,1998.0,아파트,2022
성북구,12400,안암동4가,,20220723,월세,40.0,1000,50,1991.0,단독다가구,2022
성북구,13700,상월곡동,,20220723,월세,40.0,1000,30,,단독다가구,2022
성북구,13400,길음동,21.0,20220723,월세,59.78,20000,150,2022.0,아파트,2022
성북구,13900,석관동,,20220723,월세,40.8,3000,50,1992.0,단독다가구,2022
성북구,13400,길음동,11.0,20220723,월세,59.99,20000,125,2010.0,아파트,2022
성북구,13400,길음동,1.0,20220723,월세,32.98,10000,65,2000.0,아파트,2022
성북구,11300,삼선동3가,3.0,20220723,월세,42.65,1500,55,2012.0,연립다세대,2022
성북구,13800,장위동,,20220723,월세,53.49,700,42,,단독다가구,2022
성북구,13100,보문동2가,2.0,20220723,월세,25.16,2000,55,2009.0,연립다세대,2022
성북구,13200,보문동3가,,20220723,월세,51.0,1000,60,1995.0,단독다가구,2022
성북구,11400,삼선동4가,,20220723,월세,51.15,9500,60,2002.0,단독다가구,2022
성북구,10100,성북동,,20220723,월세,76.74,4000,80,1998.0,단독다가구,2022
성북구,10300,돈암동,4.0,20220723,월세,114.93,30000,110,1998.0,아파트,2022
성북구,10700,동소문동4가,,20220723,월세,100.94,7000,15,2001.0,단독다가구,2022
성북구,13800,장위동,4.0,20220723,월세,57.15,15000,30,2002.0,연립다세대,2022
성북구,13400,길음동,5.0,20220723,월세,59.9,20000,130,2019.0,아파트,2022
성북구,13900,석관동,4.0,20220723,월세,12.95,500,45,2013.0,연립다세대,2022
성북구,13500,종암동,9.0,20220723,월세,84.98,5000,150,2008.0,아파트,2022
성북구,13600,하월곡동,15.0,20220723,월세,59.86,38500,30,2003.0,아파트,2022
성북구,11400,삼선동4가,2.0,20220723,월세,39.41,1000,14,2001.0,연립다세대,2022
성북구,13600,하월곡동,11.0,20220723,월세,84.84,40000,15,2003.0,아파트,2022
성북구,11200,삼선동2가,,20220724,월세,43.39,1000,70,1991.0,단독다가구,2022
성북구,12200,안암동2가,,20220724,월세,39.92,7000,35,1994.0,단독다가구,2022
성북구,13900,석관동,,20220724,월세,25.07,1000,40,2012.0,단독다가구,2022
성북구,13300,정릉동,14.0,20220724,월세,32.76,2058,21,2005.0,아파트,2022
성북구,13200,보문동3가,6.0,20220724,월세,59.65,40000,50,2003.0,아파트,2022
성북구,13800,장위동,16.0,20220725,월세,84.98,25000,120,2021.0,아파트,2022
성북구,10300,돈암동,4.0,20220725,월세,59.4,25000,40,1999.0,아파트,2022
성북구,13600,하월곡동,,20220725,월세,25.0,300,25,1996.0,단독다가구,2022
성북구,13300,정릉동,,20220725,월세,28.0,300,29,1985.0,단독다가구,2022
성북구,11800,동선동3가,,20220725,월세,30.0,1000,55,1992.0,단독다가구,2022
성북구,12500,안암동5가,,20220725,월세,24.0,500,50,2000.0,단독다가구,2022
성북구,13300,정릉동,,20220725,월세,23.14,500,40,2000.0,단독다가구,2022
성북구,13800,장위동,,20220725,월세,23.0,500,35,2017.0,단독다가구,2022
성북구,13300,정릉동,13.0,20220725,월세,73.28,30000,45,2005.0,아파트,2022
성북구,13500,종암동,3.0,20220725,월세,48.31,3600,50,2014.0,연립다세대,2022
성북구,13600,하월곡동,,20220725,월세,52.55,1500,50,1993.0,단독다가구,2022
성북구,13600,하월곡동,,20220725,월세,42.59,3000,52,2015.0,단독다가구,2022
성북구,11500,삼선동5가,,20220725,월세,49.02,2000,40,1993.0,단독다가구,2022
성북구,13300,정릉동,,20220725,월세,36.0,500,25,1989.0,단독다가구,2022
성북구,10300,돈암동,,20220725,월세,50.74,4600,20,1996.0,단독다가구,2022
성북구,13800,장위동,,20220725,월세,52.47,12000,30,1990.0,단독다가구,2022
성북구,12100,안암동1가,,20220725,월세,32.2,500,40,1995.0,단독다가구,2022
성북구,12200,안암동2가,,20220725,월세,54.0,14000,30,1971.0,단독다가구,2022
성북구,13800,장위동,,20220725,월세,61.17,4000,45,1989.0,단독다가구,2022
성북구,13300,정릉동,,20220725,월세,53.04,8000,25,1991.0,단독다가구,2022
성북구,12300,안암동3가,,20220725,월세,31.3,3000,45,2011.0,단독다가구,2022
성북구,13900,석관동,,20220725,월세,18.0,500,40,2018.0,단독다가구,2022
성북구,12000,동선동5가,,20220725,월세,34.0,1000,60,2017.0,단독다가구,2022
성북구,10700,동소문동4가,,20220725,월세,16.0,1000,45,2011.0,단독다가구,2022
성북구,11600,동선동1가,,20220725,월세,18.0,3000,35,2010.0,단독다가구,2022
성북구,12500,안암동5가,,20220725,월세,16.0,500,45,1994.0,단독다가구,2022
성북구,13300,정릉동,,20220725,월세,15.0,1000,50,2018.0,단독다가구,2022
성북구,13300,정릉동,,20220725,월세,15.0,500,45,2020.0,단독다가구,2022
성북구,13300,정릉동,,20220725,월세,20.0,200,30,1974.0,단독다가구,2022
성북구,13300,정릉동,4.0,20220725,월세,19.7,2961,11,2020.0,연립다세대,2022
성북구,13300,정릉동,3.0,20220725,월세,19.7,4605,6,2020.0,연립다세대,2022
성북구,13300,정릉동,2.0,20220725,월세,19.7,3355,13,2020.0,연립다세대,2022
성북구,13300,정릉동,4.0,20220725,월세,19.7,1757,18,2020.0,연립다세대,2022
성북구,13300,정릉동,1.0,20220725,월세,19.7,4605,6,2020.0,연립다세대,2022
성북구,13300,정릉동,2.0,20220725,월세,22.26,5343,7,2020.0,연립다세대,2022
성북구,13300,정릉동,1.0,20220725,월세,22.26,5343,7,2020.0,연립다세대,2022
성북구,13300,정릉동,4.0,20220725,월세,26.15,6120,8,2020.0,연립다세대,2022
성북구,13300,정릉동,3.0,20220725,월세,36.33,9002,12,2020.0,연립다세대,2022
성북구,13600,하월곡동,19.0,20220725,월세,84.91,45000,70,2011.0,아파트,2022
성북구,13500,종암동,8.0,20220725,월세,59.68,5000,110,2005.0,아파트,2022
성북구,13400,길음동,8.0,20220725,월세,84.64,1000,180,2005.0,아파트,2022
성북구,13400,길음동,17.0,20220725,월세,84.97,30000,90,2005.0,아파트,2022
성북구,13400,길음동,16.0,20220725,월세,59.99,5000,115,2005.0,아파트,2022
성북구,13400,길음동,19.0,20220725,월세,114.98,40000,95,2010.0,아파트,2022
성북구,10200,성북동1가,3.0,20220726,월세,27.0,1000,65,2002.0,연립다세대,2022
성북구,13600,하월곡동,,20220726,월세,26.44,500,30,1993.0,단독다가구,2022
성북구,13300,정릉동,,20220726,월세,33.0,2000,10,1967.0,단독다가구,2022
성북구,11300,삼선동3가,,20220726,월세,39.0,5000,33,1991.0,단독다가구,2022
성북구,10900,동소문동6가,,20220726,월세,30.0,5000,50,2011.0,단독다가구,2022
성북구,12500,안암동5가,,20220726,월세,12.0,500,40,1957.0,단독다가구,2022
성북구,11300,삼선동3가,5.0,20220726,월세,34.7,1000,60,2003.0,연립다세대,2022
성북구,13300,정릉동,3.0,20220726,월세,107.08,5000,120,1998.0,연립다세대,2022
성북구,12800,보문동6가,,20220726,월세,80.89,5000,100,2003.0,단독다가구,2022
성북구,12300,안암동3가,10.0,20220726,월세,98.92,0,50,1983.0,아파트,2022
성북구,13800,장위동,2.0,20220726,월세,59.98,10000,80,2001.0,아파트,2022
성북구,13500,종암동,,20220726,월세,18.0,500,45,2017.0,단독다가구,2022
성북구,11600,동선동1가,,20220726,월세,18.0,5000,30,2010.0,단독다가구,2022
성북구,13500,종암동,4.0,20220726,월세,15.01,500,48,2013.0,연립다세대,2022
성북구,13500,종암동,,20220726,월세,15.5,4000,27,2002.0,단독다가구,2022
성북구,12100,안암동1가,,20220726,월세,19.8,500,50,1991.0,단독다가구,2022
성북구,12500,안암동5가,,20220726,월세,18.0,300,25,1995.0,단독다가구,2022
성북구,13300,정릉동,,20220726,월세,16.5,1000,50,2019.0,단독다가구,2022
성북구,12500,안암동5가,,20220726,월세,19.8,1000,65,1997.0,단독다가구,2022
성북구,13300,정릉동,2.0,20220726,월세,22.26,5263,8,2020.0,연립다세대,2022
성북구,13400,길음동,9.0,20220726,월세,30.88,3066,20,2008.0,아파트,2022
성북구,13300,정릉동,3.0,20220726,월세,22.26,5263,8,2020.0,연립다세대,2022
성북구,13400,길음동,4.0,20220726,월세,30.88,4882,10,2008.0,아파트,2022
성북구,13800,장위동,5.0,20220726,월세,84.87,25000,135,2017.0,아파트,2022
성북구,13300,정릉동,3.0,20220726,월세,26.39,6120,8,2020.0,연립다세대,2022
성북구,13300,정릉동,20.0,20220726,월세,85.0,25000,100,2006.0,아파트,2022
성북구,13300,정릉동,7.0,20220726,월세,32.76,1470,15,2005.0,아파트,2022
성북구,13400,길음동,6.0,20220726,월세,114.88,35000,120,2005.0,아파트,2022
성북구,13300,정릉동,1.0,20220726,월세,19.7,3355,13,2020.0,연립다세대,2022
성북구,13300,정릉동,3.0,20220726,월세,19.7,4605,6,2020.0,연립다세대,2022
성북구,10900,동소문동6가,7.0,20220726,월세,18.44,19000,10,2015.0,오피스텔,2022
성북구,13400,길음동,9.0,20220726,월세,84.05,30000,90,2007.0,아파트,2022
성북구,12000,동선동5가,,20220727,월세,21.12,500,45,2006.0,단독다가구,2022
성북구,13300,정릉동,,20220727,월세,13.0,500,40,2019.0,단독다가구,2022
성북구,13400,길음동,8.0,20220727,월세,59.99,34000,10,2003.0,아파트,2022
성북구,10300,돈암동,20.0,20220727,월세,59.5,10000,140,2014.0,아파트,2022
성북구,13400,길음동,9.0,20220727,월세,114.73,50000,60,2005.0,아파트,2022
성북구,12800,보문동6가,,20220727,월세,39.15,3000,100,2022.0,단독다가구,2022
성북구,13400,길음동,,20220727,월세,39.6,1000,55,1991.0,단독다가구,2022
성북구,13500,종암동,,20220727,월세,40.13,500,35,1996.0,단독다가구,2022
성북구,13500,종암동,3.0,20220727,월세,26.89,500,70,2012.0,연립다세대,2022
성북구,10300,돈암동,6.0,20220727,월세,84.87,67000,11,2016.0,아파트,2022
성북구,13300,정릉동,9.0,20220727,월세,85.0,5000,155,2006.0,아파트,2022
성북구,13300,정릉동,1.0,20220727,월세,22.26,6768,22,2020.0,연립다세대,2022
성북구,11800,동선동3가,,20220727,월세,49.95,3000,80,1992.0,단독다가구,2022
성북구,13500,종암동,4.0,20220727,월세,21.5,500,60,2013.0,연립다세대,2022
성북구,13900,석관동,,20220727,월세,49.32,300,40,1995.0,단독다가구,2022
성북구,13600,하월곡동,3.0,20220727,월세,84.78,35000,50,2008.0,아파트,2022
성북구,13600,하월곡동,,20220727,월세,20.0,500,58,2015.0,단독다가구,2022
성북구,11600,동선동1가,,20220727,월세,18.0,1000,55,2017.0,단독다가구,2022
성북구,11900,동선동4가,,20220727,월세,18.0,1000,50,1992.0,단독다가구,2022
성북구,13900,석관동,,20220727,월세,16.5,100,20,1993.0,단독다가구,2022
성북구,13600,하월곡동,,20220728,월세,39.39,1500,50,2006.0,단독다가구,2022
성북구,12300,안암동3가,,20220728,월세,32.15,500,50,1990.0,단독다가구,2022
성북구,13900,석관동,,20220728,월세,32.24,8000,5,1993.0,단독다가구,2022
성북구,13900,석관동,,20220728,월세,40.0,2000,60,1974.0,단독다가구,2022
성북구,13900,석관동,,20220728,월세,30.0,1000,60,1991.0,단독다가구,2022
성북구,13300,정릉동,,20220728,월세,23.0,300,55,1969.0,단독다가구,2022
성북구,13400,길음동,,20220728,월세,46.38,2000,50,1994.0,단독다가구,2022
성북구,13600,하월곡동,,20220728,월세,43.79,1500,45,1994.0,단독다가구,2022
성북구,13600,하월곡동,,20220728,월세,45.0,2000,70,1969.0,단독다가구,2022
성북구,10300,돈암동,13.0,20220728,월세,59.84,10000,106,2014.0,아파트,2022
성북구,13400,길음동,6.0,20220728,월세,59.97,10000,140,2005.0,아파트,2022
성북구,12500,안암동5가,,20220728,월세,18.0,500,45,1995.0,단독다가구,2022
성북구,13400,길음동,2.0,20220728,월세,59.97,10000,140,2005.0,아파트,2022
성북구,10900,동소문동6가,,20220728,월세,20.0,10000,10,2018.0,단독다가구,2022
성북구,11300,삼선동3가,,20220728,월세,20.0,1000,50,1990.0,단독다가구,2022
성북구,13600,하월곡동,2.0,20220728,월세,84.84,10000,110,2003.0,아파트,2022
성북구,13300,정릉동,11.0,20220728,월세,46.65,17000,55,2000.0,아파트,2022
성북구,13500,종암동,,20220728,월세,19.0,1000,55,1997.0,단독다가구,2022
성북구,13400,길음동,17.0,20220728,월세,59.99,10000,170,2019.0,아파트,2022
성북구,12400,안암동4가,6.0,20220728,월세,50.68,12000,10,1969.0,아파트,2022
성북구,13800,장위동,,20220728,월세,56.99,14000,5,1974.0,단독다가구,2022
성북구,13800,장위동,,20220728,월세,49.0,1000,50,1993.0,단독다가구,2022
성북구,12800,보문동6가,10.0,20220729,월세,84.9,10000,85,1994.0,아파트,2022
성북구,12500,안암동5가,,20220729,월세,26.0,500,50,1994.0,단독다가구,2022
성북구,13400,길음동,,20220729,월세,38.55,5000,15,1994.0,단독다가구,2022
성북구,13800,장위동,4.0,20220729,월세,14.71,3000,30,2019.0,아파트,2022
성북구,12500,안암동5가,,20220729,월세,11.0,300,39,1994.0,단독다가구,2022
성북구,13600,하월곡동,,20220729,월세,44.95,3000,60,1995.0,단독다가구,2022
성북구,12600,보문동4가,,20220729,월세,42.0,3000,85,2003.0,단독다가구,2022
성북구,13300,정릉동,3.0,20220729,월세,22.26,5343,7,2020.0,연립다세대,2022
성북구,13300,정릉동,3.0,20220729,월세,17.16,1000,55,2012.0,연립다세대,2022
성북구,13300,정릉동,4.0,20220729,월세,12.15,1500,40,2013.0,연립다세대,2022
성북구,13400,길음동,9.0,20220729,월세,59.92,8000,90,2010.0,아파트,2022
성북구,13400,길음동,6.0,20220729,월세,84.97,42000,50,2005.0,아파트,2022
성북구,13500,종암동,,20220729,월세,19.0,1000,45,2019.0,단독다가구,2022
성북구,13300,정릉동,,20220729,월세,20.0,1000,30,2006.0,단독다가구,2022
성북구,11800,동선동3가,,20220729,월세,18.82,500,50,,단독다가구,2022
성북구,13900,석관동,,20220729,월세,19.0,3000,25,2010.0,단독다가구,2022
성북구,13100,보문동2가,,20220729,월세,18.0,3000,40,2020.0,단독다가구,2022
성북구,13300,정릉동,,20220729,월세,15.0,1000,45,2018.0,단독다가구,2022
성북구,13500,종암동,,20220729,월세,18.5,300,43,2005.0,단독다가구,2022
성북구,13600,하월곡동,,20220729,월세,15.0,9000,7,2009.0,단독다가구,2022
성북구,13500,종암동,13.0,20220729,월세,84.99,33000,100,2011.0,아파트,2022
성북구,10300,돈암동,13.0,20220729,월세,59.4,3000,100,1999.0,아파트,2022
성북구,13400,길음동,,20220730,월세,19.0,500,40,2016.0,단독다가구,2022
성북구,13300,정릉동,,20220730,월세,15.0,100,50,2019.0,단독다가구,2022
성북구,13700,상월곡동,,20220730,월세,15.0,300,32,2017.0,단독다가구,2022
성북구,12100,안암동1가,,20220730,월세,18.0,1000,35,2009.0,단독다가구,2022
성북구,13900,석관동,2.0,20220730,월세,17.22,500,40,2013.0,연립다세대,2022
성북구,12500,안암동5가,,20220730,월세,18.0,500,35,1995.0,단독다가구,2022
성북구,12500,안암동5가,,20220730,월세,20.0,10000,10,2018.0,단독다가구,2022
성북구,13500,종암동,4.0,20220730,월세,59.68,5000,120,2005.0,아파트,2022
성북구,12100,안암동1가,,20220730,월세,49.28,500,55,1994.0,단독다가구,2022
성북구,11100,삼선동1가,,20220730,월세,23.0,500,47,1993.0,단독다가구,2022
성북구,13800,장위동,10.0,20220730,월세,18.03,500,60,2019.0,오피스텔,2022
성북구,13900,석관동,,20220730,월세,50.7,1500,25,1993.0,단독다가구,2022
성북구,13300,정릉동,,20220730,월세,50.11,1500,37,1996.0,단독다가구,2022
성북구,12500,안암동5가,,20220730,월세,49.5,300,45,1991.0,단독다가구,2022
성북구,12100,안암동1가,,20220730,월세,29.7,1000,53,1995.0,단독다가구,2022
성북구,13800,장위동,10.0,20220730,월세,14.71,500,50,2019.0,아파트,2022
성북구,13600,하월곡동,5.0,20220730,월세,47.02,3000,70,2000.0,연립다세대,2022
성북구,13500,종암동,,20220730,월세,43.0,10000,35,2002.0,단독다가구,2022
성북구,13300,정릉동,,20220730,월세,12.0,500,47,2018.0,단독다가구,2022
성북구,13400,길음동,7.0,20220730,월세,84.94,5000,163,2010.0,아파트,2022
성북구,13300,정릉동,4.0,20220730,월세,19.7,4605,6,2020.0,연립다세대,2022
성북구,13400,길음동,14.0,20220730,월세,60.0,10000,110,2003.0,아파트,2022
성북구,13600,하월곡동,14.0,20220730,월세,59.86,33000,15,2003.0,아파트,2022
성북구,13400,길음동,19.0,20220730,월세,84.82,10000,180,2010.0,아파트,2022
성북구,13400,길음동,3.0,20220730,월세,60.0,39000,15,2003.0,아파트,2022
성북구,13600,하월곡동,16.0,20220730,월세,59.86,3700,110,2003.0,아파트,2022
성북구,13800,장위동,2.0,20220730,월세,32.85,500,45,1991.0,연립다세대,2022
성북구,13400,길음동,16.0,20220730,월세,30.61,1723,16,2005.0,아파트,2022
성북구,13300,정릉동,3.0,20220730,월세,46.65,4000,100,2000.0,아파트,2022
성북구,13300,정릉동,3.0,20220730,월세,25.11,4000,32,2020.0,연립다세대,2022
성북구,13300,정릉동,3.0,20220730,월세,25.37,3000,37,2020.0,연립다세대,2022
성북구,13300,정릉동,2.0,20220730,월세,27.47,500,51,2020.0,연립다세대,2022
성북구,13300,정릉동,5.0,20220730,월세,34.25,10000,24,2020.0,연립다세대,2022
성북구,13600,하월곡동,2.0,20220731,월세,59.86,20000,70,2003.0,아파트,2022
성북구,13300,정릉동,4.0,20220731,월세,27.47,1000,37,2020.0,연립다세대,2022
성북구,13300,정릉동,14.0,20220731,월세,32.76,4005,6,2005.0,아파트,2022
성북구,13500,종암동,13.0,20220731,월세,84.99,10000,170,2011.0,아파트,2022
성북구,13400,길음동,16.0,20220731,월세,59.37,3000,200,2007.0,아파트,2022
성북구,13300,정릉동,2.0,20220731,월세,52.89,6000,50,1977.0,아파트,2022
성북구,13300,정릉동,,20220731,월세,13.03,500,35,1967.0,단독다가구,2022
성북구,13700,상월곡동,11.0,20220801,월세,59.95,2100,105,2003.0,아파트,2022
성북구,13600,하월곡동,33.0,20220801,월세,189.07,10000,400,2011.0,아파트,2022
성북구,13300,정릉동,1.0,20220801,월세,47.04,3000,60,2002.0,연립다세대,2022
성북구,13700,상월곡동,,20220801,월세,14.0,1000,45,2016.0,단독다가구,2022
성북구,11800,동선동3가,,20220801,월세,39.0,1500,35,1997.0,단독다가구,2022
성북구,13300,정릉동,,20220801,월세,40.17,800,75,1983.0,단독다가구,2022
성북구,13800,장위동,,20220801,월세,40.0,11000,10,1987.0,단독다가구,2022
성북구,12200,안암동2가,,20220801,월세,34.96,1000,64,1993.0,단독다가구,2022
성북구,12700,보문동5가,,20220801,월세,32.5,1000,40,1994.0,단독다가구,2022
성북구,11900,동선동4가,,20220801,월세,33.06,2000,55,1993.0,단독다가구,2022
성북구,13600,하월곡동,,20220801,월세,23.0,8000,20,2012.0,단독다가구,2022
성북구,13900,석관동,,20220801,월세,25.0,200,25,1993.0,단독다가구,2022
성북구,13300,정릉동,5.0,20220801,월세,12.27,1000,45,2012.0,연립다세대,2022
성북구,11600,동선동1가,7.0,20220801,월세,14.08,2000,54,2014.0,연립다세대,2022
성북구,12800,보문동6가,6.0,20220801,월세,84.99,3000,65,2017.0,아파트,2022
성북구,13800,장위동,,20220801,월세,16.65,2000,22,1998.0,단독다가구,2022
성북구,13900,석관동,,20220801,월세,18.0,500,40,1967.0,단독다가구,2022
성북구,13300,정릉동,,20220801,월세,17.0,3000,40,2020.0,단독다가구,2022
성북구,13300,정릉동,1.0,20220801,월세,60.33,3000,63,1991.0,연립다세대,2022
성북구,13300,정릉동,10.0,20220801,월세,59.42,5000,70,1999.0,아파트,2022
성북구,13400,길음동,15.0,20220801,월세,30.15,2093,9,2005.0,아파트,2022
성북구,12500,안암동5가,,20220801,월세,16.5,1000,50,1998.0,단독다가구,2022
성북구,13300,정릉동,5.0,20220801,월세,67.8,500,35,2004.0,연립다세대,2022
성북구,11700,동선동2가,,20220801,월세,20.0,1000,40,2010.0,단독다가구,2022
성북구,13600,하월곡동,,20220801,월세,15.0,500,42,2015.0,단독다가구,2022
성북구,13500,종암동,,20220801,월세,75.9,5000,20,1996.0,단독다가구,2022
성북구,10100,성북동,,20220801,월세,58.99,25000,53,2003.0,단독다가구,2022
성북구,13800,장위동,,20220801,월세,63.74,1000,50,1997.0,단독다가구,2022
성북구,13800,장위동,,20220801,월세,70.41,5000,48,1980.0,단독다가구,2022
성북구,11800,동선동3가,,20220801,월세,42.88,10000,50,1997.0,단독다가구,2022
성북구,13300,정릉동,4.0,20220802,월세,29.37,18000,10,2020.0,연립다세대,2022
성북구,13800,장위동,5.0,20220802,월세,47.34,5000,80,2016.0,연립다세대,2022
성북구,12800,보문동6가,,20220802,월세,39.15,3000,100,2022.0,단독다가구,2022
성북구,13800,장위동,,20220802,월세,36.6,1500,45,2019.0,단독다가구,2022
성북구,12100,안암동1가,,20220802,월세,21.0,3000,40,2019.0,단독다가구,2022
성북구,11600,동선동1가,,20220802,월세,23.46,300,31,1978.0,단독다가구,2022
성북구,10200,성북동1가,,20220802,월세,21.5,1000,50,2014.0,단독다가구,2022
성북구,10700,동소문동4가,5.0,20220802,월세,58.59,9690,70,1998.0,아파트,2022
성북구,13300,정릉동,,20220802,월세,64.04,1000,100,1983.0,단독다가구,2022
성북구,11200,삼선동2가,,20220802,월세,61.35,10000,60,1996.0,단독다가구,2022
성북구,11300,삼선동3가,,20220802,월세,66.0,5000,80,1991.0,단독다가구,2022
성북구,13400,길음동,12.0,20220802,월세,30.15,1370,13,2005.0,아파트,2022
성북구,10100,성북동,,20220802,월세,20.0,200,40,1966.0,단독다가구,2022
성북구,13900,석관동,,20220802,월세,19.8,1000,45,2018.0,단독다가구,2022
성북구,11600,동선동1가,,20220802,월세,20.0,10000,20,2019.0,단독다가구,2022
성북구,13500,종암동,,20220803,월세,15.0,500,45,2018.0,단독다가구,2022
성북구,11900,동선동4가,,20220803,월세,16.5,1000,60,2019.0,단독다가구,2022
성북구,13300,정릉동,,20220803,월세,15.0,500,35,2018.0,단독다가구,2022
성북구,13600,하월곡동,,20220803,월세,19.0,7500,8,2017.0,단독다가구,2022
성북구,13500,종암동,8.0,20220803,월세,59.97,10000,155,2009.0,아파트,2022
성북구,10300,돈암동,16.0,20220803,월세,59.4,5000,100,1999.0,아파트,2022
성북구,10300,돈암동,13.0,20220803,월세,152.25,20000,200,1998.0,아파트,2022
성북구,13600,하월곡동,4.0,20220803,월세,29.47,2000,90,2021.0,연립다세대,2022
성북구,10100,성북동,,20220803,월세,66.48,8000,70,1995.0,단독다가구,2022
성북구,13900,석관동,,20220803,월세,30.0,500,35,1990.0,단독다가구,2022
성북구,13300,정릉동,,20220803,월세,29.39,500,40,1997.0,단독다가구,2022
성북구,13600,하월곡동,,20220803,월세,30.72,500,35,1997.0,단독다가구,2022
성북구,12700,보문동5가,6.0,20220803,월세,50.55,20000,49,2016.0,연립다세대,2022
성북구,12100,안암동1가,,20220803,월세,25.31,500,50,1994.0,단독다가구,2022
성북구,13300,정릉동,,20220803,월세,45.0,1000,72,2002.0,단독다가구,2022
성북구,13500,종암동,2.0,20220803,월세,44.78,6800,22,2018.0,연립다세대,2022
성북구,13500,종암동,4.0,20220803,월세,13.34,500,45,2013.0,연립다세대,2022
성북구,13500,종암동,2.0,20220803,월세,12.39,500,48,2013.0,연립다세대,2022
성북구,13900,석관동,4.0,20220804,월세,17.92,1000,50,2012.0,연립다세대,2022
성북구,13400,길음동,2.0,20220804,월세,84.97,35000,65,2005.0,아파트,2022
성북구,13600,하월곡동,17.0,20220804,월세,84.59,31500,40,2006.0,아파트,2022
성북구,13500,종암동,16.0,20220804,월세,59.98,38000,30,2011.0,아파트,2022
성북구,10300,돈암동,5.0,20220804,월세,56.7,2000,120,1991.0,아파트,2022
성북구,13700,상월곡동,,20220804,월세,35.0,2000,40,1993.0,단독다가구,2022
성북구,11100,삼선동1가,,20220804,월세,16.5,500,35,1995.0,단독다가구,2022
성북구,13400,길음동,15.0,20220804,월세,84.97,13000,90,2005.0,아파트,2022
성북구,10100,성북동,,20220804,월세,38.3,1000,45,1998.0,단독다가구,2022
성북구,12200,안암동2가,,20220804,월세,19.0,1000,45,1992.0,단독다가구,2022
성북구,12100,안암동1가,,20220804,월세,18.0,500,35,2009.0,단독다가구,2022
성북구,13600,하월곡동,,20220804,월세,16.0,500,40,2011.0,단독다가구,2022
성북구,11900,동선동4가,,20220804,월세,34.22,5000,55,1990.0,단독다가구,2022
성북구,13300,정릉동,,20220804,월세,15.0,500,30,2018.0,단독다가구,2022
성북구,10100,성북동,,20220804,월세,61.98,13500,10,1970.0,단독다가구,2022
성북구,13300,정릉동,,20220804,월세,57.9,3000,40,1995.0,단독다가구,2022
성북구,13300,정릉동,3.0,20220804,월세,14.11,500,35,2008.0,연립다세대,2022
성북구,12800,보문동6가,,20220804,월세,63.44,2000,65,1982.0,단독다가구,2022
성북구,13800,장위동,13.0,20220804,월세,18.03,1000,39,2019.0,오피스텔,2022
성북구,13300,정릉동,2.0,20220804,월세,59.63,35000,40,2015.0,아파트,2022
성북구,13300,정릉동,15.0,20220804,월세,85.0,20000,130,2006.0,아파트,2022
성북구,12400,안암동4가,,20220804,월세,25.0,500,45,1996.0,단독다가구,2022
성북구,13900,석관동,,20220804,월세,30.0,1000,35,1994.0,단독다가구,2022
성북구,13900,석관동,,20220804,월세,25.2,500,43,2010.0,단독다가구,2022
성북구,13600,하월곡동,,20220805,월세,23.0,500,55,2013.0,단독다가구,2022
성북구,12500,안암동5가,,20220805,월세,26.0,500,52,1994.0,단독다가구,2022
성북구,13500,종암동,3.0,20220805,월세,29.14,1000,90,2018.0,연립다세대,2022
성북구,13400,길음동,10.0,20220805,월세,114.91,57000,9,2003.0,아파트,2022
성북구,11700,동선동2가,,20220805,월세,24.0,1000,50,1996.0,단독다가구,2022
성북구,13900,석관동,,20220805,월세,25.0,1000,45,1967.0,단독다가구,2022
성북구,12300,안암동3가,7.0,20220805,월세,59.83,1000,40,1971.0,아파트,2022
성북구,13900,석관동,3.0,20220805,월세,28.46,2500,18,2018.0,연립다세대,2022
성북구,10900,동소문동6가,,20220805,월세,46.76,10000,50,1992.0,단독다가구,2022
성북구,13300,정릉동,,20220805,월세,44.0,2000,50,,단독다가구,2022
성북구,13500,종암동,20.0,20220805,월세,59.99,10000,80,2004.0,아파트,2022
성북구,13600,하월곡동,,20220805,월세,42.0,1000,15,,단독다가구,2022
성북구,13800,장위동,14.0,20220805,월세,18.39,7700,12,2020.0,아파트,2022
성북구,13800,장위동,14.0,20220805,월세,18.39,7200,12,2020.0,아파트,2022
성북구,13300,정릉동,,20220805,월세,18.22,1000,50,2019.0,단독다가구,2022
성북구,13600,하월곡동,,20220805,월세,39.0,1500,40,1994.0,단독다가구,2022
성북구,13900,석관동,,20220805,월세,32.0,1000,40,1992.0,단독다가구,2022
성북구,13800,장위동,,20220805,월세,33.0,500,30,1978.0,단독다가구,2022
성북구,11400,삼선동4가,,20220805,월세,20.0,1000,30,1967.0,단독다가구,2022
성북구,11700,동선동2가,,20220805,월세,20.0,1000,50,2010.0,단독다가구,2022
성북구,10300,돈암동,18.0,20220805,월세,132.96,30000,160,1998.0,아파트,2022
성북구,13300,정릉동,,20220805,월세,18.0,500,40,2011.0,단독다가구,2022
성북구,13300,정릉동,1.0,20220805,월세,22.26,9984,33,2020.0,연립다세대,2022
성북구,13800,장위동,16.0,20220805,월세,15.21,1000,55,2019.0,아파트,2022
성북구,13300,정릉동,3.0,20220805,월세,14.11,500,35,2008.0,연립다세대,2022
성북구,13300,정릉동,2.0,20220806,월세,13.68,500,35,2008.0,연립다세대,2022
성북구,13400,길음동,,20220806,월세,45.0,2000,20,1992.0,단독다가구,2022
성북구,13500,종암동,,20220806,월세,33.0,2000,70,1977.0,단독다가구,2022
성북구,13800,장위동,,20220806,월세,39.9,2000,35,1993.0,단독다가구,2022
성북구,13900,석관동,,20220806,월세,32.0,500,30,1992.0,단독다가구,2022
성북구,10300,돈암동,7.0,20220806,월세,114.66,5000,130,1999.0,아파트,2022
성북구,12200,안암동2가,,20220806,월세,29.0,2500,60,2008.0,단독다가구,2022
성북구,13400,길음동,6.0,20220806,월세,59.97,38000,40,2005.0,아파트,2022
성북구,13400,길음동,20.0,20220806,월세,84.82,15000,160,2010.0,아파트,2022
성북구,11100,삼선동1가,,20220806,월세,27.86,2000,40,1994.0,단독다가구,2022
성북구,13300,정릉동,,20220806,월세,27.0,1500,45,1996.0,단독다가구,2022
성북구,13600,하월곡동,,20220806,월세,27.0,1000,40,1969.0,단독다가구,2022
성북구,13500,종암동,14.0,20220806,월세,59.97,5000,127,2009.0,아파트,2022
성북구,13400,길음동,10.0,20220806,월세,59.98,20000,110,2010.0,아파트,2022
성북구,10300,돈암동,,20220806,월세,70.92,2000,80,1985.0,단독다가구,2022
성북구,13400,길음동,7.0,20220806,월세,84.82,20000,160,2010.0,아파트,2022
성북구,13800,장위동,,20220806,월세,70.88,3000,70,1974.0,단독다가구,2022
성북구,13600,하월곡동,,20220806,월세,58.38,2000,50,1994.0,단독다가구,2022
성북구,13500,종암동,,20220806,월세,30.0,500,30,2002.0,단독다가구,2022
성북구,11700,동선동2가,,20220806,월세,49.5,15000,30,1995.0,단독다가구,2022
성북구,13100,보문동2가,,20220806,월세,27.3,500,48,2000.0,단독다가구,2022
성북구,13600,하월곡동,20.0,20220806,월세,59.75,10000,120,2006.0,아파트,2022
성북구,13700,상월곡동,,20220806,월세,30.0,500,40,1992.0,단독다가구,2022
성북구,13100,보문동2가,,20220806,월세,30.0,1000,60,1974.0,단독다가구,2022
성북구,13400,길음동,,20220806,월세,27.5,2000,50,1993.0,단독다가구,2022
성북구,11200,삼선동2가,3.0,20220806,월세,84.71,1000,130,2009.0,아파트,2022
성북구,10200,성북동1가,2.0,20220806,월세,27.0,1000,65,2002.0,연립다세대,2022
성북구,13800,장위동,13.0,20220806,월세,14.71,1000,44,2019.0,아파트,2022
성북구,10700,동소문동4가,10.0,20220806,월세,73.54,20000,80,2006.0,오피스텔,2022
성북구,13600,하월곡동,,20220806,월세,16.0,500,25,2011.0,단독다가구,2022
성북구,13700,상월곡동,,20220806,월세,18.0,1000,50,2019.0,단독다가구,2022
성북구,11700,동선동2가,,20220806,월세,20.0,1000,45,2010.0,단독다가구,2022
성북구,13500,종암동,,20220806,월세,16.0,100,90,1992.0,단독다가구,2022
성북구,11200,삼선동2가,,20220806,월세,16.0,1000,35,1998.0,단독다가구,2022
성북구,13500,종암동,,20220806,월세,16.5,4000,10,2011.0,단독다가구,2022
성북구,13600,하월곡동,,20220806,월세,20.0,1000,55,2022.0,단독다가구,2022
성북구,13900,석관동,,20220806,월세,16.5,400,35,2011.0,단독다가구,2022
성북구,12300,안암동3가,,20220806,월세,19.8,500,38,,단독다가구,2022
성북구,13300,정릉동,,20220806,월세,15.5,500,40,2009.0,단독다가구,2022
성북구,12000,동선동5가,,20220806,월세,13.21,1000,35,2002.0,단독다가구,2022
성북구,12100,안암동1가,,20220806,월세,14.0,500,35,1988.0,단독다가구,2022
성북구,13600,하월곡동,8.0,20220806,월세,29.76,1000,50,2020.0,오피스텔,2022
성북구,12300,안암동3가,,20220807,월세,60.51,2000,60,1997.0,단독다가구,2022
성북구,10300,돈암동,10.0,20220807,월세,84.76,50000,70,2016.0,아파트,2022
성북구,13600,하월곡동,2.0,20220807,월세,59.65,31000,30,2010.0,아파트,2022
성북구,11800,동선동3가,,20220807,월세,21.0,2000,45,1997.0,단독다가구,2022
성북구,10800,동소문동5가,12.0,20220807,월세,14.09,15000,27,2018.0,아파트,2022
성북구,11900,동선동4가,,20220807,월세,19.0,1000,40,2011.0,단독다가구,2022
성북구,13700,상월곡동,,20220808,월세,16.0,1000,50,2016.0,단독다가구,2022
성북구,13500,종암동,,20220808,월세,20.0,500,48,1997.0,단독다가구,2022
성북구,11700,동선동2가,,20220808,월세,19.81,1000,50,1996.0,단독다가구,2022
성북구,13600,하월곡동,,20220808,월세,20.0,300,30,1992.0,단독다가구,2022
성북구,10300,돈암동,4.0,20220808,월세,84.87,10000,130,1998.0,아파트,2022
성북구,12900,보문동7가,,20220808,월세,15.5,3000,25,1967.0,단독다가구,2022
성북구,12500,안암동5가,,20220808,월세,18.0,500,55,1993.0,단독다가구,2022
성북구,11700,동선동2가,,20220808,월세,19.8,1000,40,1997.0,단독다가구,2022
성북구,13600,하월곡동,,20220808,월세,20.0,100,30,1993.0,단독다가구,2022
성북구,10700,동소문동4가,2.0,20220808,월세,21.2,1000,40,2002.0,연립다세대,2022
성북구,13500,종암동,,20220808,월세,60.0,300,80,1997.0,단독다가구,2022
성북구,11000,동소문동7가,5.0,20220808,월세,58.25,2000,135,2020.0,연립다세대,2022
성북구,13800,장위동,,20220808,월세,49.0,2000,55,1958.0,단독다가구,2022
성북구,12800,보문동6가,,20220808,월세,49.0,2000,60,1996.0,단독다가구,2022
성북구,13800,장위동,4.0,20220808,월세,40.61,290,18,2016.0,연립다세대,2022
성북구,13400,길음동,1.0,20220808,월세,84.97,2000,160,2005.0,아파트,2022
성북구,13300,정릉동,5.0,20220808,월세,57.75,22570,9,2016.0,연립다세대,2022
성북구,12500,안암동5가,,20220808,월세,23.1,500,58,2000.0,단독다가구,2022
성북구,13500,종암동,,20220808,월세,30.0,1500,28,1996.0,단독다가구,2022
성북구,11100,삼선동1가,1.0,20220808,월세,36.0,1000,55,1993.0,연립다세대,2022
성북구,13400,길음동,,20220809,월세,105.4,16000,20,1993.0,단독다가구,2022
성북구,13300,정릉동,4.0,20220809,월세,20.41,2000,31,2020.0,연립다세대,2022
성북구,13800,장위동,10.0,20220809,월세,15.21,1000,55,2019.0,아파트,2022
성북구,13800,장위동,9.0,20220809,월세,14.71,2000,50,2019.0,아파트,2022
성북구,13100,보문동2가,,20220809,월세,20.0,500,42,1995.0,단독다가구,2022
성북구,13300,정릉동,,20220809,월세,19.8,1000,50,,단독다가구,2022
성북구,10400,동소문동1가,4.0,20220809,월세,72.9,10000,130,2008.0,연립다세대,2022
성북구,13500,종암동,,20220809,월세,19.5,300,53,2008.0,단독다가구,2022
성북구,13600,하월곡동,,20220809,월세,17.0,1000,45,2011.0,단독다가구,2022
성북구,10300,돈암동,3.0,20220809,월세,32.49,873,13,1999.0,아파트,2022
성북구,10300,돈암동,13.0,20220809,월세,32.49,2262,5,1999.0,아파트,2022
성북구,10300,돈암동,8.0,20220809,월세,80.54,5000,170,2003.0,아파트,2022
성북구,13900,석관동,2.0,20220809,월세,15.36,500,40,2013.0,연립다세대,2022
성북구,13300,정릉동,,20220809,월세,51.48,9000,20,1997.0,단독다가구,2022
성북구,10100,성북동,,20220809,월세,66.12,8000,80,1966.0,단독다가구,2022
성북구,13800,장위동,,20220809,월세,64.54,9000,45,1990.0,단독다가구,2022
성북구,13300,정릉동,,20220809,월세,60.0,5000,80,2014.0,단독다가구,2022
성북구,11300,삼선동3가,4.0,20220809,월세,28.55,15000,30,2016.0,연립다세대,2022
성북구,13900,석관동,,20220809,월세,23.3,500,45,2017.0,단독다가구,2022
성북구,13300,정릉동,19.0,20220809,월세,59.9,30000,20,1999.0,아파트,2022
성북구,13600,하월곡동,,20220809,월세,30.0,300,30,1991.0,단독다가구,2022
성북구,11900,동선동4가,,20220810,월세,25.16,1000,50,1995.0,단독다가구,2022
성북구,13800,장위동,8.0,20220810,월세,40.47,13845,35,2020.0,아파트,2022
성북구,13300,정릉동,,20220810,월세,23.14,5000,30,2000.0,단독다가구,2022
성북구,13300,정릉동,,20220810,월세,27.78,500,40,1979.0,단독다가구,2022
성북구,12200,안암동2가,,20220810,월세,24.0,500,60,2002.0,단독다가구,2022
성북구,13300,정릉동,,20220810,월세,16.0,1000,40,2003.0,단독다가구,2022
성북구,11200,삼선동2가,,20220810,월세,18.0,1000,40,1993.0,단독다가구,2022
성북구,13600,하월곡동,,20220810,월세,16.52,500,40,1973.0,단독다가구,2022
성북구,12300,안암동3가,,20220810,월세,19.8,500,40,,단독다가구,2022
성북구,13900,석관동,,20220810,월세,16.07,1500,35,,단독다가구,2022
성북구,13800,장위동,,20220810,월세,63.02,7500,15,1986.0,단독다가구,2022
성북구,13300,정릉동,,20220810,월세,90.27,2000,80,1991.0,단독다가구,2022
성북구,13300,정릉동,,20220810,월세,18.0,500,40,2011.0,단독다가구,2022
성북구,11100,삼선동1가,,20220810,월세,68.17,22000,15,1996.0,단독다가구,2022
성북구,13300,정릉동,,20220810,월세,90.72,2000,80,1991.0,단독다가구,2022
성북구,12800,보문동6가,,20220810,월세,122.51,10000,100,1986.0,단독다가구,2022
성북구,13600,하월곡동,3.0,20220810,월세,114.68,20000,130,2006.0,아파트,2022
성북구,10300,돈암동,18.0,20220810,월세,32.49,873,13,1999.0,아파트,2022
성북구,13400,길음동,13.0,20220810,월세,59.93,13052,19,2019.0,아파트,2022
성북구,13500,종암동,5.0,20220810,월세,22.34,3000,110,2018.0,연립다세대,2022
성북구,13900,석관동,2.0,20220810,월세,39.01,9304,24,2019.0,아파트,2022
성북구,13800,장위동,24.0,20220810,월세,59.99,40000,55,2020.0,아파트,2022
성북구,13600,하월곡동,15.0,20220810,월세,84.99,10000,130,2003.0,아파트,2022
성북구,13300,정릉동,2.0,20220810,월세,84.09,30000,40,2005.0,아파트,2022
성북구,11000,동소문동7가,,20220810,월세,36.0,1000,65,1992.0,단독다가구,2022
성북구,11700,동선동2가,,20220810,월세,39.6,1000,60,2001.0,단독다가구,2022
성북구,13600,하월곡동,,20220810,월세,35.0,500,30,2010.0,단독다가구,2022
성북구,13300,정릉동,6.0,20220810,월세,52.89,20000,14,1977.0,아파트,2022
성북구,13300,정릉동,3.0,20220810,월세,43.24,4870,15,2019.0,연립다세대,2022
성북구,12100,안암동1가,7.0,20220810,월세,59.7,10000,135,2005.0,아파트,2022
성북구,10100,성북동,,20220811,월세,43.26,1000,80,1995.0,단독다가구,2022
성북구,13400,길음동,11.0,20220811,월세,59.99,23000,80,2010.0,아파트,2022
성북구,13400,길음동,2.0,20220811,월세,84.96,28000,53,2006.0,아파트,2022
성북구,13400,길음동,33.0,20220811,월세,59.9,20000,140,2019.0,아파트,2022
성북구,11400,삼선동4가,2.0,20220811,월세,12.25,7000,1,2010.0,연립다세대,2022
성북구,11400,삼선동4가,,20220811,월세,20.0,1000,50,2001.0,단독다가구,2022
성북구,13300,정릉동,3.0,20220811,월세,52.78,13000,30,2012.0,연립다세대,2022
성북구,10300,돈암동,18.0,20220811,월세,132.96,40000,135,1998.0,아파트,2022
성북구,13500,종암동,4.0,20220811,월세,59.4,3000,95,1996.0,아파트,2022
성북구,13300,정릉동,9.0,20220811,월세,32.76,588,17,2005.0,아파트,2022
성북구,13900,석관동,4.0,20220811,월세,52.17,16500,49,2018.0,연립다세대,2022
성북구,13600,하월곡동,,20220811,월세,37.08,2000,50,1990.0,단독다가구,2022
성북구,13700,상월곡동,,20220811,월세,39.0,1000,50,1992.0,단독다가구,2022
성북구,13900,석관동,5.0,20220811,월세,52.17,27000,9,2018.0,연립다세대,2022
성북구,13400,길음동,2.0,20220812,월세,59.37,40000,30,2007.0,아파트,2022
성북구,13400,길음동,9.0,20220812,월세,84.84,43000,20,2003.0,아파트,2022
성북구,11500,삼선동5가,,20220812,월세,46.28,5000,70,2015.0,단독다가구,2022
성북구,13900,석관동,,20220812,월세,45.0,1000,55,1994.0,단독다가구,2022
성북구,12800,보문동6가,,20220812,월세,60.0,4000,70,1993.0,단독다가구,2022
성북구,13500,종암동,,20220812,월세,45.0,0,40,,단독다가구,2022
성북구,13900,석관동,,20220812,월세,33.08,1000,40,1993.0,단독다가구,2022
성북구,10100,성북동,,20220812,월세,77.33,3000,80,1995.0,단독다가구,2022
성북구,13900,석관동,,20220812,월세,30.0,500,42,1993.0,단독다가구,2022
성북구,13600,하월곡동,5.0,20220812,월세,25.19,2000,100,2021.0,연립다세대,2022
성북구,11100,삼선동1가,,20220812,월세,59.2,12000,35,1986.0,단독다가구,2022
성북구,13900,석관동,,20220812,월세,60.78,3000,60,1990.0,단독다가구,2022
성북구,12200,안암동2가,,20220812,월세,60.8,2000,150,2004.0,단독다가구,2022
성북구,13600,하월곡동,,20220812,월세,27.4,1000,60,2015.0,단독다가구,2022
성북구,10400,동소문동1가,,20220812,월세,20.0,5000,55,1997.0,단독다가구,2022
성북구,11200,삼선동2가,,20220812,월세,18.0,1000,50,2019.0,단독다가구,2022
성북구,13300,정릉동,,20220812,월세,15.0,500,40,2021.0,단독다가구,2022
성북구,12100,안암동1가,,20220812,월세,19.0,1000,48,1994.0,단독다가구,2022
성북구,11600,동선동1가,,20220812,월세,18.0,300,39,1988.0,단독다가구,2022
성북구,13300,정릉동,1.0,20220812,월세,13.5,1000,30,2008.0,연립다세대,2022
성북구,10700,동소문동4가,9.0,20220812,월세,25.89,1000,58,2003.0,오피스텔,2022
성북구,13800,장위동,11.0,20220812,월세,14.71,3000,32,2019.0,아파트,2022
성북구,13600,하월곡동,6.0,20220812,월세,84.65,30000,57,2003.0,아파트,2022
성북구,13300,정릉동,4.0,20220812,월세,48.58,5000,65,2001.0,연립다세대,2022
성북구,10300,돈암동,8.0,20220812,월세,59.58,18000,22,1998.0,아파트,2022
성북구,10300,돈암동,18.0,20220813,월세,59.58,26000,25,1998.0,아파트,2022
성북구,13100,보문동2가,,20220813,월세,26.0,5000,10,1996.0,단독다가구,2022
성북구,11400,삼선동4가,,20220813,월세,23.0,3000,60,2009.0,단독다가구,2022
성북구,11300,삼선동3가,,20220813,월세,30.0,5000,35,1992.0,단독다가구,2022
성북구,13900,석관동,,20220813,월세,30.0,500,35,2006.0,단독다가구,2022
성북구,13400,길음동,27.0,20220813,월세,59.96,30000,65,2010.0,아파트,2022
성북구,13400,길음동,15.0,20220813,월세,59.99,37000,6,2005.0,아파트,2022
성북구,13600,하월곡동,12.0,20220813,월세,59.65,35000,30,2010.0,아파트,2022
성북구,13700,상월곡동,,20220813,월세,14.0,500,45,2015.0,단독다가구,2022
성북구,11100,삼선동1가,,20220813,월세,41.5,1000,70,1996.0,단독다가구,2022
성북구,13300,정릉동,16.0,20220813,월세,84.19,5000,180,2005.0,아파트,2022
성북구,13900,석관동,,20220813,월세,37.02,500,35,1993.0,단독다가구,2022
성북구,11100,삼선동1가,,20220813,월세,35.19,3000,40,1995.0,단독다가구,2022
성북구,13900,석관동,,20220813,월세,32.0,1000,40,1992.0,단독다가구,2022
성북구,13900,석관동,,20220813,월세,34.0,500,45,1991.0,단독다가구,2022
성북구,13500,종암동,2.0,20220813,월세,28.39,1500,95,2017.0,연립다세대,2022
성북구,13900,석관동,,20220813,월세,58.0,5000,40,1970.0,단독다가구,2022
성북구,13400,길음동,-1.0,20220813,월세,34.0,1000,60,2011.0,연립다세대,2022
성북구,13100,보문동2가,5.0,20220813,월세,35.15,2000,60,2002.0,오피스텔,2022
성북구,12800,보문동6가,8.0,20220813,월세,59.81,37000,56,2017.0,아파트,2022
성북구,13600,하월곡동,14.0,20220813,월세,15.62,1000,55,2013.0,아파트,2022
성북구,13600,하월곡동,,20220813,월세,20.0,1000,45,2013.0,단독다가구,2022
성북구,13300,정릉동,,20220813,월세,15.0,500,35,2014.0,단독다가구,2022
성북구,13500,종암동,,20220813,월세,15.0,1000,45,2009.0,단독다가구,2022
성북구,12100,안암동1가,,20220813,월세,16.5,500,40,2015.0,단독다가구,2022
성북구,13800,장위동,,20220813,월세,20.0,2000,10,1971.0,단독다가구,2022
성북구,13600,하월곡동,,20220813,월세,20.0,1000,55,2005.0,단독다가구,2022
성북구,13300,정릉동,,20220813,월세,18.5,500,50,2018.0,단독다가구,2022
성북구,13300,정릉동,,20220813,월세,18.77,500,43,1981.0,단독다가구,2022
성북구,13300,정릉동,,20220813,월세,15.0,500,30,2001.0,단독다가구,2022
성북구,11200,삼선동2가,,20220813,월세,19.8,1000,50,1989.0,단독다가구,2022
성북구,13600,하월곡동,,20220813,월세,98.0,3000,105,1967.0,단독다가구,2022
성북구,13700,상월곡동,,20220813,월세,162.0,1000,60,2020.0,단독다가구,2022
성북구,13300,정릉동,4.0,20220813,월세,23.8,1000,50,2020.0,연립다세대,2022
성북구,12500,안암동5가,,20220814,월세,14.0,300,32,1997.0,단독다가구,2022
성북구,13900,석관동,5.0,20220814,월세,24.25,2000,35,2002.0,오피스텔,2022
성북구,13300,정릉동,,20220814,월세,25.0,1000,50,1997.0,단독다가구,2022
성북구,13500,종암동,2.0,20220814,월세,14.7,1000,50,2011.0,연립다세대,2022
성북구,12100,안암동1가,,20220814,월세,23.0,1000,55,2020.0,단독다가구,2022
성북구,13900,석관동,,20220814,월세,32.5,300,30,1991.0,단독다가구,2022
성북구,13600,하월곡동,19.0,20220814,월세,15.62,1000,55,2013.0,아파트,2022
성북구,13400,길음동,7.0,20220815,월세,59.97,20000,150,2019.0,아파트,2022
성북구,12100,안암동1가,,20220815,월세,21.0,500,60,1995.0,단독다가구,2022
성북구,12300,안암동3가,,20220815,월세,30.0,300,50,1993.0,단독다가구,2022
성북구,10100,성북동,,20220815,월세,30.0,1000,55,1995.0,단독다가구,2022
성북구,11400,삼선동4가,,20220815,월세,12.0,300,40,2010.0,단독다가구,2022
성북구,13600,하월곡동,,20220815,월세,27.84,1000,55,1992.0,단독다가구,2022
성북구,11200,삼선동2가,,20220815,월세,20.42,500,55,1996.0,단독다가구,2022
성북구,13300,정릉동,2.0,20220815,월세,93.88,500,40,2001.0,연립다세대,2022
성북구,12700,보문동5가,,20220815,월세,52.8,1000,65,1994.0,단독다가구,2022
성북구,13300,정릉동,,20220815,월세,36.36,500,55,1994.0,단독다가구,2022
성북구,13400,길음동,,20220815,월세,37.65,1000,35,1990.0,단독다가구,2022
성북구,13800,장위동,,20220816,월세,40.0,1000,40,1990.0,단독다가구,2022
성북구,13600,하월곡동,,20220816,월세,37.0,500,35,1993.0,단독다가구,2022
성북구,11100,삼선동1가,,20220816,월세,33.4,6000,10,1987.0,단독다가구,2022
성북구,13300,정릉동,,20220816,월세,41.33,0,55,1995.0,단독다가구,2022
성북구,12500,안암동5가,,20220816,월세,33.0,300,40,1993.0,단독다가구,2022
성북구,13800,장위동,,20220816,월세,65.98,12000,40,1974.0,단독다가구,2022
성북구,11400,삼선동4가,7.0,20220816,월세,59.94,5000,150,1999.0,아파트,2022
성북구,13800,장위동,2.0,20220816,월세,50.32,3000,125,2020.0,연립다세대,2022
성북구,13300,정릉동,,20220816,월세,20.0,1000,60,2022.0,단독다가구,2022
성북구,12300,안암동3가,,20220816,월세,20.0,5000,30,2019.0,단독다가구,2022
성북구,13300,정릉동,,20220816,월세,16.0,500,45,2018.0,단독다가구,2022
성북구,13100,보문동2가,,20220816,월세,18.0,8000,35,2020.0,단독다가구,2022
성북구,10100,성북동,,20220816,월세,30.0,11000,10,1995.0,단독다가구,2022
성북구,10100,성북동,,20220816,월세,17.0,1000,47,,단독다가구,2022
성북구,13900,석관동,,20220816,월세,15.3,500,40,2010.0,단독다가구,2022
성북구,13300,정릉동,2.0,20220816,월세,59.42,25000,30,1999.0,아파트,2022
성북구,11500,삼선동5가,,20220816,월세,99.37,4000,100,1964.0,단독다가구,2022
성북구,13500,종암동,2.0,20220816,월세,135.43,500,50,1976.0,연립다세대,2022
성북구,12400,안암동4가,4.0,20220816,월세,15.69,1000,57,2011.0,연립다세대,2022
성북구,13400,길음동,9.0,20220816,월세,59.98,32000,6,2000.0,아파트,2022
성북구,13800,장위동,17.0,20220816,월세,32.22,7131,19,2017.0,아파트,2022
성북구,10300,돈암동,2.0,20220816,월세,34.35,3967,5,2014.0,아파트,2022
성북구,10300,돈암동,16.0,20220816,월세,59.79,30000,30,1998.0,아파트,2022
성북구,10100,성북동,-1.0,20220816,월세,59.99,8000,45,1997.0,연립다세대,2022
성북구,13600,하월곡동,12.0,20220816,월세,59.98,10000,120,2007.0,아파트,2022
성북구,12800,보문동6가,5.0,20220816,월세,19.5,1000,50,2003.0,연립다세대,2022
성북구,13600,하월곡동,17.0,20220816,월세,15.54,1000,55,2013.0,아파트,2022
성북구,10300,돈암동,16.0,20220816,월세,84.87,20000,125,1998.0,아파트,2022
성북구,13600,하월곡동,12.0,20220816,월세,79.98,9000,145,2004.0,아파트,2022
성북구,13600,하월곡동,5.0,20220816,월세,79.98,5000,140,2004.0,아파트,2022
성북구,13300,정릉동,2.0,20220816,월세,29.37,18000,10,2020.0,연립다세대,2022
성북구,10800,동소문동5가,8.0,20220817,월세,16.67,1000,85,2017.0,아파트,2022
성북구,13900,석관동,5.0,20220817,월세,59.97,16000,50,1998.0,아파트,2022
성북구,11500,삼선동5가,,20220817,월세,49.77,3000,70,1994.0,단독다가구,2022
성북구,13900,석관동,,20220817,월세,38.0,1000,40,1992.0,단독다가구,2022
성북구,11300,삼선동3가,,20220817,월세,43.2,5000,30,1993.0,단독다가구,2022
성북구,11500,삼선동5가,2.0,20220817,월세,14.67,8500,10,2011.0,연립다세대,2022
성북구,13300,정릉동,,20220817,월세,33.0,2000,65,2018.0,단독다가구,2022
성북구,13700,상월곡동,4.0,20220817,월세,111.4,30000,40,1994.0,아파트,2022
성북구,13800,장위동,,20220817,월세,33.06,500,30,1976.0,단독다가구,2022
성북구,11400,삼선동4가,,20220817,월세,32.25,1000,50,2001.0,단독다가구,2022
성북구,12800,보문동6가,,20220817,월세,10.0,500,40,,단독다가구,2022
성북구,13800,장위동,,20220817,월세,16.5,300,20,1992.0,단독다가구,2022
성북구,13800,장위동,,20220817,월세,28.4,900,35,1992.0,단독다가구,2022
성북구,11500,삼선동5가,,20220817,월세,26.4,5000,40,2016.0,단독다가구,2022
성북구,12500,안암동5가,,20220817,월세,20.0,1000,70,,단독다가구,2022
성북구,13300,정릉동,,20220817,월세,22.0,500,35,2010.0,단독다가구,2022
성북구,11500,삼선동5가,,20220817,월세,17.0,1000,40,2010.0,단독다가구,2022
성북구,11500,삼선동5가,,20220817,월세,19.0,1500,40,2000.0,단독다가구,2022
성북구,13300,정릉동,,20220817,월세,18.0,500,50,2018.0,단독다가구,2022
성북구,11100,삼선동1가,,20220817,월세,16.0,1000,45,1993.0,단독다가구,2022
성북구,13300,정릉동,,20220817,월세,18.0,500,40,2011.0,단독다가구,2022
성북구,13300,정릉동,,20220817,월세,15.18,1000,50,2019.0,단독다가구,2022
성북구,13300,정릉동,10.0,20220817,월세,84.91,19747,60,2000.0,아파트,2022
성북구,13300,정릉동,8.0,20220817,월세,59.88,25305,8,2005.0,아파트,2022
성북구,13300,정릉동,3.0,20220817,월세,27.47,1000,35,2020.0,연립다세대,2022
성북구,13300,정릉동,2.0,20220817,월세,36.33,10312,17,2020.0,연립다세대,2022
성북구,13300,정릉동,3.0,20220817,월세,93.88,500,45,2001.0,연립다세대,2022
성북구,13300,정릉동,4.0,20220817,월세,23.51,7500,14,2020.0,연립다세대,2022
성북구,13500,종암동,1.0,20220817,월세,130.86,500,75,1976.0,연립다세대,2022
성북구,13300,정릉동,2.0,20220817,월세,84.83,15000,85,2001.0,아파트,2022
성북구,13600,하월곡동,4.0,20220817,월세,68.55,3000,80,1997.0,연립다세대,2022
성북구,13400,길음동,6.0,20220817,월세,59.37,10000,140,2007.0,아파트,2022
성북구,13400,길음동,18.0,20220817,월세,84.97,40000,59,2005.0,아파트,2022
성북구,10300,돈암동,6.0,20220817,월세,152.25,20000,200,1998.0,아파트,2022
성북구,10900,동소문동6가,10.0,20220817,월세,14.18,18000,7,2012.0,아파트,2022
성북구,10400,동소문동1가,4.0,20220817,월세,126.36,15000,150,1992.0,연립다세대,2022
성북구,13500,종암동,4.0,20220818,월세,28.25,1000,65,2016.0,연립다세대,2022
성북구,12100,안암동1가,4.0,20220818,월세,84.87,10000,175,2005.0,아파트,2022
성북구,13800,장위동,5.0,20220818,월세,59.92,10000,160,2021.0,아파트,2022
성북구,13800,장위동,4.0,20220818,월세,36.14,8889,24,2020.0,아파트,2022
성북구,13900,석관동,1.0,20220818,월세,59.98,100,150,2019.0,아파트,2022
성북구,13700,상월곡동,12.0,20220818,월세,59.95,3000,120,2003.0,아파트,2022
성북구,13800,장위동,6.0,20220818,월세,46.35,11871,32,2020.0,아파트,2022
성북구,13600,하월곡동,20.0,20220818,월세,126.6,65000,80,2011.0,아파트,2022
성북구,13300,정릉동,,20220818,월세,55.53,2000,45,1993.0,단독다가구,2022
성북구,13900,석관동,,20220818,월세,14.0,1000,50,2019.0,단독다가구,2022
성북구,11400,삼선동4가,,20220818,월세,36.0,5000,25,1996.0,단독다가구,2022
성북구,13300,정릉동,,20220818,월세,36.0,10000,50,2012.0,단독다가구,2022
성북구,11400,삼선동4가,,20220818,월세,36.0,7500,20,1996.0,단독다가구,2022
성북구,13500,종암동,,20220818,월세,40.0,1000,40,1994.0,단독다가구,2022
성북구,13800,장위동,,20220818,월세,26.78,2060,10,2018.0,단독다가구,2022
성북구,13900,석관동,,20220818,월세,26.08,500,35,1993.0,단독다가구,2022
성북구,13600,하월곡동,,20220818,월세,26.0,8000,10,1997.0,단독다가구,2022
성북구,13300,정릉동,1.0,20220818,월세,45.13,500,75,1995.0,연립다세대,2022
성북구,13700,상월곡동,,20220818,월세,23.0,1000,60,2016.0,단독다가구,2022
성북구,11800,동선동3가,,20220818,월세,20.0,1000,40,1966.0,단독다가구,2022
성북구,12800,보문동6가,,20220818,월세,19.83,300,30,1993.0,단독다가구,2022
성북구,13300,정릉동,,20220818,월세,16.5,1000,30,2019.0,단독다가구,2022
성북구,13600,하월곡동,19.0,20220818,월세,59.86,5000,100,2003.0,아파트,2022
성북구,11400,삼선동4가,8.0,20220818,월세,29.53,10000,58,2014.0,오피스텔,2022
성북구,11700,동선동2가,3.0,20220818,월세,12.26,2500,42,2011.0,연립다세대,2022
성북구,11100,삼선동1가,2.0,20220818,월세,105.09,9000,20,2004.0,연립다세대,2022
성북구,13300,정릉동,,20220819,월세,45.0,1000,72,2002.0,단독다가구,2022
성북구,13600,하월곡동,5.0,20220819,월세,18.02,1000,60,2020.0,오피스텔,2022
성북구,13300,정릉동,8.0,20220819,월세,59.37,5000,140,2009.0,아파트,2022
성북구,13900,석관동,9.0,20220819,월세,84.98,1000,55,2019.0,아파트,2022
성북구,13900,석관동,11.0,20220819,월세,59.98,50000,35,2019.0,아파트,2022
성북구,12800,보문동6가,,20220819,월세,56.94,5000,80,2016.0,단독다가구,2022
성북구,13800,장위동,,20220819,월세,11.0,200,20,1980.0,단독다가구,2022
성북구,13300,정릉동,,20220819,월세,14.0,500,50,2018.0,단독다가구,2022
성북구,13800,장위동,,20220819,월세,69.82,15000,10,1970.0,단독다가구,2022
성북구,13800,장위동,,20220819,월세,75.0,1000,70,1990.0,단독다가구,2022
성북구,13600,하월곡동,,20220819,월세,47.59,2000,40,1993.0,단독다가구,2022
성북구,13600,하월곡동,20.0,20220819,월세,84.91,22000,60,2011.0,아파트,2022
성북구,13400,길음동,4.0,20220819,월세,34.88,2267,27,2003.0,아파트,2022
성북구,13600,하월곡동,7.0,20220819,월세,84.73,20000,100,2010.0,아파트,2022
성북구,13400,길음동,6.0,20220819,월세,59.99,3000,200,2003.0,아파트,2022
성북구,10300,돈암동,14.0,20220819,월세,152.25,50000,130,1998.0,아파트,2022
성북구,13300,정릉동,2.0,20220819,월세,58.89,7000,30,1990.0,연립다세대,2022
성북구,13400,길음동,5.0,20220819,월세,34.88,5551,11,2003.0,아파트,2022
성북구,13400,길음동,5.0,20220819,월세,59.99,2000,150,2005.0,아파트,2022
성북구,13400,길음동,7.0,20220819,월세,59.99,5000,160,2005.0,아파트,2022
성북구,10400,동소문동1가,,20220819,월세,34.23,1000,56,2001.0,단독다가구,2022
성북구,11700,동선동2가,,20220819,월세,20.0,1000,40,2010.0,단독다가구,2022
성북구,13500,종암동,,20220819,월세,20.0,1000,35,1995.0,단독다가구,2022
성북구,13500,종암동,,20220819,월세,17.0,500,35,1992.0,단독다가구,2022
성북구,11500,삼선동5가,,20220819,월세,16.5,500,40,2010.0,단독다가구,2022
성북구,13300,정릉동,,20220819,월세,15.0,500,30,2001.0,단독다가구,2022
성북구,13100,보문동2가,,20220819,월세,19.0,1000,55,2010.0,단독다가구,2022
성북구,13300,정릉동,,20220819,월세,16.52,500,55,2021.0,단독다가구,2022
성북구,11700,동선동2가,,20220819,월세,18.0,500,35,1994.0,단독다가구,2022
성북구,13900,석관동,,20220819,월세,30.0,500,40,1993.0,단독다가구,2022
성북구,13300,정릉동,,20220819,월세,26.55,500,45,1979.0,단독다가구,2022
성북구,11700,동선동2가,,20220819,월세,30.0,500,40,1994.0,단독다가구,2022
성북구,12200,안암동2가,,20220819,월세,27.0,500,40,1993.0,단독다가구,2022
성북구,12900,보문동7가,,20220820,월세,27.0,1000,65,1992.0,단독다가구,2022
성북구,13600,하월곡동,,20220820,월세,16.27,1000,45,2009.0,단독다가구,2022
성북구,10200,성북동1가,,20220820,월세,20.0,1000,40,1992.0,단독다가구,2022
성북구,13600,하월곡동,,20220820,월세,15.0,1000,45,2009.0,단독다가구,2022
성북구,13300,정릉동,,20220820,월세,20.0,5000,30,2022.0,단독다가구,2022
성북구,13600,하월곡동,,20220820,월세,21.0,2000,65,2022.0,단독다가구,2022
성북구,13600,하월곡동,,20220820,월세,21.0,1000,50,2014.0,단독다가구,2022
성북구,11400,삼선동4가,,20220820,월세,21.0,1000,50,2008.0,단독다가구,2022
성북구,11800,동선동3가,,20220820,월세,21.0,500,45,2011.0,단독다가구,2022
성북구,11700,동선동2가,,20220820,월세,20.0,500,33,2017.0,단독다가구,2022
성북구,13900,석관동,,20220820,월세,17.0,500,32,1991.0,단독다가구,2022
성북구,13600,하월곡동,,20220820,월세,19.0,1000,55,2020.0,단독다가구,2022
성북구,12800,보문동6가,2.0,20220820,월세,33.27,1000,70,1991.0,연립다세대,2022
성북구,13300,정릉동,2.0,20220820,월세,25.11,500,47,2020.0,연립다세대,2022
성북구,13100,보문동2가,6.0,20220820,월세,22.51,9500,16,2002.0,오피스텔,2022
성북구,13600,하월곡동,,20220820,월세,46.29,5000,50,1991.0,단독다가구,2022
성북구,13900,석관동,,20220820,월세,46.0,10000,20,1972.0,단독다가구,2022
성북구,13300,정릉동,4.0,20220820,월세,54.77,6000,80,2015.0,연립다세대,2022
성북구,10300,돈암동,3.0,20220820,월세,84.97,5000,137,2004.0,아파트,2022
성북구,13500,종암동,3.0,20220820,월세,84.95,5000,180,2004.0,아파트,2022
성북구,13600,하월곡동,19.0,20220820,월세,84.77,6000,150,2003.0,아파트,2022
성북구,12800,보문동6가,11.0,20220820,월세,29.96,6937,19,2017.0,아파트,2022
성북구,13600,하월곡동,15.0,20220820,월세,15.62,1000,60,2013.0,아파트,2022
성북구,13500,종암동,13.0,20220820,월세,84.99,10000,151,2011.0,아파트,2022
성북구,13600,하월곡동,17.0,20220820,월세,84.59,20000,100,2006.0,아파트,2022
성북구,13900,석관동,20.0,20220820,월세,84.9,13000,150,1998.0,아파트,2022
성북구,13600,하월곡동,10.0,20220820,월세,84.73,5000,155,2010.0,아파트,2022
성북구,13400,길음동,13.0,20220820,월세,84.84,10000,120,2003.0,아파트,2022
성북구,13400,길음동,13.0,20220820,월세,84.97,5000,170,2005.0,아파트,2022
성북구,13400,길음동,15.0,20220820,월세,84.97,10000,107,2005.0,아파트,2022
성북구,13300,정릉동,,20220820,월세,57.15,13000,25,1996.0,단독다가구,2022
성북구,11500,삼선동5가,,20220820,월세,58.29,10000,45,2002.0,단독다가구,2022
성북구,11200,삼선동2가,,20220820,월세,58.13,3000,90,1989.0,단독다가구,2022
성북구,10900,동소문동6가,,20220820,월세,49.7,5000,50,1992.0,단독다가구,2022
성북구,13500,종암동,9.0,20220820,월세,59.61,5000,150,2005.0,아파트,2022
성북구,13300,정릉동,3.0,20220820,월세,50.88,3400,68,2013.0,연립다세대,2022
성북구,13300,정릉동,3.0,20220820,월세,50.88,4000,65,2013.0,연립다세대,2022
성북구,13300,정릉동,,20220821,월세,18.18,500,45,2018.0,단독다가구,2022
성북구,13400,길음동,9.0,20220821,월세,59.94,20000,80,1998.0,아파트,2022
성북구,13800,장위동,8.0,20220821,월세,14.71,11000,10,2019.0,아파트,2022
성북구,13800,장위동,17.0,20220821,월세,18.03,5000,40,2019.0,오피스텔,2022
성북구,13300,정릉동,7.0,20220821,월세,59.42,5000,73,1999.0,아파트,2022
성북구,13100,보문동2가,,20220821,월세,53.33,3000,30,1989.0,단독다가구,2022
성북구,11200,삼선동2가,,20220822,월세,36.8,1000,70,1994.0,단독다가구,2022
성북구,11800,동선동3가,,20220822,월세,33.4,10000,30,1996.0,단독다가구,2022
성북구,10100,성북동,,20220822,월세,33.0,11000,10,1995.0,단독다가구,2022
성북구,13800,장위동,,20220822,월세,33.0,300,35,1993.0,단독다가구,2022
성북구,11100,삼선동1가,,20220822,월세,59.2,5000,60,1993.0,단독다가구,2022
성북구,11800,동선동3가,,20220822,월세,33.0,5000,60,1995.0,단독다가구,2022
성북구,13300,정릉동,,20220822,월세,35.0,500,65,1989.0,단독다가구,2022
성북구,13800,장위동,5.0,20220822,월세,84.84,20000,138,2008.0,아파트,2022
성북구,12500,안암동5가,,20220822,월세,24.5,300,42,1997.0,단독다가구,2022
성북구,13300,정릉동,,20220822,월세,25.0,300,25,1993.0,단독다가구,2022
성북구,13600,하월곡동,,20220822,월세,25.0,1000,43,1991.0,단독다가구,2022
성북구,13900,석관동,,20220822,월세,25.0,300,35,2010.0,단독다가구,2022
성북구,13700,상월곡동,,20220822,월세,41.31,300,30,1994.0,단독다가구,2022
성북구,10300,돈암동,5.0,20220822,월세,68.13,7000,130,1998.0,아파트,2022
성북구,10100,성북동,,20220822,월세,19.8,500,52,1997.0,단독다가구,2022
성북구,13300,정릉동,2.0,20220822,월세,93.88,3000,17,2001.0,연립다세대,2022
성북구,13900,석관동,,20220822,월세,15.0,500,45,1990.0,단독다가구,2022
성북구,10300,돈암동,10.0,20220822,월세,84.87,5000,127,1998.0,아파트,2022
성북구,11500,삼선동5가,4.0,20220822,월세,43.58,17000,76,2020.0,연립다세대,2022
성북구,11600,동선동1가,8.0,20220822,월세,14.08,5000,45,2014.0,연립다세대,2022
성북구,13300,정릉동,13.0,20220822,월세,31.22,3398,5,2015.0,아파트,2022
성북구,13100,보문동2가,1.0,20220822,월세,65.73,8000,30,2002.0,연립다세대,2022
성북구,12800,보문동6가,5.0,20220822,월세,72.97,20000,160,2017.0,아파트,2022
성북구,10300,돈암동,12.0,20220822,월세,84.82,46000,6,2006.0,아파트,2022
성북구,13500,종암동,2.0,20220822,월세,84.92,23000,50,2009.0,아파트,2022
성북구,10800,동소문동5가,10.0,20220822,월세,15.42,1000,90,2018.0,아파트,2022
성북구,13600,하월곡동,,20220823,월세,15.18,1000,55,,단독다가구,2022
성북구,13300,정릉동,,20220823,월세,16.0,1000,50,,단독다가구,2022
성북구,11800,동선동3가,,20220823,월세,20.0,1000,50,2006.0,단독다가구,2022
성북구,13900,석관동,,20220823,월세,17.0,500,45,2019.0,단독다가구,2022
성북구,12100,안암동1가,,20220823,월세,16.0,500,40,1988.0,단독다가구,2022
성북구,13600,하월곡동,,20220823,월세,16.52,500,30,1990.0,단독다가구,2022
성북구,10200,성북동1가,2.0,20220823,월세,81.55,34000,20,1998.0,연립다세대,2022
성북구,10100,성북동,,20220823,월세,16.0,500,40,1969.0,단독다가구,2022
성북구,10300,돈암동,,20220823,월세,36.71,1000,30,1992.0,단독다가구,2022
성북구,13600,하월곡동,3.0,20220823,월세,59.65,35000,20,2010.0,아파트,2022
성북구,13400,길음동,16.0,20220823,월세,84.05,40000,90,2007.0,아파트,2022
성북구,13900,석관동,,20220823,월세,25.0,400,25,1993.0,단독다가구,2022
성북구,11100,삼선동1가,,20220823,월세,30.0,500,35,,단독다가구,2022
성북구,13800,장위동,,20220823,월세,30.0,1520,60,1973.0,단독다가구,2022
성북구,13300,정릉동,,20220823,월세,30.0,300,57,1999.0,단독다가구,2022
성북구,13900,석관동,,20220823,월세,30.0,300,32,1996.0,단독다가구,2022
성북구,13300,정릉동,2.0,20220823,월세,36.18,597,5,1992.0,연립다세대,2022
성북구,13400,길음동,32.0,20220823,월세,59.9,5000,190,2019.0,아파트,2022
성북구,10300,돈암동,13.0,20220823,월세,84.76,30000,100,2016.0,아파트,2022
성북구,10300,돈암동,10.0,20220823,월세,84.59,20000,120,1999.0,아파트,2022
성북구,13300,정릉동,4.0,20220823,월세,37.08,2000,60,2002.0,연립다세대,2022
성북구,13800,장위동,12.0,20220823,월세,84.94,35000,120,2020.0,아파트,2022
성북구,13300,정릉동,6.0,20220823,월세,85.0,30000,90,2006.0,아파트,2022
성북구,13800,장위동,9.0,20220823,월세,39.34,3659,7,2006.0,아파트,2022
성북구,13800,장위동,4.0,20220823,월세,39.34,1329,20,2006.0,아파트,2022
성북구,13400,길음동,30.0,20220823,월세,84.98,40000,160,2022.0,아파트,2022
성북구,13400,길음동,21.0,20220823,월세,84.98,30000,180,2022.0,아파트,2022
성북구,13400,길음동,14.0,20220823,월세,84.13,5000,120,1998.0,아파트,2022
성북구,11800,동선동3가,1.0,20220824,월세,37.11,2000,60,1996.0,연립다세대,2022
성북구,13300,정릉동,1.0,20220824,월세,73.88,2000,75,1980.0,연립다세대,2022
성북구,13800,장위동,,20220824,월세,42.0,1000,45,1993.0,단독다가구,2022
성북구,11900,동선동4가,,20220824,월세,20.0,500,35,1971.0,단독다가구,2022
성북구,10100,성북동,4.0,20220824,월세,38.4,1000,110,2016.0,연립다세대,2022
성북구,13600,하월곡동,,20220824,월세,16.0,2000,46,2019.0,단독다가구,2022
성북구,12500,안암동5가,,20220824,월세,19.8,1000,60,2018.0,단독다가구,2022
성북구,13800,장위동,,20220824,월세,49.58,500,53,1996.0,단독다가구,2022
성북구,11200,삼선동2가,,20220824,월세,62.59,1000,67,1990.0,단독다가구,2022
성북구,12700,보문동5가,,20220824,월세,47.52,2000,50,1992.0,단독다가구,2022
성북구,12700,보문동5가,,20220824,월세,57.6,2000,70,1992.0,단독다가구,2022
성북구,13700,상월곡동,,20220824,월세,51.24,4500,40,1993.0,단독다가구,2022
성북구,13200,보문동3가,4.0,20220824,월세,84.9,24200,80,2013.0,아파트,2022
성북구,13600,하월곡동,,20220824,월세,29.75,300,35,1992.0,단독다가구,2022
성북구,13600,하월곡동,18.0,20220824,월세,126.6,50000,160,2011.0,아파트,2022
성북구,11400,삼선동4가,,20220824,월세,26.0,2000,63,1991.0,단독다가구,2022
성북구,13500,종암동,,20220824,월세,30.0,500,90,1993.0,단독다가구,2022
성북구,10300,돈암동,6.0,20220824,월세,59.4,30000,40,1999.0,아파트,2022
성북구,13900,석관동,8.0,20220824,월세,84.9,25000,80,1998.0,아파트,2022
성북구,10100,성북동,3.0,20220824,월세,50.54,2000,80,1992.0,연립다세대,2022
성북구,13500,종암동,5.0,20220824,월세,45.74,28000,20,2015.0,연립다세대,2022
성북구,13300,정릉동,,20220825,월세,11.0,500,45,2018.0,단독다가구,2022
성북구,13700,상월곡동,,20220825,월세,37.0,1000,60,2018.0,단독다가구,2022
성북구,13900,석관동,,20220825,월세,37.0,8500,20,1986.0,단독다가구,2022
성북구,13400,길음동,1.0,20220825,월세,114.73,55000,40,2005.0,아파트,2022
성북구,13400,길음동,12.0,20220825,월세,84.84,20000,110,2003.0,아파트,2022
성북구,13600,하월곡동,,20220825,월세,31.98,800,40,1993.0,단독다가구,2022
성북구,11600,동선동1가,,20220825,월세,20.0,14000,10,2019.0,단독다가구,2022
성북구,13900,석관동,1.0,20220825,월세,36.29,3000,55,1995.0,연립다세대,2022
성북구,13500,종암동,,20220825,월세,33.0,7000,12,2002.0,단독다가구,2022
성북구,13300,정릉동,,20220825,월세,20.0,1000,55,2022.0,단독다가구,2022
성북구,13800,장위동,12.0,20220825,월세,49.33,1792,24,2006.0,아파트,2022
성북구,13300,정릉동,15.0,20220825,월세,59.94,20000,50,2004.0,아파트,2022
성북구,13300,정릉동,5.0,20220825,월세,59.98,5000,115,2005.0,아파트,2022
성북구,13500,종암동,7.0,20220825,월세,59.86,18000,55,1999.0,아파트,2022
성북구,13800,장위동,5.0,20220825,월세,29.93,16000,70,2022.0,연립다세대,2022
성북구,11500,삼선동5가,,20220825,월세,50.7,13000,30,1995.0,단독다가구,2022
성북구,13300,정릉동,,20220825,월세,63.0,500,55,1993.0,단독다가구,2022
성북구,13300,정릉동,,20220825,월세,57.22,2000,50,1974.0,단독다가구,2022
성북구,13300,정릉동,3.0,20220825,월세,12.62,0,35,2013.0,연립다세대,2022
성북구,13900,석관동,3.0,20220825,월세,72.55,12000,50,2003.0,연립다세대,2022
성북구,10300,돈암동,13.0,20220825,월세,84.82,10000,150,2006.0,아파트,2022
성북구,13600,하월곡동,,20220825,월세,25.0,300,32,1994.0,단독다가구,2022
성북구,11000,동소문동7가,19.0,20220825,월세,59.91,10000,86,2004.0,아파트,2022
성북구,12200,안암동2가,,20220825,월세,23.1,500,37,1997.0,단독다가구,2022
성북구,10200,성북동1가,,20220825,월세,23.1,1000,75,2014.0,단독다가구,2022
성북구,13900,석관동,,20220826,월세,15.0,300,40,2018.0,단독다가구,2022
성북구,11000,동소문동7가,,20220826,월세,25.9,1000,54,2016.0,단독다가구,2022
성북구,13700,상월곡동,,20220826,월세,17.0,1000,45,2022.0,단독다가구,2022
성북구,11700,동선동2가,,20220826,월세,30.0,500,50,1996.0,단독다가구,2022
성북구,11400,삼선동4가,,20220826,월세,15.0,1000,40,2011.0,단독다가구,2022
성북구,11900,동선동4가,,20220826,월세,15.0,2000,35,2013.0,단독다가구,2022
성북구,13800,장위동,,20220826,월세,19.93,300,30,1975.0,단독다가구,2022
성북구,13200,보문동3가,11.0,20220826,월세,59.49,6000,60,2003.0,아파트,2022
성북구,10300,돈암동,6.0,20220826,월세,59.58,3000,93,1998.0,아파트,2022
성북구,13800,장위동,2.0,20220826,월세,28.27,12000,35,2016.0,연립다세대,2022
성북구,13900,석관동,,20220826,월세,38.77,12000,30,,단독다가구,2022
성북구,12700,보문동5가,,20220826,월세,36.0,9000,18,1994.0,단독다가구,2022
성북구,12600,보문동4가,6.0,20220826,월세,47.72,3000,81,2016.0,연립다세대,2022
성북구,13400,길음동,13.0,20220826,월세,59.99,16000,100,2010.0,아파트,2022
성북구,13300,정릉동,13.0,20220826,월세,59.98,25000,30,2001.0,아파트,2022
성북구,13900,석관동,,20220826,월세,40.0,3000,50,2002.0,단독다가구,2022
성북구,13300,정릉동,,20220826,월세,40.0,500,40,1974.0,단독다가구,2022
성북구,13600,하월곡동,7.0,20220826,월세,59.75,22000,60,2006.0,아파트,2022
성북구,13900,석관동,2.0,20220826,월세,84.98,1000,50,2019.0,아파트,2022
성북구,13500,종암동,10.0,20220826,월세,84.99,36000,95,2009.0,아파트,2022
성북구,13900,석관동,20.0,20220826,월세,84.9,37000,40,1998.0,아파트,2022
성북구,10300,돈암동,5.0,20220826,월세,68.76,5000,120,1991.0,아파트,2022
성북구,13500,종암동,18.0,20220826,월세,114.98,60000,40,2004.0,아파트,2022
성북구,13500,종암동,4.0,20220826,월세,29.9,12715,40,2019.0,연립다세대,2022
성북구,13900,석관동,3.0,20220826,월세,34.99,2500,26,2018.0,연립다세대,2022
성북구,11500,삼선동5가,3.0,20220826,월세,42.12,1000,50,2002.0,연립다세대,2022
성북구,13500,종암동,,20220826,월세,48.36,1000,65,1992.0,단독다가구,2022
성북구,10300,돈암동,,20220826,월세,60.5,2000,65,,단독다가구,2022
성북구,13300,정릉동,,20220826,월세,66.81,12000,30,1988.0,단독다가구,2022
성북구,11200,삼선동2가,2.0,20220827,월세,38.2,1000,40,1997.0,연립다세대,2022
성북구,11100,삼선동1가,2.0,20220827,월세,105.09,5000,50,2004.0,연립다세대,2022
성북구,11100,삼선동1가,2.0,20220827,월세,105.09,5000,35,2004.0,연립다세대,2022
성북구,13800,장위동,-1.0,20220827,월세,69.08,10000,18,2001.0,연립다세대,2022
성북구,13900,석관동,3.0,20220827,월세,59.69,10000,100,2011.0,아파트,2022
성북구,11500,삼선동5가,,20220827,월세,20.0,5000,30,2002.0,단독다가구,2022
성북구,13600,하월곡동,,20220827,월세,30.74,3000,20,1994.0,단독다가구,2022
성북구,12100,안암동1가,,20220827,월세,24.76,2000,95,2022.0,단독다가구,2022
성북구,11800,동선동3가,,20220827,월세,23.1,2000,50,2001.0,단독다가구,2022
성북구,11900,동선동4가,,20220827,월세,20.0,500,40,1971.0,단독다가구,2022
성북구,13300,정릉동,,20220827,월세,30.3,500,30,1990.0,단독다가구,2022
성북구,13500,종암동,,20220827,월세,19.8,200,35,1995.0,단독다가구,2022
성북구,13600,하월곡동,,20220827,월세,25.46,580,30,1994.0,단독다가구,2022
성북구,13800,장위동,,20220827,월세,24.0,500,35,1993.0,단독다가구,2022
성북구,12100,안암동1가,,20220827,월세,23.0,1000,50,2020.0,단독다가구,2022
성북구,13300,정릉동,,20220827,월세,25.0,200,30,1995.0,단독다가구,2022
성북구,13100,보문동2가,,20220827,월세,27.0,500,50,2000.0,단독다가구,2022
성북구,10300,돈암동,5.0,20220827,월세,59.58,4000,120,1998.0,아파트,2022
성북구,13800,장위동,,20220827,월세,58.5,5000,50,1990.0,단독다가구,2022
성북구,11100,삼선동1가,,20220827,월세,58.98,20000,50,1989.0,단독다가구,2022
성북구,13600,하월곡동,,20220827,월세,48.92,3500,50,1994.0,단독다가구,2022
성북구,13500,종암동,,20220827,월세,55.0,7500,30,1993.0,단독다가구,2022
성북구,13300,정릉동,,20220827,월세,55.64,2000,85,1967.0,단독다가구,2022
성북구,13800,장위동,,20220827,월세,34.0,500,30,1989.0,단독다가구,2022
성북구,13500,종암동,9.0,20220827,월세,84.99,10000,180,2011.0,아파트,2022
성북구,10300,돈암동,13.0,20220827,월세,59.64,13500,70,1999.0,아파트,2022
성북구,13800,장위동,3.0,20220827,월세,20.02,5000,37,2021.0,연립다세대,2022
성북구,13400,길음동,7.0,20220827,월세,84.97,55000,8,2005.0,아파트,2022
성북구,13400,길음동,9.0,20220827,월세,114.73,1000,250,2005.0,아파트,2022
성북구,13300,정릉동,7.0,20220827,월세,43.11,2000,80,2001.0,아파트,2022
성북구,13400,길음동,21.0,20220827,월세,84.95,60000,15,2010.0,아파트,2022
성북구,13300,정릉동,18.0,20220827,월세,55.46,25000,35,1999.0,아파트,2022
성북구,13800,장위동,6.0,20220827,월세,18.03,500,55,2019.0,오피스텔,2022
성북구,13800,장위동,9.0,20220827,월세,18.03,1000,49,2019.0,오피스텔,2022
성북구,13800,장위동,10.0,20220827,월세,15.21,2000,50,2019.0,아파트,2022
성북구,13400,길음동,6.0,20220827,월세,84.96,35000,85,2003.0,아파트,2022
성북구,12600,보문동4가,6.0,20220827,월세,82.03,30000,120,2011.0,아파트,2022
성북구,13300,정릉동,1.0,20220827,월세,84.68,30000,75,2005.0,아파트,2022
성북구,11200,삼선동2가,2.0,20220827,월세,114.65,50000,60,2008.0,아파트,2022
성북구,13300,정릉동,1.0,20220828,월세,61.36,6000,60,1997.0,연립다세대,2022
성북구,13100,보문동2가,,20220828,월세,19.8,5000,60,2020.0,단독다가구,2022
성북구,11200,삼선동2가,,20220828,월세,16.0,500,35,2010.0,단독다가구,2022
성북구,12500,안암동5가,,20220828,월세,26.0,500,50,1994.0,단독다가구,2022
성북구,13600,하월곡동,,20220828,월세,20.0,2000,45,2017.0,단독다가구,2022
성북구,12500,안암동5가,,20220828,월세,23.14,500,45,1994.0,단독다가구,2022
성북구,13500,종암동,,20220828,월세,55.0,2000,70,1992.0,단독다가구,2022
성북구,13400,길음동,13.0,20220828,월세,84.84,30000,50,2003.0,아파트,2022
성북구,13800,장위동,16.0,20220828,월세,84.98,35000,90,2021.0,아파트,2022
성북구,13600,하월곡동,,20220829,월세,46.67,1000,70,2015.0,단독다가구,2022
성북구,12200,안암동2가,,20220829,월세,40.0,10000,30,1986.0,단독다가구,2022
성북구,10300,돈암동,4.0,20220829,월세,59.58,20000,90,1998.0,아파트,2022
성북구,13600,하월곡동,,20220829,월세,33.0,300,29,1999.0,단독다가구,2022
성북구,13300,정릉동,,20220829,월세,38.44,1000,40,1996.0,단독다가구,2022
성북구,10300,돈암동,6.0,20220829,월세,59.58,3000,95,1998.0,아파트,2022
성북구,13300,정릉동,7.0,20220829,월세,59.98,35000,50,2008.0,아파트,2022
성북구,13800,장위동,7.0,20220829,월세,39.34,3121,10,2006.0,아파트,2022
성북구,13300,정릉동,4.0,20220829,월세,22.0,1000,65,2012.0,연립다세대,2022
성북구,13800,장위동,13.0,20220829,월세,49.33,5352,4,2006.0,아파트,2022
성북구,13500,종암동,3.0,20220829,월세,49.0,7982,21,2018.0,연립다세대,2022
성북구,13300,정릉동,5.0,20220829,월세,84.95,35000,50,2005.0,아파트,2022
성북구,12000,동선동5가,2.0,20220829,월세,70.51,14000,15,1979.0,연립다세대,2022
성북구,11900,동선동4가,,20220829,월세,13.2,300,30,1994.0,단독다가구,2022
성북구,13300,정릉동,3.0,20220829,월세,43.11,20000,4,2001.0,아파트,2022
성북구,13800,장위동,2.0,20220829,월세,76.62,2000,90,2002.0,연립다세대,2022
성북구,11800,동선동3가,,20220829,월세,29.0,1000,60,2001.0,단독다가구,2022
성북구,11500,삼선동5가,,20220829,월세,16.52,1000,50,2017.0,단독다가구,2022
성북구,13600,하월곡동,,20220829,월세,15.0,3700,40,2020.0,단독다가구,2022
성북구,13900,석관동,,20220829,월세,16.0,500,40,1967.0,단독다가구,2022
성북구,13300,정릉동,,20220829,월세,20.0,1000,50,2022.0,단독다가구,2022
성북구,13800,장위동,,20220829,월세,49.57,10000,20,1997.0,단독다가구,2022
성북구,13300,정릉동,5.0,20220829,월세,12.67,1000,44,2012.0,연립다세대,2022
성북구,13300,정릉동,5.0,20220830,월세,19.8,1000,65,2003.0,연립다세대,2022
성북구,13600,하월곡동,,20220830,월세,33.79,3000,50,1992.0,단독다가구,2022
성북구,13900,석관동,,20220830,월세,39.66,10000,8,1971.0,단독다가구,2022
성북구,13300,정릉동,9.0,20220830,월세,32.76,3078,6,2005.0,아파트,2022
성북구,13600,하월곡동,,20220830,월세,36.0,200,30,1993.0,단독다가구,2022
성북구,13400,길음동,14.0,20220830,월세,59.97,40000,55,2019.0,아파트,2022
성북구,13800,장위동,5.0,20220830,월세,59.99,50000,50,2020.0,아파트,2022
성북구,13900,석관동,15.0,20220830,월세,134.97,40000,100,1998.0,아파트,2022
성북구,13300,정릉동,5.0,20220830,월세,77.24,3000,74,2008.0,연립다세대,2022
성북구,13600,하월곡동,3.0,20220830,월세,59.65,35000,20,2010.0,아파트,2022
성북구,13400,길음동,4.0,20220830,월세,34.88,1870,16,2003.0,아파트,2022
성북구,13600,하월곡동,,20220830,월세,19.83,300,30,1994.0,단독다가구,2022
성북구,13500,종암동,,20220830,월세,15.0,500,40,1964.0,단독다가구,2022
성북구,11800,동선동3가,3.0,20220830,월세,26.51,8000,35,2012.0,연립다세대,2022
성북구,13900,석관동,,20220831,월세,45.0,15000,3,2013.0,단독다가구,2022
성북구,13500,종암동,5.0,20220831,월세,43.76,100,50,2018.0,연립다세대,2022
성북구,13500,종암동,2.0,20220831,월세,57.36,100,65,2018.0,연립다세대,2022
성북구,13500,종암동,4.0,20220831,월세,55.93,100,63,2018.0,연립다세대,2022
성북구,13100,보문동2가,,20220831,월세,20.0,500,29,1989.0,단독다가구,2022
성북구,13500,종암동,2.0,20220831,월세,14.7,1000,45,2011.0,연립다세대,2022
성북구,13500,종암동,5.0,20220831,월세,14.7,1000,45,2011.0,연립다세대,2022
성북구,13400,길음동,4.0,20220831,월세,59.6,5000,84,2018.0,연립다세대,2022
성북구,13500,종암동,5.0,20220831,월세,59.73,1000,160,2004.0,아파트,2022
성북구,13300,정릉동,12.0,20220831,월세,32.76,2537,9,2005.0,아파트,2022
성북구,13300,정릉동,,20220831,월세,39.6,1000,60,,단독다가구,2022
성북구,13800,장위동,,20220831,월세,33.05,1500,21,1994.0,단독다가구,2022
성북구,13500,종암동,26.0,20220831,월세,84.72,40000,30,1999.0,아파트,2022
성북구,13800,장위동,11.0,20220831,월세,49.33,1792,24,2006.0,아파트,2022
성북구,13300,정릉동,3.0,20220831,월세,62.43,2826,29,2021.0,연립다세대,2022
성북구,10100,성북동,,20220831,월세,33.0,10000,10,1995.0,단독다가구,2022
성북구,13300,정릉동,5.0,20220831,월세,59.64,3285,34,2021.0,연립다세대,2022
성북구,13800,장위동,,20220831,월세,60.0,2000,15,1991.0,단독다가구,2022
성북구,13300,정릉동,,20220831,월세,48.0,1000,60,1994.0,단독다가구,2022
성북구,13500,종암동,2.0,20220831,월세,44.78,7307,20,2018.0,연립다세대,2022
성북구,12600,보문동4가,13.0,20220831,월세,82.03,5000,160,2011.0,아파트,2022
성북구,13300,정릉동,8.0,20220831,월세,52.89,2000,63,1977.0,아파트,2022
성북구,13900,석관동,5.0,20220831,월세,52.61,3634,37,2021.0,연립다세대,2022
성북구,13300,정릉동,,20220831,월세,16.0,5000,30,2022.0,단독다가구,2022
성북구,13400,길음동,16.0,20220901,월세,114.73,20000,140,2005.0,아파트,2022
성북구,12300,안암동3가,5.0,20220901,월세,42.61,1000,45,1971.0,아파트,2022
성북구,13700,상월곡동,5.0,20220901,월세,39.45,12000,20,2002.0,연립다세대,2022
성북구,13400,길음동,5.0,20220901,월세,59.75,20000,120,2006.0,아파트,2022
성북구,10700,동소문동4가,1.0,20220901,월세,58.59,7500,70,1998.0,아파트,2022
성북구,13600,하월곡동,3.0,20220901,월세,19.65,1000,40,2013.0,연립다세대,2022
성북구,12700,보문동5가,,20220901,월세,42.36,1500,40,1993.0,단독다가구,2022
성북구,13800,장위동,,20220901,월세,43.74,1000,50,1990.0,단독다가구,2022
성북구,13800,장위동,,20220901,월세,23.1,300,30,1989.0,단독다가구,2022
성북구,13500,종암동,,20220901,월세,24.0,500,40,1996.0,단독다가구,2022
성북구,11400,삼선동4가,,20220901,월세,20.0,1000,55,2021.0,단독다가구,2022
성북구,10800,동소문동5가,16.0,20220901,월세,14.09,2000,77,2018.0,아파트,2022
성북구,13000,보문동1가,,20220901,월세,30.0,1000,65,1995.0,단독다가구,2022
성북구,13300,정릉동,,20220901,월세,18.0,1000,50,2018.0,단독다가구,2022
성북구,13500,종암동,,20220901,월세,37.0,300,36,1997.0,단독다가구,2022
성북구,13800,장위동,6.0,20220901,월세,84.98,10000,50,2006.0,아파트,2022
성북구,11400,삼선동4가,18.0,20220901,월세,59.94,20000,60,1999.0,아파트,2022
성북구,13300,정릉동,,20220901,월세,63.36,10000,50,1993.0,단독다가구,2022
성북구,13100,보문동2가,,20220901,월세,47.44,1000,65,1993.0,단독다가구,2022
성북구,13600,하월곡동,,20220902,월세,23.1,500,40,2008.0,단독다가구,2022
성북구,13500,종암동,18.0,20220902,월세,59.99,5000,150,2004.0,아파트,2022
성북구,13900,석관동,,20220902,월세,70.43,4000,55,2002.0,단독다가구,2022
성북구,13900,석관동,,20220902,월세,50.07,20000,40,1990.0,단독다가구,2022
성북구,13400,길음동,6.0,20220902,월세,59.78,40000,90,2022.0,아파트,2022
성북구,10300,돈암동,7.0,20220902,월세,113.67,10000,220,1998.0,아파트,2022
성북구,13600,하월곡동,13.0,20220902,월세,59.65,15000,75,2010.0,아파트,2022
성북구,13800,장위동,6.0,20220902,월세,33.02,1000,50,2016.0,연립다세대,2022
성북구,13400,길음동,2.0,20220902,월세,33.99,5533,10,2010.0,아파트,2022
성북구,13300,정릉동,6.0,20220902,월세,43.11,3000,70,2001.0,아파트,2022
성북구,13400,길음동,6.0,20220902,월세,59.37,48000,8,2007.0,아파트,2022
성북구,11100,삼선동1가,,20220902,월세,41.5,1000,70,1996.0,단독다가구,2022
성북구,13600,하월곡동,18.0,20220902,월세,84.59,20000,75,2006.0,아파트,2022
성북구,13300,정릉동,3.0,20220902,월세,46.03,1800,60,1997.0,연립다세대,2022
성북구,13400,길음동,33.0,20220902,월세,59.9,20000,140,2019.0,아파트,2022
성북구,13400,길음동,17.0,20220902,월세,59.69,2000,190,2019.0,아파트,2022
성북구,13100,보문동2가,,20220902,월세,15.0,300,32,2007.0,단독다가구,2022
성북구,13600,하월곡동,11.0,20220902,월세,79.98,38000,7,2004.0,아파트,2022
성북구,13300,정릉동,,20220902,월세,18.0,200,30,2010.0,단독다가구,2022
성북구,11500,삼선동5가,5.0,20220902,월세,18.6,5000,48,2014.0,오피스텔,2022
성북구,13500,종암동,,20220902,월세,33.0,500,35,1998.0,단독다가구,2022
성북구,13600,하월곡동,,20220902,월세,33.0,300,40,1994.0,단독다가구,2022
성북구,10300,돈암동,13.0,20220902,월세,84.98,30000,69,2005.0,아파트,2022
성북구,13600,하월곡동,12.0,20220903,월세,84.88,30000,100,2007.0,아파트,2022
성북구,11500,삼선동5가,,20220903,월세,10.0,300,47,1997.0,단독다가구,2022
성북구,10300,돈암동,10.0,20220903,월세,84.97,45000,50,2004.0,아파트,2022
성북구,13300,정릉동,2.0,20220903,월세,59.88,25000,37,2005.0,아파트,2022
성북구,13500,종암동,24.0,20220903,월세,84.72,5000,126,1999.0,아파트,2022
성북구,13800,장위동,,20220903,월세,31.0,500,35,1994.0,단독다가구,2022
성북구,13800,장위동,,20220903,월세,45.0,15000,25,2016.0,단독다가구,2022
성북구,12100,안암동1가,,20220903,월세,46.4,18000,15,1993.0,단독다가구,2022
성북구,13900,석관동,,20220903,월세,48.3,1000,60,1993.0,단독다가구,2022
성북구,13300,정릉동,4.0,20220903,월세,60.08,23000,5,2008.0,연립다세대,2022
성북구,13900,석관동,,20220903,월세,30.0,300,25,1994.0,단독다가구,2022
성북구,12700,보문동5가,,20220903,월세,30.0,1000,50,1993.0,단독다가구,2022
성북구,11800,동선동3가,,20220903,월세,48.0,1000,67,1993.0,단독다가구,2022
성북구,13800,장위동,,20220903,월세,65.36,10000,20,1986.0,단독다가구,2022
성북구,13500,종암동,,20220903,월세,55.68,1000,30,2000.0,단독다가구,2022
성북구,13200,보문동3가,,20220903,월세,49.92,1000,50,1993.0,단독다가구,2022
성북구,11800,동선동3가,,20220903,월세,61.8,300,25,1990.0,단독다가구,2022
성북구,12200,안암동2가,,20220903,월세,21.0,500,33,,단독다가구,2022
성북구,13600,하월곡동,6.0,20220903,월세,15.62,2000,55,2013.0,아파트,2022
성북구,13600,하월곡동,12.0,20220903,월세,84.73,30500,30,2010.0,아파트,2022
성북구,13300,정릉동,4.0,20220903,월세,67.07,300,25,2002.0,연립다세대,2022
성북구,12300,안암동3가,2.0,20220903,월세,44.36,1000,50,1971.0,아파트,2022
성북구,13400,길음동,10.0,20220903,월세,84.84,30000,60,2003.0,아파트,2022
성북구,13400,길음동,7.0,20220903,월세,84.94,30000,120,2010.0,아파트,2022
성북구,13400,길음동,10.0,20220903,월세,59.99,22000,80,2010.0,아파트,2022
성북구,11100,삼선동1가,,20220903,월세,35.0,1000,50,1992.0,단독다가구,2022
성북구,13300,정릉동,,20220903,월세,36.48,500,52,1995.0,단독다가구,2022
성북구,13800,장위동,,20220903,월세,40.0,1000,50,1998.0,단독다가구,2022
성북구,13500,종암동,7.0,20220903,월세,59.97,30000,75,2009.0,아파트,2022
성북구,10300,돈암동,5.0,20220903,월세,84.88,30000,130,2016.0,아파트,2022
성북구,10300,돈암동,1.0,20220903,월세,84.98,10000,170,2013.0,아파트,2022
성북구,13600,하월곡동,18.0,20220903,월세,84.59,5000,137,2006.0,아파트,2022
성북구,10300,돈암동,2.0,20220903,월세,21.32,500,30,1965.0,연립다세대,2022
성북구,13400,길음동,6.0,20220903,월세,84.66,60000,90,2019.0,아파트,2022
성북구,13300,정릉동,,20220903,월세,15.0,500,40,1986.0,단독다가구,2022
성북구,13300,정릉동,,20220903,월세,15.0,500,30,,단독다가구,2022
성북구,11700,동선동2가,,20220904,월세,18.0,1000,40,1997.0,단독다가구,2022
성북구,11700,동선동2가,,20220904,월세,17.0,500,36,1968.0,단독다가구,2022
성북구,13300,정릉동,,20220904,월세,51.04,2000,50,1993.0,단독다가구,2022
성북구,13300,정릉동,2.0,20220904,월세,84.09,5000,130,2005.0,아파트,2022
성북구,11400,삼선동4가,,20220904,월세,50.0,1000,70,1994.0,단독다가구,2022
성북구,13600,하월곡동,,20220904,월세,35.0,5000,90,2022.0,단독다가구,2022
성북구,13800,장위동,1.0,20220905,월세,58.56,1000,75,1994.0,연립다세대,2022
성북구,13900,석관동,,20220905,월세,52.57,16000,10,2004.0,단독다가구,2022
성북구,13300,정릉동,,20220905,월세,80.64,1000,100,1989.0,단독다가구,2022
성북구,13500,종암동,3.0,20220905,월세,75.5,29000,75,1996.0,아파트,2022
성북구,13500,종암동,3.0,20220905,월세,84.99,10000,180,2011.0,아파트,2022
성북구,12300,안암동3가,,20220905,월세,45.91,500,70,1993.0,단독다가구,2022
성북구,12000,동선동5가,,20220905,월세,15.0,1000,45,2001.0,단독다가구,2022
성북구,13500,종암동,,20220905,월세,18.0,300,40,1997.0,단독다가구,2022
성북구,10100,성북동,3.0,20220905,월세,28.88,1000,100,2016.0,연립다세대,2022
성북구,13400,길음동,9.0,20220905,월세,53.31,5913,8,2022.0,아파트,2022
성북구,13400,길음동,4.0,20220905,월세,53.31,3796,20,2022.0,아파트,2022
성북구,13700,상월곡동,,20220905,월세,25.0,500,35,1994.0,단독다가구,2022
성북구,13900,석관동,,20220905,월세,30.12,300,37,1994.0,단독다가구,2022
성북구,10400,동소문동1가,,20220905,월세,30.0,2000,50,1989.0,단독다가구,2022
성북구,13900,석관동,,20220905,월세,24.0,500,45,2022.0,단독다가구,2022
성북구,13200,보문동3가,,20220905,월세,33.0,1000,40,1948.0,단독다가구,2022
성북구,12500,안암동5가,4.0,20220905,월세,14.0,1000,65,2019.0,연립다세대,2022
성북구,13400,길음동,5.0,20220906,월세,59.75,35000,50,2006.0,아파트,2022
성북구,13400,길음동,2.0,20220906,월세,59.37,5000,117,2007.0,아파트,2022
성북구,13500,종암동,,20220906,월세,40.0,500,30,1992.0,단독다가구,2022
성북구,13500,종암동,,20220906,월세,66.0,1000,70,1995.0,단독다가구,2022
성북구,12200,안암동2가,,20220906,월세,13.2,500,30,1997.0,단독다가구,2022
성북구,13800,장위동,3.0,20220906,월세,84.97,20000,80,2001.0,아파트,2022
성북구,12300,안암동3가,,20220906,월세,54.55,2000,90,,단독다가구,2022
성북구,13500,종암동,15.0,20220906,월세,31.05,2319,21,2011.0,아파트,2022
성북구,13400,길음동,2.0,20220906,월세,53.31,5913,8,2022.0,아파트,2022
성북구,13400,길음동,2.0,20220906,월세,53.31,3796,20,2022.0,아파트,2022
성북구,13500,종암동,10.0,20220906,월세,59.99,4000,155,2004.0,아파트,2022
성북구,13500,종암동,2.0,20220906,월세,44.78,6607,23,2018.0,연립다세대,2022
성북구,13300,정릉동,,20220906,월세,26.0,500,40,1997.0,단독다가구,2022
성북구,10100,성북동,,20220906,월세,28.11,1000,50,2004.0,단독다가구,2022
성북구,13500,종암동,,20220906,월세,30.0,500,30,1991.0,단독다가구,2022
성북구,13900,석관동,,20220907,월세,21.0,500,30,1991.0,단독다가구,2022
성북구,13300,정릉동,,20220907,월세,20.0,1000,30,2021.0,단독다가구,2022
성북구,13400,길음동,18.0,20220907,월세,84.84,5000,100,2003.0,아파트,2022
성북구,10100,성북동,,20220907,월세,45.29,7000,115,2022.0,단독다가구,2022
성북구,13400,길음동,12.0,20220907,월세,59.99,40000,25,2010.0,아파트,2022
성북구,11300,삼선동3가,,20220907,월세,60.48,30000,10,1992.0,단독다가구,2022
성북구,13800,장위동,,20220907,월세,53.12,12000,15,1985.0,단독다가구,2022
성북구,13600,하월곡동,,20220907,월세,56.0,500,55,1995.0,단독다가구,2022
성북구,13600,하월곡동,15.0,20220907,월세,59.75,25000,75,2006.0,아파트,2022
성북구,13600,하월곡동,6.0,20220907,월세,59.98,39900,40,2007.0,아파트,2022
성북구,13900,석관동,,20220907,월세,63.7,1000,30,1974.0,단독다가구,2022
성북구,13300,정릉동,,20220907,월세,16.0,1000,55,2022.0,단독다가구,2022
성북구,10800,동소문동5가,19.0,20220907,월세,15.94,1000,96,2018.0,아파트,2022
성북구,13500,종암동,4.0,20220907,월세,25.57,10000,90,2016.0,연립다세대,2022
성북구,13800,장위동,1.0,20220908,월세,29.89,7000,40,2021.0,연립다세대,2022
성북구,13400,길음동,6.0,20220908,월세,59.97,20000,130,2019.0,아파트,2022
성북구,13100,보문동2가,,20220908,월세,14.4,1000,30,1993.0,단독다가구,2022
성북구,13800,장위동,,20220908,월세,26.73,500,20,1989.0,단독다가구,2022
성북구,13800,장위동,,20220908,월세,45.0,200,32,1988.0,단독다가구,2022
성북구,13400,길음동,19.0,20220908,월세,84.05,30000,105,2007.0,아파트,2022
성북구,13800,장위동,-1.0,20220908,월세,54.87,1000,60,1988.0,연립다세대,2022
성북구,11700,동선동2가,,20220908,월세,49.98,3000,75,1992.0,단독다가구,2022
성북구,13300,정릉동,,20220908,월세,49.35,5000,50,1985.0,단독다가구,2022
성북구,13500,종암동,,20220908,월세,56.0,8000,25,1993.0,단독다가구,2022
성북구,13500,종암동,16.0,20220908,월세,59.93,28000,70,2004.0,아파트,2022
성북구,12700,보문동5가,,20220909,월세,33.75,500,50,1993.0,단독다가구,2022
성북구,13800,장위동,,20220909,월세,24.72,500,40,1987.0,단독다가구,2022
성북구,11500,삼선동5가,,20220909,월세,48.51,6000,50,1992.0,단독다가구,2022
성북구,12700,보문동5가,,20220910,월세,42.36,2000,45,1993.0,단독다가구,2022
성북구,13300,정릉동,4.0,20220910,월세,59.9,24150,9,2016.0,연립다세대,2022
성북구,13300,정릉동,4.0,20220910,월세,52.72,1000,140,2016.0,연립다세대,2022
성북구,13600,하월곡동,5.0,20220912,월세,84.59,5000,180,2006.0,아파트,2022
성북구,10200,성북동1가,2.0,20220912,월세,31.32,3000,40,2002.0,연립다세대,2022
성북구,13300,정릉동,,20220912,월세,17.0,500,40,2010.0,단독다가구,2022
성북구,11400,삼선동4가,9.0,20220913,월세,59.94,10000,135,1999.0,아파트,2022
성북구,11500,삼선동5가,,20220913,월세,28.0,1000,50,1997.0,단독다가구,2022
성북구,11700,동선동2가,,20220913,월세,27.7,10000,10,1993.0,단독다가구,2022
성북구,13800,장위동,,20220913,월세,56.88,2000,70,,단독다가구,2022
성북구,13800,장위동,,20220913,월세,58.56,3000,55,1997.0,단독다가구,2022
성북구,11400,삼선동4가,,20220913,월세,25.0,1000,60,2001.0,단독다가구,2022
성북구,10100,성북동,,20220913,월세,30.0,3000,45,1998.0,단독다가구,2022
성북구,13300,정릉동,,20220913,월세,49.92,15000,10,1959.0,단독다가구,2022
성북구,13300,정릉동,8.0,20220913,월세,43.11,4000,60,2001.0,아파트,2022
성북구,13600,하월곡동,16.0,20220913,월세,84.59,25000,97,2006.0,아파트,2022
성북구,13600,하월곡동,20.0,20220913,월세,84.59,42000,55,2006.0,아파트,2022
성북구,13400,길음동,10.0,20220913,월세,59.86,500,100,2005.0,아파트,2022
성북구,13500,종암동,17.0,20220913,월세,59.98,10000,150,2011.0,아파트,2022
성북구,10300,돈암동,3.0,20220913,월세,32.23,1039,14,1999.0,아파트,2022
성북구,13800,장위동,6.0,20220913,월세,39.0,13480,34,2020.0,아파트,2022
성북구,13800,장위동,2.0,20220913,월세,39.0,11756,43,2020.0,아파트,2022
성북구,13800,장위동,2.0,20220913,월세,39.0,13480,34,2020.0,아파트,2022
성북구,13800,장위동,10.0,20220913,월세,39.0,11756,43,2020.0,아파트,2022
성북구,13800,장위동,6.0,20220913,월세,36.14,9820,36,2020.0,아파트,2022
성북구,13800,장위동,10.0,20220913,월세,39.0,13480,34,2020.0,아파트,2022
성북구,13800,장위동,6.0,20220913,월세,39.0,11756,43,2020.0,아파트,2022
성북구,13400,길음동,2.0,20220913,월세,59.99,26000,57,2010.0,아파트,2022
성북구,13400,길음동,29.0,20220913,월세,59.99,10000,170,2019.0,아파트,2022
성북구,13600,하월곡동,5.0,20220913,월세,59.88,8000,60,1998.0,아파트,2022
성북구,10300,돈암동,12.0,20220913,월세,84.94,10000,158,2014.0,아파트,2022
성북구,13400,길음동,4.0,20220913,월세,53.31,1518,24,2022.0,아파트,2022
성북구,13800,장위동,4.0,20220913,월세,23.09,12000,26,2022.0,연립다세대,2022
성북구,13300,정릉동,8.0,20220913,월세,59.77,5000,125,2006.0,아파트,2022
성북구,10700,동소문동4가,4.0,20220913,월세,56.1,12000,19,2001.0,연립다세대,2022
성북구,10700,동소문동4가,4.0,20220913,월세,56.1,12000,60,2001.0,연립다세대,2022
성북구,13300,정릉동,,20220913,월세,17.0,500,49,2017.0,단독다가구,2022
성북구,10700,동소문동4가,,20220913,월세,16.0,1000,45,2011.0,단독다가구,2022
성북구,10300,돈암동,5.0,20220913,월세,59.58,16000,45,1998.0,아파트,2022
성북구,12800,보문동6가,,20220913,월세,36.4,2000,110,2022.0,단독다가구,2022
성북구,11900,동선동4가,,20220914,월세,68.28,1000,55,1995.0,단독다가구,2022
성북구,11500,삼선동5가,,20220914,월세,69.0,2000,90,1998.0,단독다가구,2022
성북구,11600,동선동1가,,20220914,월세,14.25,300,40,1977.0,단독다가구,2022
성북구,13900,석관동,11.0,20220914,월세,59.94,5000,74,1999.0,아파트,2022
성북구,13900,석관동,,20220914,월세,23.0,400,30,1993.0,단독다가구,2022
성북구,11000,동소문동7가,,20220914,월세,23.0,0,90,1966.0,단독다가구,2022
성북구,11700,동선동2가,,20220914,월세,20.0,500,40,1968.0,단독다가구,2022
성북구,10300,돈암동,12.0,20220914,월세,32.49,516,6,1998.0,아파트,2022
성북구,11800,동선동3가,,20220914,월세,21.0,1000,35,1996.0,단독다가구,2022
성북구,11900,동선동4가,,20220914,월세,28.07,5000,35,1998.0,단독다가구,2022
성북구,13900,석관동,,20220914,월세,25.0,500,30,1993.0,단독다가구,2022
성북구,13600,하월곡동,,20220914,월세,101.45,5000,60,1972.0,단독다가구,2022
성북구,13400,길음동,23.0,20220914,월세,84.82,20000,160,2010.0,아파트,2022
성북구,10300,돈암동,10.0,20220914,월세,34.35,2492,14,2014.0,아파트,2022
성북구,13400,길음동,9.0,20220914,월세,30.61,3474,7,2005.0,아파트,2022
성북구,13800,장위동,1.0,20220914,월세,20.02,2000,50,2021.0,연립다세대,2022
성북구,13800,장위동,5.0,20220914,월세,36.14,7856,40,2020.0,아파트,2022
성북구,13800,장위동,5.0,20220914,월세,36.14,9820,36,2020.0,아파트,2022
성북구,13400,길음동,5.0,20220914,월세,30.88,4882,10,2008.0,아파트,2022
성북구,13400,길음동,5.0,20220914,월세,30.88,2234,25,2008.0,아파트,2022
성북구,10300,돈암동,7.0,20220914,월세,32.49,873,13,1999.0,아파트,2022
성북구,13800,장위동,1.0,20220914,월세,40.47,2672,16,2020.0,아파트,2022
성북구,13800,장위동,11.0,20220914,월세,40.47,1068,19,2020.0,아파트,2022
성북구,13300,정릉동,19.0,20220914,월세,84.65,50000,9,2008.0,아파트,2022
성북구,13400,길음동,9.0,20220914,월세,30.61,1723,16,2005.0,아파트,2022
성북구,13300,정릉동,15.0,20220914,월세,59.94,5000,75,2000.0,아파트,2022
성북구,11900,동선동4가,,20220914,월세,16.5,1000,60,2019.0,단독다가구,2022
성북구,11900,동선동4가,,20220914,월세,18.0,500,55,1992.0,단독다가구,2022
성북구,13300,정릉동,3.0,20220914,월세,40.99,550,17,1988.0,연립다세대,2022
성북구,11300,삼선동3가,2.0,20220914,월세,35.58,4118,8,2008.0,아파트,2022
성북구,13500,종암동,9.0,20220914,월세,59.99,20000,90,2004.0,아파트,2022
성북구,13300,정릉동,,20220915,월세,99.44,3000,100,1994.0,단독다가구,2022
성북구,13300,정릉동,,20220915,월세,106.83,3000,60,1989.0,단독다가구,2022
성북구,12800,보문동6가,6.0,20220915,월세,84.99,1000,80,2017.0,아파트,2022
성북구,10100,성북동,-1.0,20220915,월세,24.13,7000,90,2019.0,연립다세대,2022
성북구,12800,보문동6가,,20220915,월세,52.5,12000,30,1996.0,단독다가구,2022
성북구,12800,보문동6가,,20220915,월세,37.0,500,48,1995.0,단독다가구,2022
성북구,13800,장위동,1.0,20220915,월세,49.47,5000,60,2002.0,연립다세대,2022
성북구,13800,장위동,2.0,20220915,월세,25.11,6970,13,2020.0,연립다세대,2022
성북구,13600,하월곡동,,20220915,월세,33.0,300,20,1994.0,단독다가구,2022
성북구,13900,석관동,,20220915,월세,26.3,1000,25,1994.0,단독다가구,2022
성북구,11100,삼선동1가,,20220915,월세,30.18,3000,80,1941.0,단독다가구,2022
성북구,12800,보문동6가,,20220915,월세,36.4,2000,130,2022.0,단독다가구,2022
성북구,11100,삼선동1가,,20220915,월세,20.0,500,40,1997.0,단독다가구,2022
성북구,11700,동선동2가,,20220915,월세,21.49,500,40,2018.0,단독다가구,2022
성북구,13700,상월곡동,,20220915,월세,16.0,500,35,2019.0,단독다가구,2022
성북구,13800,장위동,4.0,20220915,월세,25.04,500,40,2003.0,오피스텔,2022
성북구,10300,돈암동,8.0,20220915,월세,84.82,5000,180,2006.0,아파트,2022
성북구,13800,장위동,16.0,20220915,월세,36.14,11260,29,2020.0,아파트,2022
성북구,13800,장위동,16.0,20220915,월세,36.14,9820,36,2020.0,아파트,2022
성북구,13400,길음동,7.0,20220915,월세,59.99,5000,160,2010.0,아파트,2022
성북구,13800,장위동,6.0,20220915,월세,84.94,40000,80,2020.0,아파트,2022
성북구,13400,길음동,29.0,20220915,월세,84.98,30000,180,2022.0,아파트,2022
성북구,13500,종암동,4.0,20220915,월세,12.02,500,48,2013.0,연립다세대,2022
성북구,13800,장위동,7.0,20220915,월세,14.71,5000,21,2019.0,아파트,2022
성북구,13200,보문동3가,10.0,20220915,월세,84.41,50,38,2013.0,아파트,2022
성북구,13500,종암동,12.0,20220916,월세,84.6,40000,46,2008.0,아파트,2022
성북구,13300,정릉동,6.0,20220916,월세,60.0,13000,70,2005.0,아파트,2022
성북구,12100,안암동1가,11.0,20220916,월세,59.7,39200,30,2005.0,아파트,2022
성북구,13500,종암동,8.0,20220916,월세,26.28,353,13,1999.0,아파트,2022
성북구,13600,하월곡동,,20220916,월세,22.0,5000,75,2020.0,단독다가구,2022
성북구,12700,보문동5가,,20220916,월세,23.1,1000,38,1990.0,단독다가구,2022
성북구,13700,상월곡동,,20220916,월세,21.0,1000,50,2002.0,단독다가구,2022
성북구,11700,동선동2가,,20220916,월세,20.0,1000,45,2017.0,단독다가구,2022
성북구,13800,장위동,11.0,20220916,월세,18.03,500,47,2019.0,오피스텔,2022
성북구,13800,장위동,5.0,20220916,월세,14.71,1000,55,2019.0,아파트,2022
성북구,12100,안암동1가,,20220916,월세,25.0,500,30,1993.0,단독다가구,2022
성북구,12800,보문동6가,,20220916,월세,30.0,1000,50,1991.0,단독다가구,2022
성북구,13300,정릉동,,20220916,월세,58.98,3000,70,1975.0,단독다가구,2022
성북구,13300,정릉동,4.0,20220916,월세,52.71,6304,19,2019.0,연립다세대,2022
성북구,10900,동소문동6가,,20220916,월세,99.7,4000,38,1991.0,단독다가구,2022
성북구,12800,보문동6가,,20220916,월세,59.69,9500,20,1996.0,단독다가구,2022
성북구,13900,석관동,,20220916,월세,62.8,6000,45,1993.0,단독다가구,2022
성북구,13600,하월곡동,,20220916,월세,49.69,15000,10,1994.0,단독다가구,2022
성북구,13400,길음동,11.0,20220916,월세,59.94,6000,80,1998.0,아파트,2022
성북구,13600,하월곡동,,20220916,월세,40.15,3000,50,1993.0,단독다가구,2022
성북구,10900,동소문동6가,,20220916,월세,45.0,2000,57,1994.0,단독다가구,2022
성북구,13500,종암동,,20220916,월세,36.94,8000,25,1993.0,단독다가구,2022
성북구,12000,동선동5가,,20220916,월세,15.0,1000,45,2001.0,단독다가구,2022
성북구,13300,정릉동,,20220916,월세,15.0,1000,40,2021.0,단독다가구,2022
성북구,12500,안암동5가,,20220916,월세,17.0,300,47,1996.0,단독다가구,2022
성북구,13300,정릉동,3.0,20220916,월세,15.2,1000,50,2013.0,연립다세대,2022
성북구,10300,돈암동,9.0,20220916,월세,132.96,52000,10,1998.0,아파트,2022
성북구,13800,장위동,3.0,20220916,월세,32.51,3121,3,2018.0,연립다세대,2022
성북구,10300,돈암동,3.0,20220916,월세,41.58,1000,75,1991.0,아파트,2022
성북구,10300,돈암동,2.0,20220916,월세,84.87,3000,127,1998.0,아파트,2022
성북구,13500,종암동,17.0,20220916,월세,84.99,49000,60,2011.0,아파트,2022
성북구,13500,종암동,6.0,20220916,월세,59.68,27000,57,2005.0,아파트,2022
성북구,13400,길음동,14.0,20220916,월세,84.96,25000,110,2003.0,아파트,2022
성북구,13800,장위동,1.0,20220916,월세,40.47,1068,19,2020.0,아파트,2022
성북구,13400,길음동,8.0,20220916,월세,59.99,20000,80,2010.0,아파트,2022
성북구,13900,석관동,,20220917,월세,29.48,3000,64,2022.0,단독다가구,2022
성북구,13400,길음동,15.0,20220917,월세,134.99,90000,16,2010.0,아파트,2022
성북구,12200,안암동2가,,20220917,월세,27.0,1000,50,1993.0,단독다가구,2022
성북구,13600,하월곡동,7.0,20220917,월세,59.65,10000,75,2010.0,아파트,2022
성북구,13400,길음동,1.0,20220917,월세,59.99,5000,160,2003.0,아파트,2022
성북구,13400,길음동,7.0,20220917,월세,59.99,17000,81,2010.0,아파트,2022
성북구,13500,종암동,,20220917,월세,22.11,8000,25,2018.0,단독다가구,2022
성북구,13300,정릉동,,20220917,월세,46.0,1500,75,1996.0,단독다가구,2022
성북구,13700,상월곡동,,20220917,월세,43.0,1000,50,1971.0,단독다가구,2022
성북구,13500,종암동,10.0,20220917,월세,59.61,5000,150,2005.0,아파트,2022
성북구,13900,석관동,3.0,20220917,월세,59.9,20000,80,2009.0,아파트,2022
성북구,12100,안암동1가,15.0,20220917,월세,84.87,45000,50,2005.0,아파트,2022
성북구,10100,성북동,,20220917,월세,56.89,15000,100,1969.0,단독다가구,2022
성북구,13800,장위동,,20220917,월세,85.32,3000,50,1987.0,단독다가구,2022
성북구,13800,장위동,2.0,20220917,월세,29.96,3000,90,2022.0,연립다세대,2022
성북구,11500,삼선동5가,2.0,20220917,월세,49.8,30000,10,2014.0,연립다세대,2022
성북구,13600,하월곡동,21.0,20220917,월세,84.88,36000,70,2007.0,아파트,2022
성북구,13500,종암동,8.0,20220917,월세,119.87,43000,100,2010.0,아파트,2022
성북구,13100,보문동2가,,20220917,월세,97.6,1000,60,1994.0,단독다가구,2022
성북구,13600,하월곡동,5.0,20220917,월세,84.59,40000,38,2006.0,아파트,2022
성북구,13900,석관동,,20220917,월세,17.0,1000,20,1965.0,단독다가구,2022
성북구,13700,상월곡동,,20220917,월세,15.0,500,35,1991.0,단독다가구,2022
성북구,13700,상월곡동,4.0,20220917,월세,84.97,15000,100,2003.0,아파트,2022
성북구,12200,안암동2가,,20220917,월세,18.0,1000,55,1997.0,단독다가구,2022
성북구,13400,길음동,36.0,20220917,월세,84.66,80000,20,2019.0,아파트,2022
성북구,11900,동선동4가,,20220917,월세,34.0,1000,27,1995.0,단독다가구,2022
성북구,13600,하월곡동,9.0,20220918,월세,23.13,1000,160,2022.0,연립다세대,2022
성북구,13300,정릉동,,20220918,월세,29.7,500,35,,단독다가구,2022
성북구,13100,보문동2가,,20220918,월세,54.0,1000,70,2001.0,단독다가구,2022
성북구,13300,정릉동,9.0,20220918,월세,59.99,20000,65,2005.0,아파트,2022
성북구,13200,보문동3가,,20220918,월세,33.1,500,40,1994.0,단독다가구,2022
성북구,12300,안암동3가,,20220918,월세,31.56,500,60,1990.0,단독다가구,2022
성북구,13300,정릉동,,20220919,월세,33.0,1000,55,2002.0,단독다가구,2022
성북구,13100,보문동2가,,20220919,월세,39.36,1000,45,1994.0,단독다가구,2022
성북구,13800,장위동,19.0,20220919,월세,84.97,31500,105,2021.0,아파트,2022
성북구,13900,석관동,,20220919,월세,40.0,3000,30,1990.0,단독다가구,2022
성북구,13600,하월곡동,15.0,20220919,월세,133.74,47250,126,2011.0,아파트,2022
성북구,10200,성북동1가,,20220919,월세,37.0,9000,40,2007.0,단독다가구,2022
성북구,12400,안암동4가,,20220919,월세,32.7,500,40,1993.0,단독다가구,2022
성북구,13800,장위동,,20220919,월세,67.66,12000,40,,단독다가구,2022
성북구,13400,길음동,11.0,20220919,월세,84.97,47700,40,2005.0,아파트,2022
성북구,10300,돈암동,6.0,20220919,월세,84.77,10000,190,2014.0,아파트,2022
성북구,13400,길음동,14.0,20220919,월세,33.28,2847,24,2010.0,아파트,2022
성북구,13400,길음동,2.0,20220919,월세,84.64,3000,160,2005.0,아파트,2022
성북구,12100,안암동1가,,20220919,월세,43.14,1000,65,1993.0,단독다가구,2022
성북구,11800,동선동3가,,20220919,월세,42.5,5000,40,1992.0,단독다가구,2022
성북구,10100,성북동,,20220919,월세,42.75,2000,70,1990.0,단독다가구,2022
성북구,11000,동소문동7가,,20220919,월세,29.31,1000,56,1992.0,단독다가구,2022
성북구,11700,동선동2가,,20220919,월세,20.0,1000,50,2010.0,단독다가구,2022
성북구,12800,보문동6가,,20220919,월세,23.43,500,40,1987.0,단독다가구,2022
성북구,13900,석관동,,20220919,월세,29.48,3000,64,,단독다가구,2022
성북구,13100,보문동2가,,20220919,월세,26.0,500,30,2008.0,단독다가구,2022
성북구,11500,삼선동5가,,20220919,월세,26.4,1000,40,1995.0,단독다가구,2022
성북구,11800,동선동3가,,20220919,월세,25.0,1000,35,1997.0,단독다가구,2022
성북구,10300,돈암동,18.0,20220919,월세,84.87,35000,50,1998.0,아파트,2022
성북구,10300,돈암동,15.0,20220919,월세,113.67,40000,140,1998.0,아파트,2022
성북구,10300,돈암동,5.0,20220919,월세,132.96,30000,140,1998.0,아파트,2022
성북구,10100,성북동,,20220919,월세,81.42,34000,40,1965.0,단독다가구,2022
성북구,13500,종암동,,20220919,월세,51.0,1000,45,1970.0,단독다가구,2022
성북구,11500,삼선동5가,5.0,20220919,월세,63.0,10000,100,2004.0,연립다세대,2022
성북구,13900,석관동,-1.0,20220919,월세,44.87,2000,35,1996.0,연립다세대,2022
성북구,13800,장위동,,20220920,월세,46.0,12000,15,1993.0,단독다가구,2022
성북구,12800,보문동6가,,20220920,월세,42.24,500,45,1991.0,단독다가구,2022
성북구,13100,보문동2가,,20220920,월세,41.0,1000,65,1994.0,단독다가구,2022
성북구,13300,정릉동,15.0,20220920,월세,84.56,35000,100,2015.0,아파트,2022
성북구,10300,돈암동,16.0,20220920,월세,84.98,30000,100,2005.0,아파트,2022
성북구,13100,보문동2가,3.0,20220920,월세,27.0,10000,30,2001.0,연립다세대,2022
성북구,11100,삼선동1가,3.0,20220920,월세,40.75,5000,90,2014.0,연립다세대,2022
성북구,13600,하월곡동,12.0,20220920,월세,84.59,30000,75,2006.0,아파트,2022
성북구,13500,종암동,5.0,20220920,월세,19.05,1000,70,2021.0,연립다세대,2022
성북구,13400,길음동,8.0,20220920,월세,59.99,36000,40,2010.0,아파트,2022
성북구,13400,길음동,1.0,20220920,월세,84.99,52000,40,2010.0,아파트,2022
성북구,11400,삼선동4가,2.0,20220920,월세,26.37,7000,67,2018.0,연립다세대,2022
성북구,13800,장위동,4.0,20220920,월세,53.2,810,25,1996.0,연립다세대,2022
성북구,13400,길음동,8.0,20220920,월세,30.61,1723,16,2005.0,아파트,2022
성북구,13400,길음동,16.0,20220920,월세,59.99,37500,7,2003.0,아파트,2022
성북구,10100,성북동,,20220920,월세,14.88,500,40,1998.0,단독다가구,2022
성북구,13700,상월곡동,,20220920,월세,18.83,500,35,,단독다가구,2022
성북구,10300,돈암동,18.0,20220920,월세,59.58,5000,110,1998.0,아파트,2022
성북구,13300,정릉동,1.0,20220920,월세,66.18,5000,80,2006.0,연립다세대,2022
성북구,13300,정릉동,,20220920,월세,29.0,1000,60,1997.0,단독다가구,2022
성북구,13300,정릉동,,20220920,월세,20.0,10,45,1992.0,단독다가구,2022
성북구,13500,종암동,,20220920,월세,48.64,14000,30,1971.0,단독다가구,2022
성북구,13900,석관동,,20220920,월세,70.67,4000,40,1997.0,단독다가구,2022
성북구,11800,동선동3가,,20220920,월세,20.0,500,42,,단독다가구,2022
성북구,11800,동선동3가,,20220920,월세,22.0,500,45,,단독다가구,2022
성북구,13900,석관동,,20220920,월세,23.0,500,40,1994.0,단독다가구,2022
성북구,10100,성북동,,20220920,월세,50.5,10000,145,2022.0,단독다가구,2022
성북구,12700,보문동5가,,20220920,월세,65.38,2000,80,1992.0,단독다가구,2022
성북구,13300,정릉동,20.0,20220920,월세,84.95,32000,35,2005.0,아파트,2022
성북구,12800,보문동6가,11.0,20220921,월세,84.99,1000,80,2017.0,아파트,2022
성북구,13800,장위동,1.0,20220921,월세,61.66,3000,50,2001.0,연립다세대,2022
성북구,10300,돈암동,15.0,20220921,월세,84.98,6000,145,2005.0,아파트,2022
성북구,11500,삼선동5가,,20220921,월세,46.23,5000,60,1997.0,단독다가구,2022
성북구,13600,하월곡동,12.0,20220921,월세,114.75,30000,110,2003.0,아파트,2022
성북구,13600,하월곡동,9.0,20220921,월세,84.91,30000,80,2011.0,아파트,2022
성북구,13900,석관동,6.0,20220921,월세,30.0,3746,15,2009.0,아파트,2022
성북구,13800,장위동,14.0,20220921,월세,59.1,25000,90,2020.0,아파트,2022
성북구,13800,장위동,5.0,20220921,월세,32.22,7131,19,2017.0,아파트,2022
성북구,13500,종암동,,20220921,월세,19.8,1000,35,2017.0,단독다가구,2022
성북구,11100,삼선동1가,,20220921,월세,56.0,20000,30,1995.0,단독다가구,2022
성북구,13800,장위동,,20220921,월세,55.89,10000,60,1990.0,단독다가구,2022
성북구,12200,안암동2가,,20220921,월세,16.5,1000,40,1993.0,단독다가구,2022
성북구,11100,삼선동1가,,20220921,월세,51.47,12000,5,1993.0,단독다가구,2022
성북구,13400,길음동,16.0,20220921,월세,84.77,10000,280,2022.0,아파트,2022
성북구,13300,정릉동,,20220921,월세,31.17,6000,20,1993.0,단독다가구,2022
성북구,13200,보문동3가,10.0,20220921,월세,84.57,20000,170,2003.0,아파트,2022
성북구,13800,장위동,,20220921,월세,27.8,1000,40,1986.0,단독다가구,2022
성북구,13900,석관동,11.0,20220922,월세,59.9,30000,50,2009.0,아파트,2022
성북구,13800,장위동,,20220922,월세,35.0,300,30,1990.0,단독다가구,2022
성북구,13500,종암동,16.0,20220922,월세,59.73,39000,37,2004.0,아파트,2022
성북구,11200,삼선동2가,5.0,20220922,월세,59.95,10000,125,2008.0,아파트,2022
성북구,13200,보문동3가,2.0,20220922,월세,29.46,15000,15,1997.0,연립다세대,2022
성북구,12800,보문동6가,,20220922,월세,20.0,500,30,1939.0,단독다가구,2022
성북구,13700,상월곡동,6.0,20220922,월세,59.95,14000,80,2003.0,아파트,2022
성북구,13400,길음동,14.0,20220922,월세,84.82,53000,40,2010.0,아파트,2022
성북구,13400,길음동,13.0,20220922,월세,30.88,4882,10,2008.0,아파트,2022
성북구,13600,하월곡동,,20220922,월세,69.79,5000,80,1993.0,단독다가구,2022
성북구,12800,보문동6가,,20220922,월세,66.0,14800,5,2009.0,단독다가구,2022
성북구,13500,종암동,,20220922,월세,82.98,12000,15,1972.0,단독다가구,2022
성북구,13300,정릉동,,20220922,월세,55.0,17000,20,2004.0,단독다가구,2022
성북구,13900,석관동,,20220922,월세,59.0,5000,45,1989.0,단독다가구,2022
성북구,13600,하월곡동,,20220922,월세,53.44,5000,100,2021.0,단독다가구,2022
성북구,13500,종암동,3.0,20220923,월세,13.72,500,48,2013.0,연립다세대,2022
성북구,12500,안암동5가,,20220923,월세,44.06,4000,65,1994.0,단독다가구,2022
성북구,13800,장위동,,20220923,월세,44.28,1000,50,1990.0,단독다가구,2022
성북구,13300,정릉동,,20220923,월세,45.0,1000,60,1994.0,단독다가구,2022
성북구,13700,상월곡동,,20220923,월세,46.21,9000,30,1992.0,단독다가구,2022
성북구,13800,장위동,,20220923,월세,48.0,2000,45,1995.0,단독다가구,2022
성북구,13900,석관동,,20220923,월세,50.07,21000,20,1990.0,단독다가구,2022
성북구,13300,정릉동,3.0,20220923,월세,33.42,14000,5,2002.0,연립다세대,2022
성북구,13500,종암동,,20220923,월세,40.0,1000,35,1993.0,단독다가구,2022
성북구,10100,성북동,,20220923,월세,36.36,3000,130,,단독다가구,2022
성북구,12800,보문동6가,16.0,20220923,월세,84.99,2000,80,2017.0,아파트,2022
성북구,11200,삼선동2가,6.0,20220923,월세,84.83,25000,75,2009.0,아파트,2022
성북구,12100,안암동1가,3.0,20220923,월세,59.7,4000,136,2005.0,아파트,2022
성북구,13500,종암동,14.0,20220923,월세,114.98,50000,65,2004.0,아파트,2022
성북구,12100,안암동1가,,20220923,월세,16.5,1000,43,2008.0,단독다가구,2022
성북구,13600,하월곡동,11.0,20220923,월세,59.98,30000,30,2007.0,아파트,2022
성북구,13900,석관동,3.0,20220923,월세,60.48,1000,56,2003.0,연립다세대,2022
성북구,13300,정릉동,12.0,20220923,월세,59.88,28000,5,2005.0,아파트,2022
성북구,13600,하월곡동,19.0,20220923,월세,114.93,5000,169,2007.0,아파트,2022
성북구,13600,하월곡동,12.0,20220923,월세,84.84,10000,100,2003.0,아파트,2022
성북구,13100,보문동2가,4.0,20220923,월세,22.24,1000,55,2010.0,연립다세대,2022
성북구,13600,하월곡동,18.0,20220923,월세,84.91,5000,60,2011.0,아파트,2022
성북구,10300,돈암동,21.0,20220923,월세,59.84,20000,108,2014.0,아파트,2022
성북구,13100,보문동2가,,20220923,월세,25.0,500,35,1996.0,단독다가구,2022
성북구,13400,길음동,13.0,20220923,월세,84.95,49000,47,2010.0,아파트,2022
성북구,13400,길음동,5.0,20220923,월세,84.97,25000,63,2005.0,아파트,2022
성북구,13400,길음동,18.0,20220923,월세,84.97,20000,150,2005.0,아파트,2022
성북구,13600,하월곡동,,20220923,월세,20.0,500,45,,단독다가구,2022
성북구,12100,안암동1가,,20220923,월세,20.0,500,40,1993.0,단독다가구,2022
성북구,13400,길음동,,20220923,월세,28.0,500,25,1993.0,단독다가구,2022
성북구,13800,장위동,3.0,20220923,월세,84.94,5000,250,2020.0,아파트,2022
성북구,13900,석관동,,20220924,월세,20.0,500,30,1991.0,단독다가구,2022
성북구,13600,하월곡동,,20220924,월세,20.0,1000,55,2017.0,단독다가구,2022
성북구,13900,석관동,3.0,20220924,월세,59.97,29000,36,1998.0,아파트,2022
성북구,12200,안암동2가,,20220924,월세,30.0,500,55,1997.0,단독다가구,2022
성북구,13900,석관동,15.0,20220924,월세,59.97,5000,120,1998.0,아파트,2022
성북구,13900,석관동,9.0,20220924,월세,84.9,10000,140,1998.0,아파트,2022
성북구,13300,정릉동,,20220924,월세,21.16,500,35,,단독다가구,2022
성북구,13400,길음동,10.0,20220924,월세,59.97,50000,35,2019.0,아파트,2022
성북구,13400,길음동,18.0,20220924,월세,59.97,30000,120,2019.0,아파트,2022
성북구,13800,장위동,,20220924,월세,47.87,5000,25,1991.0,단독다가구,2022
성북구,13600,하월곡동,,20220924,월세,82.87,2000,70,1995.0,단독다가구,2022
성북구,13800,장위동,,20220924,월세,80.35,20000,10,1988.0,단독다가구,2022
성북구,13300,정릉동,,20220924,월세,64.12,17000,15,2018.0,단독다가구,2022
성북구,13700,상월곡동,,20220924,월세,46.21,1000,55,1992.0,단독다가구,2022
성북구,13500,종암동,,20220924,월세,13.16,1000,25,1974.0,단독다가구,2022
성북구,12800,보문동6가,10.0,20220924,월세,84.9,10000,140,1994.0,아파트,2022
성북구,13500,종암동,,20220924,월세,18.1,3000,20,2012.0,단독다가구,2022
성북구,13600,하월곡동,,20220924,월세,15.0,300,20,1993.0,단독다가구,2022
성북구,13500,종암동,11.0,20220924,월세,84.96,35000,60,2000.0,아파트,2022
성북구,13400,길음동,9.0,20220924,월세,114.91,10000,127,2003.0,아파트,2022
성북구,13900,석관동,,20220924,월세,17.71,500,40,2017.0,단독다가구,2022
성북구,13300,정릉동,9.0,20220924,월세,114.76,5000,120,1999.0,아파트,2022
성북구,13400,길음동,18.0,20220924,월세,84.96,40000,50,2003.0,아파트,2022
성북구,13300,정릉동,1.0,20220924,월세,52.89,2000,73,1977.0,아파트,2022
성북구,13400,길음동,20.0,20220924,월세,114.86,30000,140,2010.0,아파트,2022
성북구,10300,돈암동,4.0,20220924,월세,84.98,46000,20,2007.0,아파트,2022
성북구,10100,성북동,2.0,20220924,월세,43.97,2000,50,1994.0,연립다세대,2022
성북구,11500,삼선동5가,7.0,20220924,월세,18.6,5000,48,2014.0,오피스텔,2022
성북구,13600,하월곡동,17.0,20220924,월세,84.88,20000,120,2007.0,아파트,2022
성북구,13300,정릉동,5.0,20220924,월세,84.09,10000,130,2005.0,아파트,2022
성북구,13800,장위동,2.0,20220925,월세,67.17,15000,15,2001.0,연립다세대,2022
성북구,13900,석관동,,20220925,월세,11.57,500,40,1974.0,단독다가구,2022
성북구,11200,삼선동2가,,20220925,월세,34.85,300,40,1997.0,단독다가구,2022
성북구,13700,상월곡동,,20220925,월세,16.63,500,50,2016.0,단독다가구,2022
성북구,11100,삼선동1가,,20220925,월세,16.5,500,37,1995.0,단독다가구,2022
성북구,13400,길음동,8.0,20220926,월세,84.64,35000,64,2005.0,아파트,2022
성북구,13800,장위동,14.0,20220926,월세,84.48,20000,140,2020.0,아파트,2022
성북구,13400,길음동,25.0,20220926,월세,84.96,20000,155,2010.0,아파트,2022
성북구,11700,동선동2가,,20220926,월세,30.0,1000,45,1989.0,단독다가구,2022
성북구,13400,길음동,16.0,20220926,월세,84.96,10000,170,2006.0,아파트,2022
성북구,13900,석관동,,20220926,월세,48.88,2000,30,1991.0,단독다가구,2022
성북구,13800,장위동,,20220926,월세,49.5,500,30,1993.0,단독다가구,2022
성북구,13500,종암동,7.0,20220926,월세,84.97,5000,170,2010.0,아파트,2022
성북구,13300,정릉동,4.0,20220926,월세,26.39,4459,17,2020.0,연립다세대,2022
성북구,13300,정릉동,3.0,20220926,월세,19.7,4605,6,2020.0,연립다세대,2022
성북구,13300,정릉동,1.0,20220926,월세,22.26,5343,7,2020.0,연립다세대,2022
성북구,13300,정릉동,3.0,20220926,월세,22.26,3893,15,2020.0,연립다세대,2022
성북구,13200,보문동3가,8.0,20220926,월세,84.77,10000,130,2013.0,아파트,2022
성북구,13800,장위동,15.0,20220926,월세,39.34,4017,5,2006.0,아파트,2022
성북구,13300,정릉동,,20220926,월세,66.52,500,35,1990.0,단독다가구,2022
성북구,13300,정릉동,1.0,20220926,월세,22.26,3193,17,2020.0,연립다세대,2022
성북구,13300,정릉동,1.0,20220926,월세,51.03,6000,50,1995.0,연립다세대,2022
성북구,13600,하월곡동,2.0,20220926,월세,27.31,20000,20,2022.0,오피스텔,2022
성북구,13300,정릉동,4.0,20220926,월세,22.26,5343,7,2020.0,연립다세대,2022
성북구,13300,정릉동,1.0,20220926,월세,26.39,6120,8,2020.0,연립다세대,2022
성북구,13600,하월곡동,9.0,20220926,월세,84.84,5000,160,2003.0,아파트,2022
성북구,13400,길음동,5.0,20220926,월세,43.63,3120,16,2022.0,아파트,2022
성북구,11900,동선동4가,,20220926,월세,14.0,1000,35,2010.0,단독다가구,2022
성북구,13300,정릉동,,20220926,월세,13.0,300,29,1997.0,단독다가구,2022
성북구,13400,길음동,14.0,20220926,월세,59.97,20000,140,2019.0,아파트,2022
성북구,12800,보문동6가,11.0,20220926,월세,59.19,10000,170,2017.0,아파트,2022
성북구,13500,종암동,6.0,20220926,월세,59.98,20000,110,2011.0,아파트,2022
성북구,13300,정릉동,,20220926,월세,45.6,12000,30,1993.0,단독다가구,2022
성북구,13300,정릉동,,20220926,월세,34.0,1000,40,1989.0,단독다가구,2022
성북구,13800,장위동,,20220926,월세,33.33,500,30,1991.0,단독다가구,2022
성북구,12800,보문동6가,,20220926,월세,39.17,5000,110,2022.0,단독다가구,2022
성북구,12100,안암동1가,,20220926,월세,131.6,3000,80,1994.0,단독다가구,2022
성북구,11100,삼선동1가,,20220926,월세,19.0,500,46,1998.0,단독다가구,2022
성북구,12800,보문동6가,,20220926,월세,16.83,1000,50,1996.0,단독다가구,2022
성북구,13300,정릉동,6.0,20220927,월세,32.76,2231,11,2005.0,아파트,2022
성북구,11100,삼선동1가,,20220927,월세,15.0,500,38,1961.0,단독다가구,2022
성북구,13500,종암동,14.0,20220927,월세,84.95,30000,60,2004.0,아파트,2022
성북구,11100,삼선동1가,,20220927,월세,21.0,300,40,1983.0,단독다가구,2022
성북구,13300,정릉동,,20220927,월세,31.0,500,40,1992.0,단독다가구,2022
성북구,13400,길음동,5.0,20220927,월세,59.99,5000,170,2010.0,아파트,2022
성북구,13700,상월곡동,,20220927,월세,21.48,1000,60,2015.0,단독다가구,2022
성북구,13700,상월곡동,,20220927,월세,50.0,500,35,1990.0,단독다가구,2022
성북구,13600,하월곡동,,20220927,월세,49.43,5000,30,1992.0,단독다가구,2022
성북구,12700,보문동5가,,20220927,월세,74.52,2000,65,1994.0,단독다가구,2022
성북구,13400,길음동,4.0,20220927,월세,59.93,10000,110,2019.0,아파트,2022
성북구,10300,돈암동,9.0,20220927,월세,84.87,5000,170,1998.0,아파트,2022
성북구,10300,돈암동,2.0,20220927,월세,113.67,55000,10,1998.0,아파트,2022
성북구,13300,정릉동,15.0,20220927,월세,59.94,3000,100,1999.0,아파트,2022
성북구,13800,장위동,,20220927,월세,42.5,1000,50,1993.0,단독다가구,2022
성북구,13600,하월곡동,15.0,20220927,월세,59.75,8000,130,2006.0,아파트,2022
성북구,10800,동소문동5가,14.0,20220927,월세,68.62,20000,110,2006.0,아파트,2022
성북구,13800,장위동,7.0,20220927,월세,42.79,4427,7,2021.0,아파트,2022
성북구,13900,석관동,2.0,20220927,월세,59.97,18000,60,1998.0,아파트,2022
성북구,13900,석관동,,20220927,월세,32.23,10000,30,1991.0,단독다가구,2022
성북구,12100,안암동1가,,20220927,월세,32.98,1000,70,1994.0,단독다가구,2022
성북구,13400,길음동,6.0,20220928,월세,84.97,45200,4,2005.0,아파트,2022
성북구,13300,정릉동,16.0,20220928,월세,84.09,33000,30,2005.0,아파트,2022
성북구,12500,안암동5가,,20220928,월세,16.5,1000,65,2016.0,단독다가구,2022
성북구,13900,석관동,,20220928,월세,32.1,300,35,1993.0,단독다가구,2022
성북구,11700,동선동2가,,20220928,월세,23.0,1000,60,2014.0,단독다가구,2022
성북구,12800,보문동6가,,20220928,월세,28.28,500,35,1991.0,단독다가구,2022
성북구,13700,상월곡동,,20220928,월세,51.88,15000,40,2019.0,단독다가구,2022
성북구,13300,정릉동,,20220928,월세,39.3,500,30,1993.0,단독다가구,2022
성북구,13800,장위동,,20220928,월세,30.0,1000,35,1995.0,단독다가구,2022
성북구,12300,안암동3가,,20220928,월세,20.0,5000,5,2018.0,단독다가구,2022
성북구,11900,동선동4가,,20220928,월세,54.72,8000,35,1990.0,단독다가구,2022
성북구,10900,동소문동6가,,20220928,월세,58.32,500,60,1991.0,단독다가구,2022
성북구,10300,돈암동,2.0,20220928,월세,84.87,40000,50,1998.0,아파트,2022
성북구,13900,석관동,14.0,20220928,월세,59.97,3000,130,1998.0,아파트,2022
성북구,13300,정릉동,4.0,20220928,월세,15.73,1106,6,2013.0,연립다세대,2022
성북구,13300,정릉동,,20220928,월세,41.2,1000,40,1993.0,단독다가구,2022
성북구,13300,정릉동,2.0,20220929,월세,19.7,4535,7,2020.0,연립다세대,2022
성북구,13800,장위동,,20220929,월세,44.82,12000,40,1967.0,단독다가구,2022
성북구,13800,장위동,,20220929,월세,45.0,4000,40,1996.0,단독다가구,2022
성북구,12800,보문동6가,,20220929,월세,45.0,4000,30,1991.0,단독다가구,2022
성북구,13800,장위동,5.0,20220929,월세,27.07,14500,20,2021.0,연립다세대,2022
성북구,13400,길음동,1.0,20220929,월세,84.96,5000,64,2006.0,아파트,2022
성북구,13800,장위동,16.0,20220929,월세,59.35,20000,100,2017.0,아파트,2022
성북구,13400,길음동,1.0,20220929,월세,84.96,5000,137,2006.0,아파트,2022
성북구,13400,길음동,7.0,20220929,월세,59.99,5000,160,2010.0,아파트,2022
성북구,13400,길음동,6.0,20220929,월세,84.64,40000,60,2005.0,아파트,2022
성북구,13400,길음동,18.0,20220929,월세,60.0,20000,80,2003.0,아파트,2022
성북구,12700,보문동5가,,20220929,월세,15.0,2000,30,1993.0,단독다가구,2022
성북구,13300,정릉동,,20220929,월세,19.85,300,35,1967.0,단독다가구,2022
성북구,12300,안암동3가,,20220929,월세,36.0,500,50,1992.0,단독다가구,2022
성북구,13300,정릉동,3.0,20220929,월세,91.89,3000,100,1993.0,연립다세대,2022
성북구,10300,돈암동,,20220929,월세,31.7,300,30,1993.0,단독다가구,2022
성북구,11200,삼선동2가,,20220929,월세,39.6,1000,75,1991.0,단독다가구,2022
성북구,11000,동소문동7가,4.0,20220929,월세,56.74,2000,130,2020.0,연립다세대,2022
성북구,13500,종암동,8.0,20220929,월세,59.98,5000,137,2011.0,아파트,2022
성북구,10300,돈암동,1.0,20220929,월세,59.4,12000,80,1999.0,아파트,2022
성북구,10300,돈암동,9.0,20220929,월세,59.4,5000,95,1999.0,아파트,2022
성북구,13500,종암동,24.0,20220929,월세,84.99,55500,45,2011.0,아파트,2022
성북구,11200,삼선동2가,,20220929,월세,64.55,3000,70,1989.0,단독다가구,2022
성북구,13900,석관동,,20220929,월세,48.18,10000,15,1998.0,단독다가구,2022
성북구,13800,장위동,,20220929,월세,52.88,9000,25,1992.0,단독다가구,2022
성북구,12300,안암동3가,7.0,20220930,월세,43.17,800,45,1971.0,아파트,2022
성북구,13400,길음동,12.0,20220930,월세,59.99,5000,150,2010.0,아파트,2022
성북구,13600,하월곡동,3.0,20220930,월세,84.73,30000,55,2010.0,아파트,2022
성북구,11000,동소문동7가,12.0,20220930,월세,59.91,20000,90,2004.0,아파트,2022
성북구,13300,정릉동,2.0,20220930,월세,26.39,5780,8,2020.0,연립다세대,2022
성북구,11400,삼선동4가,,20220930,월세,23.14,500,35,1997.0,단독다가구,2022
성북구,12200,안암동2가,,20220930,월세,29.61,500,30,1992.0,단독다가구,2022
성북구,13500,종암동,16.0,20220930,월세,114.75,52000,31,1999.0,아파트,2022
성북구,13900,석관동,,20220930,월세,22.5,200,37,1994.0,단독다가구,2022
성북구,10300,돈암동,13.0,20220930,월세,132.96,55000,60,1998.0,아파트,2022
성북구,13300,정릉동,1.0,20220930,월세,19.7,3355,13,2020.0,연립다세대,2022
성북구,11500,삼선동5가,,20220930,월세,27.0,300,25,1993.0,단독다가구,2022
성북구,13300,정릉동,,20220930,월세,12.0,1000,45,2018.0,단독다가구,2022
성북구,13500,종암동,,20220930,월세,39.0,1000,40,1992.0,단독다가구,2022
성북구,13600,하월곡동,,20220930,월세,61.32,4500,30,1995.0,단독다가구,2022
성북구,12500,안암동5가,,20220930,월세,64.41,1000,150,1990.0,단독다가구,2022
성북구,13800,장위동,,20220930,월세,52.8,1000,50,1997.0,단독다가구,2022
성북구,12800,보문동6가,5.0,20220930,월세,45.81,15000,120,2017.0,아파트,2022
성북구,13800,장위동,,20220930,월세,58.76,5000,60,1980.0,단독다가구,2022
성북구,12200,안암동2가,,20220930,월세,78.51,10000,100,1997.0,단독다가구,2022
성북구,13500,종암동,,20221001,월세,41.17,12000,20,1985.0,단독다가구,2022
성북구,13800,장위동,,20221001,월세,41.3,1000,33,1994.0,단독다가구,2022
성북구,10100,성북동,,20221001,월세,95.27,5000,190,2016.0,단독다가구,2022
성북구,13300,정릉동,,20221001,월세,102.0,300,40,1969.0,단독다가구,2022
성북구,13400,길음동,14.0,20221001,월세,84.82,46000,50,2010.0,아파트,2022
성북구,13500,종암동,2.0,20221001,월세,84.73,22000,70,2005.0,아파트,2022
성북구,10400,동소문동1가,1.0,20221001,월세,120.73,10000,90,1993.0,연립다세대,2022
성북구,13400,길음동,3.0,20221001,월세,84.84,25000,75,2003.0,아파트,2022
성북구,13400,길음동,7.0,20221001,월세,84.64,30000,100,2005.0,아파트,2022
성북구,13400,길음동,1.0,20221001,월세,114.73,5000,160,2005.0,아파트,2022
성북구,13400,길음동,12.0,20221001,월세,59.98,20000,98,2010.0,아파트,2022
성북구,13400,길음동,13.0,20221001,월세,84.82,15000,150,2010.0,아파트,2022
성북구,10500,동소문동2가,,20221001,월세,26.4,500,35,1991.0,단독다가구,2022
성북구,13800,장위동,,20221001,월세,20.0,500,30,1966.0,단독다가구,2022
성북구,13500,종암동,18.0,20221001,월세,119.87,25000,140,2010.0,아파트,2022
성북구,13800,장위동,3.0,20221001,월세,39.65,5000,100,2022.0,아파트,2022
성북구,13900,석관동,,20221001,월세,27.0,500,40,1994.0,단독다가구,2022
성북구,13900,석관동,,20221001,월세,20.0,500,45,2015.0,단독다가구,2022
성북구,10300,돈암동,3.0,20221001,월세,84.97,50000,40,2004.0,아파트,2022
성북구,13800,장위동,2.0,20221001,월세,29.37,2000,67,2020.0,연립다세대,2022
성북구,12000,동선동5가,,20221001,월세,54.16,12000,30,2006.0,단독다가구,2022
성북구,11500,삼선동5가,,20221001,월세,80.0,18000,20,1997.0,단독다가구,2022
성북구,13800,장위동,,20221001,월세,49.47,4000,20,1996.0,단독다가구,2022
성북구,13300,정릉동,,20221001,월세,15.0,1000,50,2018.0,단독다가구,2022
성북구,10200,성북동1가,,20221001,월세,15.0,300,35,1985.0,단독다가구,2022
성북구,13900,석관동,6.0,20221001,월세,59.94,10000,110,1999.0,아파트,2022
성북구,11200,삼선동2가,2.0,20221001,월세,84.83,37000,75,2009.0,아파트,2022
성북구,13900,석관동,17.0,20221001,월세,84.9,40000,60,1998.0,아파트,2022
성북구,11200,삼선동2가,5.0,20221001,월세,59.95,10000,130,2008.0,아파트,2022
성북구,13400,길음동,27.0,20221001,월세,59.99,10000,160,2019.0,아파트,2022
성북구,13500,종암동,8.0,20221001,월세,59.98,12000,130,2011.0,아파트,2022
성북구,13600,하월곡동,15.0,20221001,월세,114.68,10000,117,2006.0,아파트,2022
성북구,13500,종암동,,20221002,월세,14.0,200,42,1997.0,단독다가구,2022
성북구,13600,하월곡동,,20221002,월세,26.88,3000,100,2022.0,단독다가구,2022
성북구,13300,정릉동,5.0,20221002,월세,59.42,15000,60,1999.0,아파트,2022
성북구,13600,하월곡동,2.0,20221002,월세,58.19,1000,60,1982.0,연립다세대,2022
성북구,13900,석관동,,20221003,월세,40.77,6000,35,1997.0,단독다가구,2022
성북구,12200,안암동2가,,20221003,월세,16.5,1000,40,1993.0,단독다가구,2022
성북구,13500,종암동,,20221003,월세,15.0,200,50,2017.0,단독다가구,2022
성북구,12700,보문동5가,,20221003,월세,43.65,1000,65,1993.0,단독다가구,2022
성북구,13600,하월곡동,,20221003,월세,42.97,1000,70,1990.0,단독다가구,2022
성북구,13300,정릉동,4.0,20221003,월세,59.78,24150,9,2016.0,연립다세대,2022
성북구,13400,길음동,4.0,20221003,월세,32.98,23100,30,2000.0,아파트,2022
성북구,13600,하월곡동,,20221003,월세,30.6,1000,50,1993.0,단독다가구,2022
성북구,12200,안암동2가,,20221003,월세,21.0,300,35,1991.0,단독다가구,2022
성북구,12200,안암동2가,,20221003,월세,141.38,10000,80,2003.0,단독다가구,2022
성북구,13900,석관동,,20221003,월세,26.25,500,40,1993.0,단독다가구,2022
성북구,11700,동선동2가,,20221003,월세,24.0,1000,50,1997.0,단독다가구,2022
성북구,13800,장위동,,20221003,월세,47.56,2000,40,1995.0,단독다가구,2022
성북구,10100,성북동,,20221003,월세,86.08,10000,40,1985.0,단독다가구,2022
성북구,13500,종암동,,20221004,월세,50.0,6000,60,1994.0,단독다가구,2022
성북구,10300,돈암동,,20221004,월세,50.0,9500,45,2004.0,단독다가구,2022
성북구,13800,장위동,,20221004,월세,76.5,8000,56,,단독다가구,2022
성북구,13800,장위동,,20221004,월세,76.5,8000,57,,단독다가구,2022
성북구,10300,돈암동,6.0,20221004,월세,68.13,32000,55,1998.0,아파트,2022
성북구,13900,석관동,,20221004,월세,52.08,7500,20,1995.0,단독다가구,2022
성북구,13900,석관동,,20221004,월세,53.87,2000,50,1995.0,단독다가구,2022
성북구,13400,길음동,,20221004,월세,56.6,12000,10,1963.0,단독다가구,2022
성북구,11200,삼선동2가,,20221004,월세,16.0,500,40,2010.0,단독다가구,2022
성북구,12200,안암동2가,,20221004,월세,18.0,500,32,1995.0,단독다가구,2022
성북구,13300,정릉동,5.0,20221004,월세,67.8,500,35,2004.0,연립다세대,2022
성북구,10300,돈암동,,20221004,월세,41.87,2000,70,1965.0,단독다가구,2022
성북구,13900,석관동,,20221004,월세,43.1,1000,35,1985.0,단독다가구,2022
성북구,13600,하월곡동,,20221004,월세,42.88,500,30,1992.0,단독다가구,2022
성북구,13300,정릉동,,20221004,월세,45.0,1000,50,1993.0,단독다가구,2022
성북구,13800,장위동,2.0,20221004,월세,40.47,12677,47,2020.0,아파트,2022
성북구,13800,장위동,2.0,20221004,월세,40.47,14537,37,2020.0,아파트,2022
성북구,13400,길음동,6.0,20221004,월세,84.82,40000,60,2010.0,아파트,2022
성북구,13500,종암동,12.0,20221004,월세,40.87,7677,26,2011.0,아파트,2022
성북구,13900,석관동,5.0,20221004,월세,39.01,13408,34,2019.0,아파트,2022
성북구,13900,석관동,5.0,20221004,월세,39.01,11692,43,2019.0,아파트,2022
성북구,13900,석관동,18.0,20221004,월세,39.01,13408,34,2019.0,아파트,2022
성북구,13900,석관동,18.0,20221004,월세,39.01,11692,43,2019.0,아파트,2022
성북구,13900,석관동,12.0,20221004,월세,84.97,40000,80,2019.0,아파트,2022
성북구,12400,안암동4가,1.0,20221004,월세,61.02,1000,60,1969.0,아파트,2022
성북구,11700,동선동2가,,20221004,월세,33.6,5000,40,2002.0,단독다가구,2022
성북구,10300,돈암동,8.0,20221004,월세,68.76,5000,120,1991.0,아파트,2022
성북구,13400,길음동,4.0,20221004,월세,60.92,5000,100,2018.0,연립다세대,2022
성북구,12800,보문동6가,2.0,20221004,월세,29.96,7715,39,2017.0,아파트,2022
성북구,12800,보문동6가,11.0,20221004,월세,29.96,9644,35,2017.0,아파트,2022
성북구,13800,장위동,15.0,20221004,월세,14.71,5000,33,2019.0,아파트,2022
성북구,11300,삼선동3가,4.0,20221004,월세,66.68,5500,20,2001.0,연립다세대,2022
성북구,13600,하월곡동,3.0,20221004,월세,59.86,35000,35,2003.0,아파트,2022
성북구,12100,안암동1가,8.0,20221005,월세,59.7,5000,160,2005.0,아파트,2022
성북구,13300,정릉동,3.0,20221005,월세,43.95,2000,50,1995.0,연립다세대,2022
성북구,13900,석관동,,20221005,월세,25.0,300,30,1993.0,단독다가구,2022
성북구,13900,석관동,,20221005,월세,30.0,500,35,1990.0,단독다가구,2022
성북구,13600,하월곡동,,20221005,월세,18.0,3000,45,2016.0,단독다가구,2022
성북구,10300,돈암동,15.0,20221005,월세,59.58,2000,100,1998.0,아파트,2022
성북구,13800,장위동,4.0,20221005,월세,82.32,7000,50,2007.0,연립다세대,2022
성북구,13400,길음동,16.0,20221005,월세,114.98,30000,130,2010.0,아파트,2022
성북구,13600,하월곡동,20.0,20221005,월세,114.68,48000,66,2006.0,아파트,2022
성북구,12300,안암동3가,4.0,20221005,월세,89.56,2000,130,2004.0,아파트,2022
성북구,13900,석관동,10.0,20221005,월세,39.01,11692,43,2019.0,아파트,2022
성북구,13900,석관동,14.0,20221005,월세,39.01,13408,34,2019.0,아파트,2022
성북구,11200,삼선동2가,,20221005,월세,33.0,500,40,1997.0,단독다가구,2022
성북구,13900,석관동,10.0,20221005,월세,39.01,9353,48,2019.0,아파트,2022
성북구,13900,석관동,14.0,20221005,월세,39.01,11692,43,2019.0,아파트,2022
성북구,13600,하월곡동,9.0,20221005,월세,59.88,5000,74,1998.0,아파트,2022
성북구,13900,석관동,17.0,20221005,월세,84.9,45000,28,1998.0,아파트,2022
성북구,11500,삼선동5가,,20221005,월세,38.13,12000,40,1989.0,단독다가구,2022
성북구,11700,동선동2가,,20221005,월세,36.32,1000,70,1997.0,단독다가구,2022
성북구,11200,삼선동2가,,20221005,월세,33.1,1000,50,1993.0,단독다가구,2022
성북구,10700,동소문동4가,7.0,20221005,월세,18.36,1000,70,2019.0,오피스텔,2022
성북구,13600,하월곡동,13.0,20221005,월세,79.25,10000,120,2004.0,아파트,2022
성북구,13800,장위동,14.0,20221005,월세,14.71,300,51,2019.0,아파트,2022
성북구,11100,삼선동1가,,20221006,월세,45.77,1000,60,1979.0,단독다가구,2022
성북구,10300,돈암동,3.0,20221006,월세,43.15,5000,50,2002.0,연립다세대,2022
성북구,12200,안암동2가,,20221006,월세,27.0,300,47,1993.0,단독다가구,2022
성북구,13800,장위동,5.0,20221006,월세,28.52,3000,85,2020.0,연립다세대,2022
성북구,11500,삼선동5가,,20221006,월세,20.0,1000,35,1994.0,단독다가구,2022
성북구,13300,정릉동,,20221006,월세,29.3,500,40,1997.0,단독다가구,2022
성북구,13800,장위동,2.0,20221006,월세,57.52,12500,10,1996.0,연립다세대,2022
성북구,13800,장위동,,20221006,월세,25.0,300,27,1997.0,단독다가구,2022
성북구,13900,석관동,,20221006,월세,58.17,5000,70,1998.0,단독다가구,2022
성북구,11800,동선동3가,,20221006,월세,18.14,7000,11,1990.0,단독다가구,2022
성북구,13600,하월곡동,,20221006,월세,17.65,2000,35,2007.0,단독다가구,2022
성북구,10900,동소문동6가,7.0,20221006,월세,38.93,1000,68,2003.0,오피스텔,2022
성북구,13400,길음동,,20221006,월세,50.42,8000,20,1993.0,단독다가구,2022
성북구,13900,석관동,,20221006,월세,170.0,5000,70,1998.0,단독다가구,2022
성북구,13800,장위동,2.0,20221006,월세,44.92,3000,50,2004.0,연립다세대,2022
성북구,13400,길음동,10.0,20221006,월세,53.31,1518,24,2022.0,아파트,2022
성북구,13400,길음동,10.0,20221006,월세,53.31,3796,20,2022.0,아파트,2022
성북구,13400,길음동,4.0,20221006,월세,43.63,3120,16,2022.0,아파트,2022
성북구,13400,길음동,2.0,20221006,월세,38.02,2733,14,2022.0,아파트,2022
성북구,13400,길음동,2.0,20221006,월세,38.02,1093,18,2022.0,아파트,2022
성북구,13800,장위동,,20221006,월세,35.79,4000,10,1996.0,단독다가구,2022
성북구,13800,장위동,,20221006,월세,40.06,1000,40,1995.0,단독다가구,2022
성북구,12000,동선동5가,,20221006,월세,33.0,1000,55,1995.0,단독다가구,2022
성북구,13600,하월곡동,,20221006,월세,35.62,500,45,1993.0,단독다가구,2022
성북구,11000,동소문동7가,,20221006,월세,33.07,2000,45,1992.0,단독다가구,2022
성북구,13600,하월곡동,19.0,20221006,월세,84.59,30000,60,2006.0,아파트,2022
성북구,13900,석관동,1.0,20221006,월세,44.19,3143,20,2019.0,아파트,2022
성북구,13600,하월곡동,3.0,20221007,월세,59.88,5000,110,1998.0,아파트,2022
성북구,13500,종암동,6.0,20221007,월세,59.97,10000,150,2009.0,아파트,2022
성북구,13900,석관동,3.0,20221007,월세,13.32,500,45,2013.0,연립다세대,2022
성북구,13300,정릉동,,20221007,월세,20.0,7000,10,2017.0,단독다가구,2022
성북구,13300,정릉동,,20221007,월세,15.0,100,50,2019.0,단독다가구,2022
성북구,13900,석관동,,20221007,월세,16.5,500,40,2017.0,단독다가구,2022
성북구,10100,성북동,,20221007,월세,20.0,3000,40,,단독다가구,2022
성북구,13300,정릉동,,20221007,월세,15.0,500,40,2018.0,단독다가구,2022
성북구,13800,장위동,,20221007,월세,23.0,300,20,1971.0,단독다가구,2022
성북구,11900,동선동4가,9.0,20221007,월세,21.37,1000,65,2017.0,오피스텔,2022
성북구,12800,보문동6가,6.0,20221007,월세,29.96,10212,37,2017.0,아파트,2022
성북구,12800,보문동6가,6.0,20221007,월세,29.96,11708,30,2017.0,아파트,2022
성북구,13500,종암동,2.0,20221007,월세,44.78,7307,20,2018.0,연립다세대,2022
성북구,13700,상월곡동,,20221007,월세,33.0,500,40,1992.0,단독다가구,2022
성북구,13600,하월곡동,,20221007,월세,40.0,1000,50,1993.0,단독다가구,2022
성북구,10300,돈암동,16.0,20221007,월세,32.49,1171,2,1998.0,아파트,2022
성북구,13700,상월곡동,,20221007,월세,33.0,1000,40,1992.0,단독다가구,2022
성북구,13700,상월곡동,,20221007,월세,67.58,5000,40,2004.0,단독다가구,2022
성북구,13800,장위동,,20221007,월세,76.4,2000,60,1974.0,단독다가구,2022
성북구,13400,길음동,4.0,20221007,월세,43.63,4860,6,2022.0,아파트,2022
성북구,13400,길음동,11.0,20221007,월세,43.63,4860,6,2022.0,아파트,2022
성북구,13800,장위동,3.0,20221007,월세,59.1,43000,30,2020.0,아파트,2022
성북구,13400,길음동,13.0,20221007,월세,32.36,1098,27,2010.0,아파트,2022
성북구,10300,돈암동,12.0,20221008,월세,59.5,30000,70,2014.0,아파트,2022
성북구,11700,동선동2가,,20221008,월세,20.0,1000,50,2016.0,단독다가구,2022
성북구,13400,길음동,10.0,20221008,월세,59.86,10000,130,2005.0,아파트,2022
성북구,12300,안암동3가,,20221008,월세,25.6,300,38,1993.0,단독다가구,2022
성북구,13400,길음동,8.0,20221008,월세,84.96,5000,140,2003.0,아파트,2022
성북구,13800,장위동,,20221008,월세,43.12,1500,30,1975.0,단독다가구,2022
성북구,13500,종암동,2.0,20221008,월세,50.58,12000,10,1995.0,연립다세대,2022
성북구,10200,성북동1가,1.0,20221008,월세,19.6,12000,15,2013.0,연립다세대,2022
성북구,13600,하월곡동,1.0,20221008,월세,59.86,5000,130,2003.0,아파트,2022
성북구,13500,종암동,23.0,20221008,월세,84.72,5000,130,1999.0,아파트,2022
성북구,13300,정릉동,17.0,20221008,월세,59.82,5000,85,2005.0,아파트,2022
성북구,11400,삼선동4가,7.0,20221008,월세,114.84,50000,10,1999.0,아파트,2022
성북구,13300,정릉동,7.0,20221008,월세,84.96,25000,55,2000.0,아파트,2022
성북구,13300,정릉동,6.0,20221008,월세,59.26,13500,41,1999.0,아파트,2022
성북구,13900,석관동,,20221008,월세,11.9,400,30,1997.0,단독다가구,2022
성북구,12100,안암동1가,,20221008,월세,12.0,300,38,1993.0,단독다가구,2022
성북구,13300,정릉동,,20221008,월세,19.96,1000,60,2021.0,단독다가구,2022
성북구,13800,장위동,11.0,20221008,월세,18.03,1000,44,2019.0,오피스텔,2022
성북구,13300,정릉동,11.0,20221008,월세,59.9,10000,110,1999.0,아파트,2022
성북구,13300,정릉동,,20221008,월세,64.52,500,65,1994.0,단독다가구,2022
성북구,11800,동선동3가,,20221008,월세,55.52,3000,65,1995.0,단독다가구,2022
성북구,13300,정릉동,,20221008,월세,49.76,8000,20,1965.0,단독다가구,2022
성북구,13500,종암동,,20221008,월세,33.43,1000,35,1994.0,단독다가구,2022
성북구,12000,동선동5가,,20221008,월세,33.0,2000,50,1995.0,단독다가구,2022
성북구,13800,장위동,,20221008,월세,32.0,500,35,1993.0,단독다가구,2022
성북구,13300,정릉동,7.0,20221009,월세,82.37,10000,120,2006.0,아파트,2022
성북구,13900,석관동,,20221009,월세,30.0,1000,55,1994.0,단독다가구,2022
성북구,13300,정릉동,5.0,20221009,월세,26.79,1000,40,2014.0,연립다세대,2022
성북구,10100,성북동,2.0,20221010,월세,47.16,20000,30,1997.0,연립다세대,2022
성북구,13800,장위동,16.0,20221010,월세,59.99,25000,60,2020.0,아파트,2022
성북구,13800,장위동,9.0,20221010,월세,39.65,5000,90,2022.0,아파트,2022
성북구,13900,석관동,16.0,20221010,월세,84.9,10000,120,1998.0,아파트,2022
성북구,13300,정릉동,10.0,20221010,월세,84.56,45000,50,2015.0,아파트,2022
성북구,11800,동선동3가,,20221010,월세,45.0,5000,53,1997.0,단독다가구,2022
성북구,13800,장위동,-1.0,20221010,월세,43.44,500,30,1992.0,연립다세대,2022
성북구,13400,길음동,24.0,20221010,월세,84.95,12000,30,2010.0,아파트,2022
성북구,11700,동선동2가,,20221010,월세,33.09,500,40,1997.0,단독다가구,2022
성북구,13800,장위동,12.0,20221010,월세,59.1,10000,170,2020.0,아파트,2022
성북구,13300,정릉동,14.0,20221010,월세,45.77,10000,50,1999.0,아파트,2022
성북구,13800,장위동,12.0,20221010,월세,84.84,10000,160,2008.0,아파트,2022
성북구,13900,석관동,,20221010,월세,40.0,500,40,1976.0,단독다가구,2022
성북구,13500,종암동,8.0,20221010,월세,84.96,30000,27,2000.0,아파트,2022
성북구,13600,하월곡동,13.0,20221010,월세,84.54,10000,130,2011.0,아파트,2022
성북구,13800,장위동,,20221010,월세,36.95,1000,35,1993.0,단독다가구,2022
성북구,13400,길음동,2.0,20221010,월세,84.84,3000,105,2003.0,아파트,2022
성북구,13900,석관동,,20221010,월세,31.66,1000,25,1993.0,단독다가구,2022
성북구,13900,석관동,,20221010,월세,57.3,3000,50,1996.0,단독다가구,2022
성북구,13500,종암동,,20221010,월세,52.8,2000,80,1991.0,단독다가구,2022
성북구,13600,하월곡동,,20221010,월세,48.82,2000,65,1994.0,단독다가구,2022
성북구,12900,보문동7가,,20221010,월세,28.0,1400,49,2018.0,단독다가구,2022
성북구,10100,성북동,,20221010,월세,19.83,7000,50,,단독다가구,2022
성북구,11500,삼선동5가,,20221010,월세,16.51,500,40,1993.0,단독다가구,2022
성북구,13800,장위동,2.0,20221010,월세,55.92,6000,70,2002.0,연립다세대,2022
성북구,13800,장위동,10.0,20221011,월세,39.65,5000,115,2022.0,아파트,2022
성북구,13300,정릉동,2.0,20221011,월세,59.9,5000,130,1999.0,아파트,2022
성북구,13500,종암동,18.0,20221011,월세,114.98,18000,190,2011.0,아파트,2022
성북구,10300,돈암동,7.0,20221011,월세,84.82,20000,140,2006.0,아파트,2022
성북구,13500,종암동,15.0,20221011,월세,40.87,3825,21,2011.0,아파트,2022
성북구,12800,보문동6가,11.0,20221011,월세,84.99,39000,85,2017.0,아파트,2022
성북구,13700,상월곡동,20.0,20221011,월세,114.66,36000,70,2003.0,아파트,2022
성북구,13900,석관동,11.0,20221011,월세,84.98,1000,55,2019.0,아파트,2022
성북구,12800,보문동6가,3.0,20221011,월세,56.86,4000,70,1992.0,연립다세대,2022
성북구,12100,안암동1가,,20221011,월세,18.0,300,35,1990.0,단독다가구,2022
성북구,13400,길음동,13.0,20221011,월세,113.23,20000,210,2007.0,아파트,2022
성북구,13800,장위동,12.0,20221011,월세,59.1,10000,170,2020.0,아파트,2022
성북구,13900,석관동,4.0,20221011,월세,37.05,2000,110,2021.0,오피스텔,2022
성북구,10400,동소문동1가,3.0,20221011,월세,61.59,10000,50,1993.0,연립다세대,2022
성북구,12800,보문동6가,3.0,20221011,월세,19.42,3000,65,2020.0,연립다세대,2022
성북구,13000,보문동1가,,20221011,월세,48.6,3000,40,1991.0,단독다가구,2022
성북구,13700,상월곡동,,20221011,월세,27.52,1000,35,2020.0,단독다가구,2022
성북구,13600,하월곡동,,20221011,월세,23.14,200,20,1993.0,단독다가구,2022
성북구,13300,정릉동,,20221012,월세,49.41,5000,25,2005.0,단독다가구,2022
성북구,11100,삼선동1가,,20221012,월세,28.0,700,33,,단독다가구,2022
성북구,13900,석관동,,20221012,월세,73.72,19950,20,2001.0,단독다가구,2022
성북구,11900,동선동4가,,20221012,월세,29.72,10000,10,1998.0,단독다가구,2022
성북구,13900,석관동,,20221012,월세,22.6,200,25,1993.0,단독다가구,2022
성북구,12500,안암동5가,,20221012,월세,20.0,3000,40,2002.0,단독다가구,2022
성북구,13700,상월곡동,,20221012,월세,20.0,50,35,2019.0,단독다가구,2022
성북구,12600,보문동4가,,20221012,월세,25.0,1000,30,1993.0,단독다가구,2022
성북구,13500,종암동,,20221012,월세,25.0,1000,25,1996.0,단독다가구,2022
성북구,12100,안암동1가,,20221012,월세,56.08,15000,3,1993.0,단독다가구,2022
성북구,13300,정릉동,,20221012,월세,30.0,1000,80,2022.0,단독다가구,2022
성북구,13800,장위동,,20221012,월세,56.0,5000,30,1995.0,단독다가구,2022
성북구,13400,길음동,,20221012,월세,30.0,10000,5,1994.0,단독다가구,2022
성북구,10100,성북동,,20221012,월세,27.77,12000,10,1996.0,단독다가구,2022
성북구,13300,정릉동,,20221012,월세,40.86,5000,50,1979.0,단독다가구,2022
성북구,13700,상월곡동,,20221012,월세,23.14,2000,40,1992.0,단독다가구,2022
성북구,11800,동선동3가,,20221012,월세,46.0,2000,75,1992.0,단독다가구,2022
성북구,13800,장위동,8.0,20221012,월세,39.98,10000,80,2022.0,아파트,2022
성북구,13300,정릉동,13.0,20221012,월세,59.26,22000,25,1999.0,아파트,2022
성북구,13500,종암동,15.0,20221012,월세,84.92,10000,165,2009.0,아파트,2022
성북구,13800,장위동,8.0,20221012,월세,33.04,13000,45,2020.0,아파트,2022
성북구,13700,상월곡동,,20221012,월세,17.0,1000,25,2018.0,단독다가구,2022
성북구,13700,상월곡동,,20221012,월세,15.0,500,45,2017.0,단독다가구,2022
성북구,13500,종암동,5.0,20221012,월세,49.75,4930,16,2018.0,연립다세대,2022
성북구,13500,종암동,4.0,20221012,월세,29.23,1000,70,2012.0,연립다세대,2022
성북구,13900,석관동,,20221012,월세,40.0,300,35,1993.0,단독다가구,2022
성북구,13800,장위동,,20221012,월세,31.64,1000,45,1959.0,단독다가구,2022
성북구,11800,동선동3가,,20221012,월세,33.0,2000,75,1997.0,단독다가구,2022
성북구,13400,길음동,28.0,20221012,월세,84.96,40000,80,2010.0,아파트,2022
성북구,13600,하월곡동,12.0,20221013,월세,126.6,20000,250,2011.0,아파트,2022
성북구,13800,장위동,8.0,20221013,월세,46.35,11872,32,2020.0,아파트,2022
성북구,13500,종암동,13.0,20221013,월세,40.87,5663,11,2011.0,아파트,2022
성북구,13800,장위동,23.0,20221013,월세,59.1,30000,50,2020.0,아파트,2022
성북구,13400,길음동,14.0,20221013,월세,84.97,10000,107,2005.0,아파트,2022
성북구,11100,삼선동1가,,20221013,월세,60.0,14000,50,1993.0,단독다가구,2022
성북구,13300,정릉동,2.0,20221013,월세,36.33,9002,12,2020.0,연립다세대,2022
성북구,13600,하월곡동,1.0,20221013,월세,54.84,15000,40,1997.0,연립다세대,2022
성북구,13300,정릉동,1.0,20221013,월세,59.88,5000,120,2005.0,아파트,2022
성북구,13600,하월곡동,13.0,20221013,월세,79.25,40000,9,2004.0,아파트,2022
성북구,13900,석관동,14.0,20221013,월세,84.92,10000,150,2011.0,아파트,2022
성북구,13500,종암동,,20221013,월세,33.0,500,35,1989.0,단독다가구,2022
성북구,11800,동선동3가,,20221013,월세,33.0,500,60,1997.0,단독다가구,2022
성북구,13700,상월곡동,,20221013,월세,39.0,2000,45,1991.0,단독다가구,2022
성북구,13400,길음동,7.0,20221013,월세,84.98,10000,230,2022.0,아파트,2022
성북구,13800,장위동,,20221013,월세,32.98,500,40,1988.0,단독다가구,2022
성북구,13100,보문동2가,,20221013,월세,33.06,2000,30,,단독다가구,2022
성북구,12900,보문동7가,8.0,20221013,월세,29.91,25000,25,2019.0,연립다세대,2022
성북구,13400,길음동,9.0,20221013,월세,59.94,20000,21,1998.0,아파트,2022
성북구,13800,장위동,12.0,20221013,월세,26.99,13600,23,2020.0,아파트,2022
성북구,13300,정릉동,-1.0,20221013,월세,41.64,3500,35,1992.0,연립다세대,2022
성북구,13500,종암동,1.0,20221013,월세,34.29,300,45,1993.0,연립다세대,2022
성북구,13600,하월곡동,10.0,20221013,월세,33.35,3026,7,2008.0,아파트,2022
성북구,13500,종암동,,20221014,월세,12.0,300,30,2018.0,단독다가구,2022
성북구,13400,길음동,10.0,20221014,월세,59.37,30000,60,2007.0,아파트,2022
성북구,13600,하월곡동,4.0,20221014,월세,114.61,10000,105,2010.0,아파트,2022
성북구,13800,장위동,,20221014,월세,45.66,500,45,1997.0,단독다가구,2022
성북구,13400,길음동,37.0,20221014,월세,120.64,0,300,2019.0,아파트,2022
성북구,10800,동소문동5가,16.0,20221014,월세,14.09,1000,78,2018.0,아파트,2022
성북구,13600,하월곡동,7.0,20221014,월세,84.78,40000,15,1998.0,아파트,2022
성북구,11700,동선동2가,,20221014,월세,20.0,2000,60,2002.0,단독다가구,2022
성북구,13800,장위동,26.0,20221014,월세,84.97,13740,165,2021.0,아파트,2022
성북구,13800,장위동,5.0,20221014,월세,43.45,9000,45,2016.0,연립다세대,2022
성북구,13700,상월곡동,16.0,20221014,월세,59.95,5000,100,2003.0,아파트,2022
성북구,11400,삼선동4가,,20221014,월세,28.14,1000,40,2001.0,단독다가구,2022
성북구,13900,석관동,,20221014,월세,64.0,6500,40,1994.0,단독다가구,2022
성북구,13900,석관동,,20221014,월세,63.1,8000,30,2002.0,단독다가구,2022
성북구,11100,삼선동1가,,20221014,월세,75.24,5000,95,1971.0,단독다가구,2022
성북구,13700,상월곡동,,20221014,월세,33.0,500,40,1991.0,단독다가구,2022
성북구,13100,보문동2가,,20221014,월세,31.4,2000,40,1994.0,단독다가구,2022
성북구,13300,정릉동,15.0,20221014,월세,59.98,3000,125,2004.0,아파트,2022
성북구,10100,성북동,2.0,20221014,월세,59.63,25000,30,1998.0,연립다세대,2022
성북구,13500,종암동,13.0,20221014,월세,114.98,5000,155,2004.0,아파트,2022
성북구,12800,보문동6가,3.0,20221014,월세,45.81,10000,86,2017.0,아파트,2022
성북구,13400,길음동,16.0,20221015,월세,84.97,44100,20,2005.0,아파트,2022
성북구,13400,길음동,25.0,20221015,월세,59.98,10000,150,2010.0,아파트,2022
성북구,13800,장위동,4.0,20221015,월세,54.6,16000,15,1992.0,연립다세대,2022
성북구,13300,정릉동,-1.0,20221015,월세,42.56,10000,40,1986.0,연립다세대,2022
성북구,11700,동선동2가,,20221015,월세,21.0,3000,50,2014.0,단독다가구,2022
성북구,13800,장위동,,20221015,월세,30.0,700,40,1991.0,단독다가구,2022
성북구,13300,정릉동,4.0,20221015,월세,25.75,1000,80,2015.0,연립다세대,2022
성북구,13900,석관동,,20221015,월세,30.62,500,45,1996.0,단독다가구,2022
성북구,13800,장위동,11.0,20221015,월세,101.79,30000,150,2021.0,아파트,2022
성북구,13800,장위동,19.0,20221015,월세,84.94,10000,195,2020.0,아파트,2022
성북구,13900,석관동,21.0,20221015,월세,59.97,10000,100,1998.0,아파트,2022
성북구,13300,정릉동,4.0,20221015,월세,46.96,5000,77,2003.0,연립다세대,2022
성북구,10200,성북동1가,2.0,20221015,월세,70.08,23000,10,1991.0,연립다세대,2022
성북구,13400,길음동,16.0,20221015,월세,59.69,3000,180,2019.0,아파트,2022
성북구,13300,정릉동,,20221015,월세,16.0,1000,45,2017.0,단독다가구,2022
성북구,12200,안암동2가,,20221015,월세,16.5,1000,45,2014.0,단독다가구,2022
성북구,13500,종암동,,20221015,월세,16.0,500,50,2018.0,단독다가구,2022
성북구,11100,삼선동1가,,20221015,월세,83.16,8000,80,2009.0,단독다가구,2022
성북구,10900,동소문동6가,,20221015,월세,58.0,7000,50,1992.0,단독다가구,2022
성북구,13900,석관동,,20221015,월세,66.64,2000,60,2004.0,단독다가구,2022
성북구,13300,정릉동,,20221015,월세,70.78,1000,45,2017.0,단독다가구,2022
성북구,13300,정릉동,17.0,20221015,월세,84.99,25000,60,2000.0,아파트,2022
성북구,13500,종암동,20.0,20221015,월세,75.5,20000,70,1996.0,아파트,2022
성북구,11300,삼선동3가,,20221015,월세,85.02,10000,100,1983.0,단독다가구,2022
성북구,13500,종암동,13.0,20221015,월세,84.97,20000,150,2010.0,아파트,2022
성북구,13900,석관동,,20221015,월세,65.22,3000,55,1997.0,단독다가구,2022
성북구,11900,동선동4가,,20221015,월세,51.82,3000,50,1994.0,단독다가구,2022
성북구,13800,장위동,,20221015,월세,50.43,1000,50,1995.0,단독다가구,2022
성북구,13300,정릉동,5.0,20221015,월세,59.88,3000,94,2005.0,아파트,2022
성북구,13300,정릉동,13.0,20221015,월세,60.0,20000,70,2005.0,아파트,2022
성북구,13300,정릉동,2.0,20221015,월세,45.0,1000,60,1994.0,연립다세대,2022
성북구,11700,동선동2가,,20221015,월세,33.0,2000,46,1989.0,단독다가구,2022
성북구,12500,안암동5가,,20221015,월세,39.66,3000,65,1995.0,단독다가구,2022
성북구,10300,돈암동,,20221016,월세,14.85,50,25,1969.0,단독다가구,2022
성북구,13400,길음동,6.0,20221016,월세,84.98,20000,200,2022.0,아파트,2022
성북구,13800,장위동,3.0,20221016,월세,70.5,7000,70,2005.0,연립다세대,2022
성북구,13600,하월곡동,11.0,20221016,월세,59.65,10000,75,2010.0,아파트,2022
성북구,13800,장위동,11.0,20221016,월세,59.1,10000,170,2020.0,아파트,2022
성북구,13900,석관동,,20221016,월세,25.12,300,40,2004.0,단독다가구,2022
성북구,13300,정릉동,2.0,20221016,월세,75.66,20000,30,2005.0,연립다세대,2022
성북구,13600,하월곡동,5.0,20221016,월세,27.31,5000,90,2022.0,오피스텔,2022
성북구,13500,종암동,1.0,20221016,월세,59.86,26000,10,1999.0,아파트,2022
성북구,13600,하월곡동,5.0,20221016,월세,35.2,200,15,2017.0,연립다세대,2022
성북구,13600,하월곡동,,20221016,월세,58.63,15000,20,2016.0,단독다가구,2022
성북구,13500,종암동,2.0,20221017,월세,56.04,1000,85,2008.0,연립다세대,2022
성북구,13300,정릉동,,20221017,월세,63.2,3000,50,1995.0,단독다가구,2022
성북구,12800,보문동6가,,20221017,월세,57.59,3000,60,1974.0,단독다가구,2022
성북구,13900,석관동,,20221017,월세,56.93,6000,45,1997.0,단독다가구,2022
성북구,13800,장위동,,20221017,월세,47.5,1000,50,2004.0,단독다가구,2022
성북구,12400,안암동4가,,20221017,월세,53.76,3000,65,1991.0,단독다가구,2022
성북구,13600,하월곡동,,20221017,월세,42.97,2000,80,1994.0,단독다가구,2022
성북구,12200,안암동2가,,20221017,월세,41.76,9000,30,1994.0,단독다가구,2022
성북구,13900,석관동,,20221017,월세,40.0,9000,15,1993.0,단독다가구,2022
성북구,11000,동소문동7가,,20221017,월세,36.3,2000,90,2016.0,단독다가구,2022
성북구,13300,정릉동,2.0,20221017,월세,84.95,33000,7,2005.0,아파트,2022
성북구,12800,보문동6가,,20221017,월세,35.0,1000,60,1994.0,단독다가구,2022
성북구,12100,안암동1가,,20221017,월세,40.15,1500,60,1993.0,단독다가구,2022
성북구,10200,성북동1가,1.0,20221017,월세,73.61,28000,5,2003.0,연립다세대,2022
성북구,13300,정릉동,9.0,20221017,월세,52.89,5000,50,1977.0,아파트,2022
성북구,11000,동소문동7가,10.0,20221017,월세,59.91,32000,20,2004.0,아파트,2022
성북구,13500,종암동,19.0,20221017,월세,59.04,5000,100,1999.0,아파트,2022
성북구,11500,삼선동5가,12.0,20221017,월세,27.69,1000,60,2003.0,오피스텔,2022
성북구,13500,종암동,,20221017,월세,26.0,2000,30,1994.0,단독다가구,2022
성북구,10300,돈암동,,20221017,월세,19.0,2500,27,1966.0,단독다가구,2022
성북구,13800,장위동,19.0,20221017,월세,59.99,15000,120,2020.0,아파트,2022
성북구,13500,종암동,5.0,20221017,월세,84.99,5000,200,2011.0,아파트,2022
성북구,13900,석관동,18.0,20221017,월세,59.97,20000,50,1998.0,아파트,2022
성북구,13800,장위동,4.0,20221017,월세,29.89,5000,83,2021.0,연립다세대,2022
성북구,10100,성북동,2.0,20221018,월세,59.99,2000,140,1997.0,연립다세대,2022
성북구,11100,삼선동1가,,20221018,월세,18.0,500,40,1990.0,단독다가구,2022
성북구,13300,정릉동,,20221018,월세,53.71,1000,40,1989.0,단독다가구,2022
성북구,13300,정릉동,,20221018,월세,55.0,17000,20,2004.0,단독다가구,2022
성북구,13400,길음동,8.0,20221018,월세,59.93,10000,135,2019.0,아파트,2022
성북구,13800,장위동,,20221018,월세,51.07,500,35,1968.0,단독다가구,2022
성북구,10100,성북동,,20221018,월세,35.0,2000,35,1997.0,단독다가구,2022
성북구,13500,종암동,,20221018,월세,39.0,100,30,1966.0,단독다가구,2022
성북구,11800,동선동3가,,20221018,월세,26.0,1000,50,1996.0,단독다가구,2022
성북구,13800,장위동,8.0,20221018,월세,39.65,5000,100,2022.0,아파트,2022
성북구,13400,길음동,5.0,20221018,월세,59.99,3000,140,2005.0,아파트,2022
성북구,13400,길음동,4.0,20221018,월세,114.88,75000,40,2005.0,아파트,2022
성북구,13300,정릉동,10.0,20221018,월세,84.4,10000,180,2009.0,아파트,2022
성북구,13300,정릉동,4.0,20221018,월세,75.79,20000,40,1997.0,연립다세대,2022
성북구,13400,길음동,11.0,20221018,월세,59.99,5000,165,2010.0,아파트,2022
성북구,13800,장위동,4.0,20221018,월세,40.24,4511,6,2017.0,아파트,2022
성북구,13800,장위동,16.0,20221018,월세,14.71,1000,55,2019.0,아파트,2022
성북구,13100,보문동2가,3.0,20221019,월세,31.12,2000,65,2002.0,연립다세대,2022
성북구,13400,길음동,14.0,20221019,월세,84.66,60000,50,2019.0,아파트,2022
성북구,13700,상월곡동,,20221019,월세,43.0,3000,70,1994.0,단독다가구,2022
성북구,13500,종암동,5.0,20221019,월세,40.35,2580,23,2009.0,아파트,2022
성북구,13800,장위동,6.0,20221019,월세,36.14,11260,29,2020.0,아파트,2022
성북구,13800,장위동,15.0,20221019,월세,15.21,1000,50,2019.0,아파트,2022
성북구,12100,안암동1가,,20221019,월세,16.5,300,45,1988.0,단독다가구,2022
성북구,12500,안암동5가,,20221019,월세,19.8,1000,70,2018.0,단독다가구,2022
성북구,12500,안암동5가,,20221019,월세,24.0,1000,60,2019.0,단독다가구,2022
성북구,13900,석관동,,20221019,월세,22.6,500,40,1993.0,단독다가구,2022
성북구,12200,안암동2가,,20221019,월세,28.6,10000,25,1970.0,단독다가구,2022
성북구,11800,동선동3가,,20221019,월세,24.76,500,50,1998.0,단독다가구,2022
성북구,10300,돈암동,,20221019,월세,38.99,6500,5,1993.0,단독다가구,2022
성북구,13900,석관동,,20221019,월세,39.51,500,45,1985.0,단독다가구,2022
성북구,13800,장위동,5.0,20221019,월세,58.88,100,38,2019.0,연립다세대,2022
성북구,13300,정릉동,15.0,20221019,월세,32.76,3078,6,2005.0,아파트,2022
성북구,13300,정릉동,3.0,20221019,월세,24.38,100,11,2014.0,연립다세대,2022
성북구,13800,장위동,7.0,20221019,월세,39.65,3000,110,2022.0,아파트,2022
성북구,13300,정릉동,4.0,20221019,월세,84.09,25000,40,2005.0,아파트,2022
성북구,13400,길음동,16.0,20221019,월세,59.99,0,200,2003.0,아파트,2022
성북구,13400,길음동,4.0,20221019,월세,84.96,30000,100,2003.0,아파트,2022
성북구,10900,동소문동6가,4.0,20221019,월세,25.86,3000,80,2014.0,연립다세대,2022
성북구,11300,삼선동3가,,20221020,월세,43.79,500,50,2000.0,단독다가구,2022
성북구,13400,길음동,8.0,20221020,월세,30.88,4882,10,2008.0,아파트,2022
성북구,13400,길음동,7.0,20221020,월세,84.97,15000,135,2005.0,아파트,2022
성북구,13400,길음동,1.0,20221020,월세,60.0,20000,65,2003.0,아파트,2022
성북구,10300,돈암동,4.0,20221020,월세,59.5,43000,20,2014.0,아파트,2022
성북구,13800,장위동,,20221020,월세,50.68,15000,10,1994.0,단독다가구,2022
성북구,13500,종암동,,20221020,월세,52.0,1000,80,1975.0,단독다가구,2022
성북구,13300,정릉동,,20221020,월세,63.8,3000,70,1989.0,단독다가구,2022
성북구,12600,보문동4가,,20221020,월세,73.06,2000,78,1995.0,단독다가구,2022
성북구,10100,성북동,-1.0,20221020,월세,68.85,34000,50,2016.0,연립다세대,2022
성북구,13900,석관동,12.0,20221020,월세,114.84,38850,50,1999.0,아파트,2022
성북구,13500,종암동,-1.0,20221020,월세,53.55,500,50,1988.0,연립다세대,2022
성북구,13500,종암동,13.0,20221020,월세,40.87,2930,26,2011.0,아파트,2022
성북구,13500,종암동,8.0,20221020,월세,59.98,10000,110,2011.0,아파트,2022
성북구,13300,정릉동,,20221020,월세,16.5,500,40,2012.0,단독다가구,2022
성북구,13400,길음동,,20221020,월세,16.0,500,36,2011.0,단독다가구,2022
성북구,10100,성북동,,20221020,월세,33.0,1000,60,1993.0,단독다가구,2022
성북구,12500,안암동5가,,20221020,월세,40.0,2000,110,2019.0,단독다가구,2022
성북구,13500,종암동,,20221021,월세,27.0,1000,65,2004.0,단독다가구,2022
성북구,13200,보문동3가,,20221021,월세,26.0,1000,50,1994.0,단독다가구,2022
성북구,13500,종암동,,20221021,월세,54.0,13000,26,2012.0,단독다가구,2022
성북구,13300,정릉동,14.0,20221021,월세,84.88,10000,98,1999.0,아파트,2022
성북구,13900,석관동,,20221021,월세,51.98,2000,55,1995.0,단독다가구,2022
성북구,13400,길음동,7.0,20221021,월세,30.88,4882,10,2008.0,아파트,2022
성북구,13400,길음동,5.0,20221021,월세,114.93,10000,200,2006.0,아파트,2022
성북구,13400,길음동,1.0,20221021,월세,30.61,2849,10,2005.0,아파트,2022
성북구,10100,성북동,2.0,20221021,월세,109.39,45000,30,1991.0,연립다세대,2022
성북구,13400,길음동,21.0,20221021,월세,59.93,40000,30,2019.0,아파트,2022
성북구,13800,장위동,1.0,20221021,월세,53.1,1000,70,1991.0,연립다세대,2022
성북구,10200,성북동1가,11.0,20221021,월세,16.27,1000,75,2015.0,아파트,2022
성북구,13900,석관동,4.0,20221021,월세,59.97,17500,70,1998.0,아파트,2022
성북구,13600,하월곡동,13.0,20221021,월세,166.87,50000,260,2010.0,아파트,2022
성북구,13800,장위동,-1.0,20221021,월세,56.93,8000,13,1991.0,연립다세대,2022
성북구,13300,정릉동,12.0,20221021,월세,73.28,30000,40,2005.0,아파트,2022
성북구,13300,정릉동,,20221021,월세,16.5,500,40,2018.0,단독다가구,2022
성북구,13800,장위동,,20221021,월세,36.0,500,45,1993.0,단독다가구,2022
성북구,11500,삼선동5가,,20221021,월세,39.0,3000,80,2015.0,단독다가구,2022
성북구,12600,보문동4가,4.0,20221021,월세,44.12,4000,60,2004.0,연립다세대,2022
성북구,11900,동선동4가,,20221022,월세,31.37,1000,75,1992.0,단독다가구,2022
성북구,13900,석관동,,20221022,월세,62.64,10000,50,1973.0,단독다가구,2022
성북구,13300,정릉동,,20221022,월세,59.86,8000,25,1994.0,단독다가구,2022
성북구,10300,돈암동,18.0,20221022,월세,84.88,42000,85,2014.0,아파트,2022
성북구,10600,동소문동3가,,20221022,월세,27.0,3000,65,2017.0,단독다가구,2022
성북구,13900,석관동,,20221022,월세,27.0,500,28,1990.0,단독다가구,2022
성북구,13300,정릉동,,20221022,월세,21.0,500,25,1988.0,단독다가구,2022
성북구,12200,안암동2가,,20221022,월세,23.1,500,41,1997.0,단독다가구,2022
성북구,13400,길음동,8.0,20221022,월세,59.97,15000,120,2005.0,아파트,2022
성북구,13400,길음동,14.0,20221022,월세,102.38,37000,123,2005.0,아파트,2022
성북구,13500,종암동,14.0,20221022,월세,59.67,3000,110,2000.0,아파트,2022
성북구,11600,동선동1가,,20221022,월세,24.02,5000,29,1980.0,단독다가구,2022
성북구,10400,동소문동1가,,20221022,월세,20.0,1000,50,1997.0,단독다가구,2022
성북구,13400,길음동,12.0,20221022,월세,59.37,5000,137,2007.0,아파트,2022
성북구,10300,돈암동,12.0,20221022,월세,84.98,5000,170,2005.0,아파트,2022
성북구,13300,정릉동,13.0,20221022,월세,59.59,3000,100,1999.0,아파트,2022
성북구,13800,장위동,-1.0,20221022,월세,37.2,500,30,1993.0,연립다세대,2022
성북구,11500,삼선동5가,,20221022,월세,18.0,500,45,2009.0,단독다가구,2022
성북구,13600,하월곡동,,20221022,월세,16.0,500,50,2019.0,단독다가구,2022
성북구,13500,종암동,,20221022,월세,19.8,500,40,2010.0,단독다가구,2022
성북구,10900,동소문동6가,10.0,20221022,월세,13.27,3000,50,2013.0,아파트,2022
성북구,13800,장위동,2.0,20221022,월세,84.98,15000,150,2021.0,아파트,2022
성북구,13400,길음동,14.0,20221022,월세,84.77,50000,100,2022.0,아파트,2022
성북구,13900,석관동,10.0,20221022,월세,59.98,20000,120,2019.0,아파트,2022
성북구,13700,상월곡동,11.0,20221022,월세,114.66,10000,125,2003.0,아파트,2022
성북구,13400,길음동,12.0,20221023,월세,30.61,3474,7,2005.0,아파트,2022
성북구,13600,하월곡동,,20221023,월세,59.5,5000,20,1989.0,단독다가구,2022
성북구,13400,길음동,,20221023,월세,30.4,1000,20,1991.0,단독다가구,2022
성북구,13300,정릉동,4.0,20221023,월세,59.88,10000,75,2005.0,아파트,2022
성북구,11200,삼선동2가,6.0,20221023,월세,56.83,10000,100,2009.0,아파트,2022
성북구,13800,장위동,4.0,20221024,월세,33.04,1500,80,2020.0,아파트,2022
성북구,13800,장위동,,20221024,월세,44.11,1000,45,1993.0,단독다가구,2022
성북구,12700,보문동5가,,20221024,월세,44.56,1000,47,1994.0,단독다가구,2022
성북구,11800,동선동3가,,20221024,월세,12.0,100,10,1990.0,단독다가구,2022
성북구,13400,길음동,7.0,20221024,월세,84.97,5000,140,2005.0,아파트,2022
성북구,13400,길음동,11.0,20221024,월세,84.97,10000,145,2005.0,아파트,2022
성북구,13500,종암동,,20221024,월세,74.47,5000,80,1995.0,단독다가구,2022
성북구,10800,동소문동5가,19.0,20221024,월세,125.04,50000,100,2006.0,아파트,2022
성북구,13400,길음동,6.0,20221024,월세,30.88,4882,10,2008.0,아파트,2022
성북구,13600,하월곡동,2.0,20221024,월세,70.04,1000,50,1985.0,아파트,2022
성북구,13600,하월곡동,,20221024,월세,83.74,16000,30,1971.0,단독다가구,2022
성북구,10900,동소문동6가,,20221024,월세,58.04,12000,60,1995.0,단독다가구,2022
성북구,13800,장위동,,20221024,월세,20.0,200,10,1993.0,단독다가구,2022
성북구,10300,돈암동,9.0,20221024,월세,84.97,8000,150,2004.0,아파트,2022
성북구,13600,하월곡동,2.0,20221024,월세,26.96,1000,100,2022.0,오피스텔,2022
성북구,13800,장위동,-1.0,20221024,월세,29.78,10000,55,2022.0,연립다세대,2022
성북구,13300,정릉동,,20221024,월세,19.83,12000,5,1943.0,단독다가구,2022
성북구,13800,장위동,,20221024,월세,16.5,300,15,1991.0,단독다가구,2022
성북구,12200,안암동2가,,20221025,월세,18.0,1000,40,2010.0,단독다가구,2022
성북구,13900,석관동,,20221025,월세,17.0,1000,50,2022.0,단독다가구,2022
성북구,13900,석관동,,20221025,월세,15.51,500,30,2011.0,단독다가구,2022
성북구,13300,정릉동,,20221025,월세,15.0,500,60,2017.0,단독다가구,2022
성북구,12500,안암동5가,,20221025,월세,16.5,1000,60,2018.0,단독다가구,2022
성북구,13300,정릉동,,20221025,월세,50.65,9000,50,1989.0,단독다가구,2022
성북구,13500,종암동,,20221025,월세,14.56,12000,10,1974.0,단독다가구,2022
성북구,13900,석관동,,20221025,월세,44.56,8000,30,1994.0,단독다가구,2022
성북구,13500,종암동,,20221025,월세,40.89,12000,35,1976.0,단독다가구,2022
성북구,13300,정릉동,3.0,20221025,월세,56.73,7000,30,2018.0,연립다세대,2022
성북구,13800,장위동,4.0,20221025,월세,40.81,1584,21,2018.0,연립다세대,2022
성북구,11200,삼선동2가,5.0,20221025,월세,23.34,1000,88,2018.0,연립다세대,2022
성북구,11000,동소문동7가,2.0,20221025,월세,59.91,45000,20,2004.0,아파트,2022
성북구,13600,하월곡동,8.0,20221025,월세,30.06,3111,6,2003.0,아파트,2022
성북구,13400,길음동,12.0,20221025,월세,84.84,5200,96,2003.0,아파트,2022
성북구,13900,석관동,9.0,20221025,월세,30.0,4804,9,2009.0,아파트,2022
성북구,10200,성북동1가,,20221025,월세,30.0,3000,65,1997.0,단독다가구,2022
성북구,13100,보문동2가,,20221025,월세,27.3,500,52,2000.0,단독다가구,2022
성북구,12500,안암동5가,,20221025,월세,20.0,500,45,1996.0,단독다가구,2022
성북구,10100,성북동,,20221025,월세,31.94,2000,60,1994.0,단독다가구,2022
성북구,12500,안암동5가,3.0,20221025,월세,28.19,2000,160,2022.0,연립다세대,2022
성북구,10400,동소문동1가,,20221025,월세,33.0,2000,50,,단독다가구,2022
성북구,13600,하월곡동,7.0,20221026,월세,59.65,6000,115,2010.0,아파트,2022
성북구,13400,길음동,8.0,20221026,월세,59.99,30000,90,2010.0,아파트,2022
성북구,13800,장위동,,20221026,월세,75.6,6000,25,1990.0,단독다가구,2022
성북구,13900,석관동,,20221026,월세,48.86,2000,60,1992.0,단독다가구,2022
성북구,13100,보문동2가,,20221026,월세,59.5,9000,40,1993.0,단독다가구,2022
성북구,12500,안암동5가,,20221026,월세,63.63,2000,100,1992.0,단독다가구,2022
성북구,13600,하월곡동,,20221026,월세,18.0,500,25,1994.0,단독다가구,2022
성북구,10300,돈암동,19.0,20221026,월세,84.87,15000,150,1998.0,아파트,2022
성북구,13200,보문동3가,2.0,20221026,월세,59.65,15000,125,2003.0,아파트,2022
성북구,13300,정릉동,2.0,20221026,월세,29.07,1672,9,2014.0,연립다세대,2022
성북구,13600,하월곡동,,20221026,월세,31.21,15000,20,1966.0,단독다가구,2022
성북구,13600,하월곡동,2.0,20221026,월세,28.41,5000,90,2022.0,오피스텔,2022
성북구,13400,길음동,10.0,20221026,월세,59.94,10000,100,1998.0,아파트,2022
성북구,13600,하월곡동,19.0,20221026,월세,126.6,26250,168,2011.0,아파트,2022
성북구,13600,하월곡동,9.0,20221026,월세,59.75,10000,110,2006.0,아파트,2022
성북구,13600,하월곡동,11.0,20221026,월세,84.7,3000,280,2007.0,아파트,2022
성북구,12200,안암동2가,,20221026,월세,20.0,300,35,1997.0,단독다가구,2022
성북구,12100,안암동1가,,20221026,월세,26.0,1000,60,2016.0,단독다가구,2022
성북구,11700,동선동2가,,20221027,월세,20.0,3000,35,2014.0,단독다가구,2022
성북구,13500,종암동,,20221027,월세,27.73,2000,80,2022.0,단독다가구,2022
성북구,13500,종암동,,20221027,월세,20.88,200,25,1993.0,단독다가구,2022
성북구,11700,동선동2가,,20221027,월세,25.31,6000,22,,단독다가구,2022
성북구,10300,돈암동,15.0,20221027,월세,68.13,5400,100,1998.0,아파트,2022
성북구,13400,길음동,,20221027,월세,41.3,500,35,1991.0,단독다가구,2022
성북구,13300,정릉동,15.0,20221027,월세,84.87,5000,80,1999.0,아파트,2022
성북구,12800,보문동6가,,20221027,월세,62.3,4500,70,1997.0,단독다가구,2022
성북구,13400,길음동,15.0,20221027,월세,84.84,5000,150,2003.0,아파트,2022
성북구,13100,보문동2가,,20221027,월세,77.28,6000,60,2004.0,단독다가구,2022
성북구,13800,장위동,,20221027,월세,62.29,1500,50,1983.0,단독다가구,2022
성북구,13800,장위동,8.0,20221027,월세,18.03,1000,55,2019.0,오피스텔,2022
성북구,13500,종암동,11.0,20221027,월세,84.98,5000,165,2008.0,아파트,2022
성북구,13800,장위동,,20221027,월세,32.91,1000,54,1990.0,단독다가구,2022
성북구,12100,안암동1가,,20221027,월세,39.6,500,40,1993.0,단독다가구,2022
성북구,13600,하월곡동,4.0,20221027,월세,59.86,5000,106,2003.0,아파트,2022
성북구,13800,장위동,10.0,20221027,월세,39.98,5000,100,2022.0,아파트,2022
성북구,13300,정릉동,7.0,20221027,월세,46.65,1000,90,2000.0,아파트,2022
성북구,13500,종암동,11.0,20221027,월세,59.97,40000,40,2009.0,아파트,2022
성북구,13900,석관동,21.0,20221027,월세,84.9,35000,36,1998.0,아파트,2022
성북구,13600,하월곡동,1.0,20221027,월세,84.59,40000,40,2006.0,아파트,2022
성북구,13400,길음동,7.0,20221027,월세,43.63,3120,16,2022.0,아파트,2022
성북구,13800,장위동,2.0,20221027,월세,29.87,3000,80,2022.0,연립다세대,2022
성북구,12300,안암동3가,1.0,20221028,월세,47.87,1000,50,1971.0,아파트,2022
성북구,13500,종암동,12.0,20221028,월세,84.99,20000,160,2011.0,아파트,2022
성북구,10300,돈암동,8.0,20221028,월세,84.88,52000,40,2016.0,아파트,2022
성북구,12500,안암동5가,3.0,20221028,월세,28.28,2000,160,2022.0,연립다세대,2022
성북구,13600,하월곡동,,20221028,월세,44.85,5000,60,1995.0,단독다가구,2022
성북구,13900,석관동,,20221028,월세,30.0,100,35,1973.0,단독다가구,2022
성북구,13800,장위동,,20221028,월세,30.0,500,30,1982.0,단독다가구,2022
성북구,13800,장위동,,20221028,월세,65.7,3000,45,1993.0,단독다가구,2022
성북구,13300,정릉동,-1.0,20221028,월세,38.41,0,35,1991.0,연립다세대,2022
성북구,13400,길음동,,20221028,월세,40.0,2000,60,1994.0,단독다가구,2022
성북구,13500,종암동,,20221028,월세,40.0,500,50,1997.0,단독다가구,2022
성북구,13800,장위동,,20221028,월세,33.0,500,32,1992.0,단독다가구,2022
성북구,13800,장위동,,20221028,월세,36.0,500,35,1989.0,단독다가구,2022
성북구,13900,석관동,,20221028,월세,38.0,1000,40,1995.0,단독다가구,2022
성북구,13100,보문동2가,4.0,20221028,월세,51.1,7000,60,1940.0,연립다세대,2022
성북구,13500,종암동,19.0,20221029,월세,59.98,20000,88,2011.0,아파트,2022
성북구,13400,길음동,11.0,20221029,월세,59.99,20000,65,2003.0,아파트,2022
성북구,13400,길음동,1.0,20221029,월세,84.97,2000,160,2005.0,아파트,2022
성북구,13700,상월곡동,8.0,20221029,월세,59.95,3000,100,2003.0,아파트,2022
성북구,11400,삼선동4가,5.0,20221029,월세,27.14,16000,30,2018.0,연립다세대,2022
성북구,13700,상월곡동,,20221029,월세,30.27,500,40,1992.0,단독다가구,2022
성북구,13700,상월곡동,,20221029,월세,30.0,500,30,1991.0,단독다가구,2022
성북구,11200,삼선동2가,,20221029,월세,30.0,1000,50,2001.0,단독다가구,2022
성북구,13800,장위동,,20221029,월세,26.05,2000,30,1973.0,단독다가구,2022
성북구,10100,성북동,,20221029,월세,31.08,2500,42,1996.0,단독다가구,2022
성북구,13900,석관동,,20221029,월세,52.5,300,36,1993.0,단독다가구,2022
성북구,11700,동선동2가,,20221029,월세,50.0,10000,49,2016.0,단독다가구,2022
성북구,13600,하월곡동,3.0,20221029,월세,84.88,5000,185,2007.0,아파트,2022
성북구,13300,정릉동,4.0,20221029,월세,59.63,10000,85,2015.0,아파트,2022
성북구,13800,장위동,,20221029,월세,55.68,5000,30,1995.0,단독다가구,2022
성북구,11200,삼선동2가,4.0,20221029,월세,84.83,30000,100,2008.0,아파트,2022
성북구,13600,하월곡동,3.0,20221029,월세,41.24,1000,90,2014.0,연립다세대,2022
성북구,13400,길음동,8.0,20221029,월세,59.94,5000,120,1998.0,아파트,2022
성북구,10100,성북동,,20221030,월세,29.68,9000,54,2020.0,단독다가구,2022
성북구,13500,종암동,5.0,20221030,월세,59.98,20000,100,2011.0,아파트,2022
성북구,13400,길음동,6.0,20221030,월세,84.93,10000,190,2019.0,아파트,2022
성북구,13100,보문동2가,4.0,20221031,월세,23.26,3000,75,2015.0,연립다세대,2022
성북구,13300,정릉동,8.0,20221031,월세,59.59,3000,104,1999.0,아파트,2022
성북구,13600,하월곡동,8.0,20221031,월세,84.91,5000,170,2011.0,아파트,2022
성북구,13400,길음동,13.0,20221031,월세,30.88,4882,10,2008.0,아파트,2022
성북구,13500,종암동,9.0,20221031,월세,50.9,12000,80,2017.0,연립다세대,2022
성북구,13400,길음동,8.0,20221031,월세,43.63,4860,6,2022.0,아파트,2022
성북구,12800,보문동6가,5.0,20221031,월세,19.5,1000,50,2003.0,연립다세대,2022
성북구,13300,정릉동,5.0,20221031,월세,29.87,10000,60,2019.0,연립다세대,2022
성북구,11500,삼선동5가,3.0,20221031,월세,33.45,5000,30,2007.0,연립다세대,2022
성북구,11500,삼선동5가,3.0,20221031,월세,15.05,8500,10,2011.0,연립다세대,2022
성북구,13600,하월곡동,5.0,20221031,월세,59.86,5000,110,2003.0,아파트,2022
성북구,13200,보문동3가,5.0,20221031,월세,59.65,20000,100,2003.0,아파트,2022
성북구,13900,석관동,,20221031,월세,15.0,500,45,2019.0,단독다가구,2022
성북구,13500,종암동,,20221031,월세,17.61,350,11,1991.0,단독다가구,2022
성북구,13900,석관동,,20221031,월세,24.0,500,25,1994.0,단독다가구,2022
성북구,11100,삼선동1가,,20221031,월세,24.03,2000,30,1981.0,단독다가구,2022
성북구,10100,성북동,,20221031,월세,24.75,2000,50,1998.0,단독다가구,2022
성북구,11800,동선동3가,,20221031,월세,27.41,3000,35,2001.0,단독다가구,2022
성북구,13300,정릉동,,20221031,월세,30.0,500,30,1991.0,단독다가구,2022
성북구,13800,장위동,,20221031,월세,30.0,1000,35,1994.0,단독다가구,2022
성북구,13900,석관동,,20221031,월세,35.0,2000,40,1992.0,단독다가구,2022
성북구,12000,동선동5가,,20221031,월세,43.62,1000,40,1996.0,단독다가구,2022
성북구,13900,석관동,,20221031,월세,44.0,500,40,1998.0,단독다가구,2022
성북구,13500,종암동,,20221031,월세,103.43,12000,30,1996.0,단독다가구,2022
성북구,13800,장위동,,20221101,월세,41.5,3000,30,1991.0,단독다가구,2022
성북구,13600,하월곡동,,20221101,월세,42.27,3500,35,1995.0,단독다가구,2022
성북구,13300,정릉동,,20221101,월세,58.89,3000,50,1958.0,단독다가구,2022
성북구,13400,길음동,3.0,20221101,월세,59.97,32500,90,2019.0,아파트,2022
성북구,13800,장위동,24.0,20221101,월세,84.97,10000,200,2021.0,아파트,2022
성북구,13600,하월곡동,17.0,20221101,월세,59.98,35000,45,2007.0,아파트,2022
성북구,12300,안암동3가,4.0,20221101,월세,51.57,8000,45,1971.0,아파트,2022
성북구,13800,장위동,1.0,20221101,월세,55.32,13000,45,2002.0,연립다세대,2022
성북구,11900,동선동4가,,20221101,월세,24.0,1000,40,2002.0,단독다가구,2022
성북구,13500,종암동,,20221101,월세,24.0,500,45,1996.0,단독다가구,2022
성북구,12300,안암동3가,,20221101,월세,25.0,500,40,1985.0,단독다가구,2022
성북구,13500,종암동,,20221101,월세,34.86,1000,40,1985.0,단독다가구,2022
성북구,13700,상월곡동,,20221101,월세,35.0,2000,65,2019.0,단독다가구,2022
성북구,13300,정릉동,3.0,20221102,월세,27.47,500,37,2020.0,연립다세대,2022
성북구,11500,삼선동5가,5.0,20221102,월세,13.14,8000,10,2011.0,연립다세대,2022
성북구,13900,석관동,1.0,20221102,월세,19.49,3000,20,1993.0,연립다세대,2022
성북구,11700,동선동2가,,20221102,월세,37.0,4000,75,1991.0,단독다가구,2022
성북구,11800,동선동3가,,20221102,월세,80.0,1000,100,2001.0,단독다가구,2022
성북구,11100,삼선동1가,,20221102,월세,46.28,5000,80,1991.0,단독다가구,2022
성북구,13900,석관동,,20221102,월세,45.0,5500,10,1993.0,단독다가구,2022
성북구,10100,성북동,,20221102,월세,73.98,20000,30,1992.0,단독다가구,2022
성북구,13900,석관동,,20221102,월세,43.85,14000,10,1996.0,단독다가구,2022
성북구,13900,석관동,6.0,20221102,월세,84.92,6000,138,2011.0,아파트,2022
성북구,13900,석관동,,20221102,월세,16.37,1000,50,2018.0,단독다가구,2022
성북구,13800,장위동,,20221102,월세,16.0,500,20,1976.0,단독다가구,2022
성북구,13300,정릉동,,20221102,월세,15.0,300,20,1969.0,단독다가구,2022
성북구,12500,안암동5가,,20221102,월세,17.0,300,35,1996.0,단독다가구,2022
성북구,10300,돈암동,15.0,20221102,월세,132.96,40000,60,1998.0,아파트,2022
성북구,13500,종암동,,20221103,월세,33.0,500,38,1996.0,단독다가구,2022
성북구,10100,성북동,,20221103,월세,40.0,1000,60,1995.0,단독다가구,2022
성북구,13800,장위동,2.0,20221103,월세,29.89,1000,95,2022.0,연립다세대,2022
성북구,13000,보문동1가,,20221103,월세,51.52,10500,35,1995.0,단독다가구,2022
성북구,13800,장위동,14.0,20221103,월세,84.94,30000,105,2020.0,아파트,2022
성북구,13800,장위동,1.0,20221103,월세,44.0,10000,30,2002.0,연립다세대,2022
성북구,13800,장위동,1.0,20221103,월세,44.0,10000,90,2002.0,연립다세대,2022
성북구,13400,길음동,6.0,20221103,월세,59.99,5000,170,2010.0,아파트,2022
성북구,13800,장위동,21.0,20221103,월세,59.1,15000,130,2020.0,아파트,2022
성북구,10300,돈암동,4.0,20221103,월세,23.94,1000,43,2002.0,연립다세대,2022
성북구,13600,하월곡동,4.0,20221103,월세,16.08,3000,55,2022.0,오피스텔,2022
성북구,13500,종암동,5.0,20221103,월세,46.07,20000,15,2015.0,연립다세대,2022
성북구,10300,돈암동,3.0,20221103,월세,59.58,30000,20,1998.0,아파트,2022
성북구,10300,돈암동,3.0,20221103,월세,41.58,1000,85,1991.0,아파트,2022
성북구,12500,안암동5가,,20221103,월세,18.0,4000,55,2021.0,단독다가구,2022
성북구,13900,석관동,,20221103,월세,20.0,500,40,1994.0,단독다가구,2022
성북구,13500,종암동,,20221103,월세,20.0,500,30,1970.0,단독다가구,2022
성북구,13100,보문동2가,,20221103,월세,20.0,500,35,1994.0,단독다가구,2022
성북구,11900,동선동4가,,20221103,월세,24.0,500,45,2002.0,단독다가구,2022
성북구,13800,장위동,,20221103,월세,25.29,300,25,1993.0,단독다가구,2022
성북구,13800,장위동,,20221104,월세,41.23,1000,30,1990.0,단독다가구,2022
성북구,13900,석관동,,20221104,월세,18.2,500,36,2019.0,단독다가구,2022
성북구,13900,석관동,,20221104,월세,54.4,8000,40,1993.0,단독다가구,2022
성북구,13800,장위동,,20221104,월세,47.43,1500,35,1983.0,단독다가구,2022
성북구,13400,길음동,,20221104,월세,51.93,300,45,1993.0,단독다가구,2022
성북구,10300,돈암동,3.0,20221104,월세,63.96,0,35,1991.0,연립다세대,2022
성북구,13600,하월곡동,20.0,20221104,월세,84.96,6000,170,2011.0,아파트,2022
성북구,13600,하월곡동,8.0,20221104,월세,59.65,6000,110,2010.0,아파트,2022
성북구,13800,장위동,1.0,20221104,월세,42.5,3500,5,1976.0,연립다세대,2022
성북구,13700,상월곡동,18.0,20221104,월세,84.97,20000,90,2003.0,아파트,2022
성북구,12200,안암동2가,,20221104,월세,33.0,1000,60,1993.0,단독다가구,2022
성북구,11100,삼선동1가,,20221104,월세,27.35,300,40,1993.0,단독다가구,2022
성북구,11200,삼선동2가,7.0,20221104,월세,56.83,25000,60,2009.0,아파트,2022
성북구,13500,종암동,9.0,20221104,월세,84.95,10000,130,2004.0,아파트,2022
성북구,12500,안암동5가,,20221104,월세,23.0,500,50,1993.0,단독다가구,2022
성북구,11700,동선동2가,,20221104,월세,26.0,1000,40,1997.0,단독다가구,2022
성북구,12500,안암동5가,,20221104,월세,26.5,1000,70,2018.0,단독다가구,2022
성북구,10300,돈암동,10.0,20221104,월세,84.97,45000,50,2004.0,아파트,2022
성북구,13800,장위동,8.0,20221104,월세,39.0,5000,90,2022.0,아파트,2022
성북구,11700,동선동2가,,20221104,월세,29.72,11000,2,1995.0,단독다가구,2022
성북구,10300,돈암동,4.0,20221104,월세,68.13,3000,150,1998.0,아파트,2022
성북구,12200,안암동2가,,20221105,월세,33.0,1000,60,1994.0,단독다가구,2022
성북구,13400,길음동,29.0,20221105,월세,59.99,10000,170,2019.0,아파트,2022
성북구,13900,석관동,,20221105,월세,46.2,3000,55,2003.0,단독다가구,2022
성북구,13600,하월곡동,,20221105,월세,47.32,2000,60,1993.0,단독다가구,2022
성북구,13800,장위동,,20221105,월세,48.2,1000,50,1995.0,단독다가구,2022
성북구,13800,장위동,,20221105,월세,48.76,2000,40,1993.0,단독다가구,2022
성북구,13600,하월곡동,,20221105,월세,57.88,4000,60,2000.0,단독다가구,2022
성북구,13800,장위동,,20221105,월세,77.61,15000,15,1993.0,단독다가구,2022
성북구,13400,길음동,3.0,20221105,월세,84.96,6000,160,2003.0,아파트,2022
성북구,13800,장위동,13.0,20221105,월세,84.84,30000,80,2008.0,아파트,2022
성북구,13800,장위동,,20221105,월세,105.0,5000,50,2002.0,단독다가구,2022
성북구,13800,장위동,6.0,20221105,월세,39.65,5000,80,2022.0,아파트,2022
성북구,13300,정릉동,1.0,20221105,월세,84.31,30000,80,2007.0,아파트,2022
성북구,13300,정릉동,10.0,20221105,월세,84.97,6000,140,2008.0,아파트,2022
성북구,13600,하월곡동,4.0,20221105,월세,16.08,3000,55,2022.0,오피스텔,2022
성북구,13500,종암동,4.0,20221105,월세,114.75,15000,120,1999.0,아파트,2022
성북구,13400,길음동,13.0,20221105,월세,59.94,10000,95,1998.0,아파트,2022
성북구,12300,안암동3가,4.0,20221105,월세,98.92,20000,100,1983.0,아파트,2022
성북구,13300,정릉동,,20221105,월세,15.0,500,40,2022.0,단독다가구,2022
성북구,13900,석관동,,20221105,월세,15.0,500,45,2018.0,단독다가구,2022
성북구,13500,종암동,,20221105,월세,15.0,1000,40,2002.0,단독다가구,2022
성북구,12500,안암동5가,,20221105,월세,16.0,400,45,1992.0,단독다가구,2022
성북구,13800,장위동,4.0,20221105,월세,74.78,5000,80,2001.0,연립다세대,2022
성북구,11800,동선동3가,,20221105,월세,20.0,1000,45,2011.0,단독다가구,2022
성북구,12100,안암동1가,,20221105,월세,21.0,1000,45,2019.0,단독다가구,2022
성북구,13800,장위동,12.0,20221105,월세,18.03,6000,33,2019.0,오피스텔,2022
성북구,13200,보문동3가,,20221106,월세,34.08,12000,30,1994.0,단독다가구,2022
성북구,10900,동소문동6가,,20221106,월세,17.0,500,45,1998.0,단독다가구,2022
성북구,10300,돈암동,15.0,20221106,월세,84.59,30000,50,1999.0,아파트,2022
성북구,13300,정릉동,5.0,20221106,월세,44.77,8000,50,2020.0,연립다세대,2022
성북구,13600,하월곡동,6.0,20221106,월세,84.65,37800,8,2003.0,아파트,2022
성북구,11500,삼선동5가,,20221107,월세,26.4,8000,30,2016.0,단독다가구,2022
성북구,11200,삼선동2가,,20221107,월세,30.0,1000,58,1996.0,단독다가구,2022
성북구,10200,성북동1가,,20221107,월세,30.0,1000,75,1996.0,단독다가구,2022
성북구,11400,삼선동4가,,20221107,월세,30.4,800,40,,단독다가구,2022
성북구,13600,하월곡동,,20221107,월세,33.0,9000,15,2011.0,단독다가구,2022
성북구,10100,성북동,,20221107,월세,34.38,3000,40,1960.0,단독다가구,2022
성북구,13500,종암동,,20221107,월세,35.0,2000,60,1996.0,단독다가구,2022
성북구,13600,하월곡동,,20221107,월세,40.0,4000,10,1993.0,단독다가구,2022
성북구,13400,길음동,,20221107,월세,40.0,1000,50,1994.0,단독다가구,2022
성북구,13600,하월곡동,,20221107,월세,40.0,2000,40,1966.0,단독다가구,2022
성북구,13600,하월곡동,,20221107,월세,44.14,5000,100,2021.0,단독다가구,2022
성북구,13500,종암동,14.0,20221107,월세,59.67,5000,110,2000.0,아파트,2022
성북구,13800,장위동,5.0,20221107,월세,23.8,1000,75,2018.0,연립다세대,2022
성북구,13800,장위동,10.0,20221107,월세,39.98,5000,90,2022.0,아파트,2022
성북구,13300,정릉동,10.0,20221107,월세,84.97,5000,140,2008.0,아파트,2022
성북구,13400,길음동,,20221107,월세,16.0,500,42,2016.0,단독다가구,2022
성북구,13800,장위동,,20221107,월세,16.0,700,20,1976.0,단독다가구,2022
성북구,12500,안암동5가,,20221108,월세,15.0,5000,45,,단독다가구,2022
성북구,13600,하월곡동,,20221108,월세,33.0,1000,65,2011.0,단독다가구,2022
성북구,13400,길음동,,20221108,월세,35.0,1000,45,1994.0,단독다가구,2022
성북구,11500,삼선동5가,,20221108,월세,55.0,1500,60,1994.0,단독다가구,2022
성북구,10500,동소문동2가,,20221108,월세,44.88,18000,15,1997.0,단독다가구,2022
성북구,13300,정릉동,2.0,20221108,월세,84.54,10000,155,2007.0,아파트,2022
성북구,13300,정릉동,1.0,20221108,월세,64.08,2000,50,1996.0,연립다세대,2022
성북구,13300,정릉동,,20221108,월세,69.82,12000,33,1991.0,단독다가구,2022
성북구,11400,삼선동4가,13.0,20221108,월세,29.8,10000,58,2014.0,오피스텔,2022
성북구,11300,삼선동3가,,20221108,월세,38.96,10000,2,1988.0,단독다가구,2022
성북구,13600,하월곡동,,20221108,월세,59.25,2000,60,2001.0,단독다가구,2022
성북구,11700,동선동2가,,20221108,월세,49.86,5000,65,1993.0,단독다가구,2022
성북구,10100,성북동,,20221108,월세,30.0,2000,70,1993.0,단독다가구,2022
성북구,12200,안암동2가,,20221108,월세,30.0,1000,48,1989.0,단독다가구,2022
성북구,10100,성북동,,20221108,월세,30.0,12000,30,1993.0,단독다가구,2022
성북구,11800,동선동3가,,20221108,월세,19.0,500,40,2006.0,단독다가구,2022
성북구,13400,길음동,3.0,20221108,월세,59.77,30000,25,2005.0,아파트,2022
성북구,13800,장위동,11.0,20221108,월세,111.83,70000,100,2020.0,아파트,2022
성북구,10600,동소문동3가,,20221108,월세,18.0,3000,55,2019.0,단독다가구,2022
성북구,12100,안암동1가,,20221108,월세,23.0,1000,50,2020.0,단독다가구,2022
성북구,10700,동소문동4가,3.0,20221108,월세,38.55,4000,61,2004.0,연립다세대,2022
성북구,13900,석관동,,20221108,월세,20.0,300,15,1994.0,단독다가구,2022
성북구,13400,길음동,7.0,20221108,월세,33.46,2767,4,2019.0,아파트,2022
성북구,13500,종암동,8.0,20221108,월세,59.98,30000,68,2011.0,아파트,2022
성북구,13800,장위동,1.0,20221108,월세,55.26,12000,35,2003.0,연립다세대,2022
성북구,11200,삼선동2가,,20221108,월세,16.0,1000,45,1998.0,단독다가구,2022
성북구,13300,정릉동,9.0,20221108,월세,59.9,21000,28,1999.0,아파트,2022
성북구,10400,동소문동1가,,20221108,월세,29.7,2000,50,2003.0,단독다가구,2022
성북구,13300,정릉동,,20221108,월세,28.0,1000,30,1993.0,단독다가구,2022
성북구,13500,종암동,1.0,20221108,월세,16.75,1000,50,2016.0,연립다세대,2022
성북구,13500,종암동,13.0,20221108,월세,84.54,20000,130,2008.0,아파트,2022
성북구,13300,정릉동,17.0,20221108,월세,84.96,20000,80,2000.0,아파트,2022
성북구,13800,장위동,2.0,20221108,월세,29.96,2000,95,2022.0,연립다세대,2022
성북구,13500,종암동,20.0,20221108,월세,114.75,30000,90,1999.0,아파트,2022
성북구,13300,정릉동,5.0,20221108,월세,59.98,18000,75,2004.0,아파트,2022
성북구,13400,길음동,2.0,20221109,월세,28.33,12000,20,2007.0,연립다세대,2022
성북구,10300,돈암동,,20221109,월세,86.25,10000,80,1964.0,단독다가구,2022
성북구,13500,종암동,17.0,20221109,월세,59.92,5000,160,2009.0,아파트,2022
성북구,13900,석관동,,20221109,월세,45.0,4000,35,1996.0,단독다가구,2022
성북구,12600,보문동4가,4.0,20221109,월세,35.74,2000,90,2013.0,연립다세대,2022
성북구,13300,정릉동,,20221109,월세,51.0,1000,80,1990.0,단독다가구,2022
성북구,13400,길음동,,20221109,월세,37.74,400,13,1988.0,단독다가구,2022
성북구,13400,길음동,18.0,20221109,월세,84.97,44100,20,2005.0,아파트,2022
성북구,13400,길음동,16.0,20221109,월세,59.98,9000,70,2000.0,아파트,2022
성북구,13300,정릉동,4.0,20221109,월세,29.93,9000,100,2022.0,연립다세대,2022
성북구,13500,종암동,16.0,20221109,월세,84.92,5000,192,2009.0,아파트,2022
성북구,12500,안암동5가,,20221109,월세,12.0,300,40,1992.0,단독다가구,2022
성북구,11700,동선동2가,,20221109,월세,20.0,1000,50,2010.0,단독다가구,2022
성북구,13500,종암동,,20221109,월세,33.06,300,45,2004.0,단독다가구,2022
성북구,13400,길음동,,20221109,월세,23.14,100,45,1986.0,단독다가구,2022
성북구,13500,종암동,11.0,20221109,월세,84.99,10000,130,2009.0,아파트,2022
성북구,13800,장위동,,20221109,월세,34.2,300,30,1994.0,단독다가구,2022
성북구,13400,길음동,17.0,20221109,월세,59.97,50000,10,2019.0,아파트,2022
성북구,13400,길음동,8.0,20221109,월세,38.02,4258,6,2022.0,아파트,2022
성북구,13400,길음동,8.0,20221109,월세,38.02,2733,14,2022.0,아파트,2022
성북구,13400,길음동,1.0,20221109,월세,43.63,1248,20,2022.0,아파트,2022
성북구,13400,길음동,3.0,20221109,월세,43.63,3120,16,2022.0,아파트,2022
성북구,13500,종암동,13.0,20221109,월세,84.95,30000,83,2004.0,아파트,2022
성북구,13300,정릉동,,20221109,월세,30.0,500,30,1993.0,단독다가구,2022
성북구,13900,석관동,,20221109,월세,30.0,2000,50,2012.0,단독다가구,2022
성북구,13100,보문동2가,,20221109,월세,26.42,2000,50,1996.0,단독다가구,2022
성북구,13700,상월곡동,,20221109,월세,28.53,6000,20,1990.0,단독다가구,2022
성북구,12100,안암동1가,,20221110,월세,19.5,8000,15,2019.0,단독다가구,2022
성북구,13800,장위동,16.0,20221110,월세,15.21,1000,55,2019.0,아파트,2022
성북구,13500,종암동,,20221110,월세,23.0,8000,25,2018.0,단독다가구,2022
성북구,11300,삼선동3가,3.0,20221110,월세,44.45,4000,21,2001.0,연립다세대,2022
성북구,11200,삼선동2가,,20221110,월세,26.4,200,39,1997.0,단독다가구,2022
성북구,13300,정릉동,,20221110,월세,31.17,6000,7,1993.0,단독다가구,2022
성북구,13400,길음동,36.0,20221110,월세,84.66,35000,170,2019.0,아파트,2022
성북구,13400,길음동,32.0,20221110,월세,84.9,10000,230,2019.0,아파트,2022
성북구,13600,하월곡동,,20221110,월세,44.42,1000,50,1991.0,단독다가구,2022
성북구,13500,종암동,,20221110,월세,45.2,10000,26,2012.0,단독다가구,2022
성북구,13300,정릉동,,20221110,월세,49.0,1000,51,1996.0,단독다가구,2022
성북구,11800,동선동3가,,20221110,월세,49.05,1000,75,2007.0,단독다가구,2022
성북구,11200,삼선동2가,,20221110,월세,51.83,1000,65,2002.0,단독다가구,2022
성북구,13800,장위동,,20221110,월세,54.54,1000,40,,단독다가구,2022
성북구,12800,보문동6가,,20221110,월세,101.08,500,40,1994.0,단독다가구,2022
성북구,13400,길음동,19.0,20221110,월세,84.96,9000,140,2003.0,아파트,2022
성북구,13400,길음동,20.0,20221110,월세,114.86,69300,70,2010.0,아파트,2022
성북구,10200,성북동1가,5.0,20221110,월세,50.32,7030,1,2002.0,연립다세대,2022
성북구,13900,석관동,6.0,20221110,월세,25.0,500,45,2002.0,오피스텔,2022
성북구,12800,보문동6가,7.0,20221110,월세,45.81,5000,133,2017.0,아파트,2022
성북구,10300,돈암동,6.0,20221110,월세,32.49,1169,2,1998.0,아파트,2022
성북구,12700,보문동5가,,20221110,월세,43.58,2000,50,1993.0,단독다가구,2022
성북구,12500,안암동5가,,20221110,월세,17.0,500,48,2001.0,단독다가구,2022
성북구,13500,종암동,,20221111,월세,43.9,1500,40,1993.0,단독다가구,2022
성북구,12000,동선동5가,,20221111,월세,45.54,3000,65,1993.0,단독다가구,2022
성북구,13800,장위동,4.0,20221111,월세,83.83,3200,5,2020.0,연립다세대,2022
성북구,13500,종암동,,20221111,월세,46.03,1000,45,1994.0,단독다가구,2022
성북구,13800,장위동,,20221111,월세,35.0,700,25,1995.0,단독다가구,2022
성북구,11500,삼선동5가,,20221111,월세,42.9,9000,30,2016.0,단독다가구,2022
성북구,12700,보문동5가,,20221111,월세,79.88,13000,25,2001.0,단독다가구,2022
성북구,13500,종암동,,20221111,월세,67.07,12000,35,1973.0,단독다가구,2022
성북구,12500,안암동5가,,20221111,월세,35.0,1000,80,1993.0,단독다가구,2022
성북구,12700,보문동5가,,20221111,월세,180.58,6500,30,2001.0,단독다가구,2022
성북구,10300,돈암동,19.0,20221111,월세,59.58,4500,130,1998.0,아파트,2022
성북구,10200,성북동1가,3.0,20221111,월세,101.27,21000,60,2013.0,연립다세대,2022
성북구,11700,동선동2가,,20221111,월세,23.0,500,55,2000.0,단독다가구,2022
성북구,13500,종암동,,20221111,월세,27.0,3000,67,2022.0,단독다가구,2022
성북구,13400,길음동,6.0,20221111,월세,84.96,10000,150,2003.0,아파트,2022
성북구,13400,길음동,5.0,20221111,월세,114.73,25000,120,2005.0,아파트,2022
성북구,13400,길음동,14.0,20221111,월세,84.96,30000,90,2006.0,아파트,2022
성북구,13900,석관동,10.0,20221111,월세,59.98,35000,45,2019.0,아파트,2022
성북구,13200,보문동3가,14.0,20221111,월세,114.55,45000,70,2003.0,아파트,2022
성북구,13500,종암동,4.0,20221111,월세,13.34,500,50,2013.0,연립다세대,2022
성북구,13600,하월곡동,,20221111,월세,30.0,500,50,1990.0,단독다가구,2022
성북구,11100,삼선동1가,,20221111,월세,30.0,1000,60,1993.0,단독다가구,2022
성북구,10900,동소문동6가,15.0,20221111,월세,14.18,16000,19,2012.0,아파트,2022
성북구,11300,삼선동3가,11.0,20221111,월세,84.94,30000,165,2012.0,아파트,2022
성북구,13500,종암동,15.0,20221111,월세,59.99,5000,130,2004.0,아파트,2022
성북구,13500,종암동,,20221111,월세,27.0,3000,75,2022.0,단독다가구,2022
성북구,12500,안암동5가,,20221111,월세,25.0,1000,67,,단독다가구,2022
성북구,10800,동소문동5가,17.0,20221111,월세,14.02,15000,20,2018.0,아파트,2022
성북구,13600,하월곡동,4.0,20221111,월세,51.54,15000,27,2020.0,연립다세대,2022
성북구,11400,삼선동4가,4.0,20221111,월세,25.32,5000,80,2019.0,연립다세대,2022
성북구,11500,삼선동5가,3.0,20221111,월세,14.47,8500,10,2011.0,연립다세대,2022
성북구,13800,장위동,6.0,20221111,월세,39.65,5000,90,2022.0,아파트,2022
성북구,12700,보문동5가,,20221112,월세,18.0,1000,50,2008.0,단독다가구,2022
성북구,10300,돈암동,1.0,20221112,월세,115.51,30100,130,2003.0,아파트,2022
성북구,13600,하월곡동,,20221112,월세,19.2,1000,60,2022.0,단독다가구,2022
성북구,13700,상월곡동,8.0,20221112,월세,59.95,5000,100,2003.0,아파트,2022
성북구,13800,장위동,,20221112,월세,20.76,1000,40,2019.0,단독다가구,2022
성북구,12100,안암동1가,,20221112,월세,23.96,5000,20,2019.0,단독다가구,2022
성북구,11800,동선동3가,,20221112,월세,24.5,1000,50,2007.0,단독다가구,2022
성북구,10200,성북동1가,,20221112,월세,25.0,1000,45,1989.0,단독다가구,2022
성북구,12700,보문동5가,,20221112,월세,25.0,1000,35,1991.0,단독다가구,2022
성북구,12100,안암동1가,,20221112,월세,29.7,400,38,1992.0,단독다가구,2022
성북구,12300,안암동3가,,20221112,월세,30.0,500,35,1993.0,단독다가구,2022
성북구,10300,돈암동,,20221112,월세,33.0,4000,20,1991.0,단독다가구,2022
성북구,11200,삼선동2가,,20221112,월세,33.47,1000,50,1992.0,단독다가구,2022
성북구,13500,종암동,,20221112,월세,35.0,1000,50,1997.0,단독다가구,2022
성북구,12000,동선동5가,,20221112,월세,36.0,1000,80,1999.0,단독다가구,2022
성북구,13700,상월곡동,,20221112,월세,43.47,2000,40,1991.0,단독다가구,2022
성북구,13700,상월곡동,,20221112,월세,43.47,1000,50,1991.0,단독다가구,2022
성북구,13500,종암동,,20221112,월세,46.08,5000,70,2022.0,단독다가구,2022
성북구,12100,안암동1가,,20221112,월세,48.84,5000,75,1993.0,단독다가구,2022
성북구,13600,하월곡동,,20221112,월세,49.6,8000,30,1994.0,단독다가구,2022
성북구,13600,하월곡동,12.0,20221112,월세,59.97,20000,40,1996.0,아파트,2022
성북구,12100,안암동1가,10.0,20221112,월세,84.87,30000,100,2005.0,아파트,2022
성북구,13500,종암동,,20221112,월세,67.07,12000,35,1973.0,단독다가구,2022
성북구,10300,돈암동,19.0,20221112,월세,119.56,60000,50,2014.0,아파트,2022
성북구,13600,하월곡동,2.0,20221112,월세,59.65,35000,33,2010.0,아파트,2022
성북구,13800,장위동,,20221112,월세,75.96,500,47,1983.0,단독다가구,2022
성북구,13800,장위동,2.0,20221112,월세,39.0,5000,100,2022.0,아파트,2022
성북구,13800,장위동,5.0,20221112,월세,39.98,5000,95,2022.0,아파트,2022
성북구,13500,종암동,19.0,20221112,월세,119.87,58800,12,2010.0,아파트,2022
성북구,13900,석관동,4.0,20221112,월세,29.78,300,32,2019.0,연립다세대,2022
성북구,13300,정릉동,,20221112,월세,15.0,100,50,2019.0,단독다가구,2022
성북구,13300,정릉동,,20221112,월세,16.53,1000,50,1939.0,단독다가구,2022
성북구,13700,상월곡동,14.0,20221113,월세,114.66,5000,130,2003.0,아파트,2022
성북구,13400,길음동,1.0,20221113,월세,114.86,10000,190,2010.0,아파트,2022
성북구,12500,안암동5가,,20221113,월세,19.8,1000,47,1992.0,단독다가구,2022
성북구,13600,하월곡동,,20221113,월세,30.0,300,35,1993.0,단독다가구,2022
성북구,13300,정릉동,6.0,20221113,월세,59.88,3000,79,2005.0,아파트,2022
성북구,11100,삼선동1가,,20221113,월세,27.7,3000,50,1949.0,단독다가구,2022
성북구,11400,삼선동4가,,20221114,월세,38.88,1000,55,1994.0,단독다가구,2022
성북구,13100,보문동2가,,20221114,월세,41.85,1000,56,1994.0,단독다가구,2022
성북구,13300,정릉동,,20221114,월세,33.0,2000,80,2016.0,단독다가구,2022
성북구,13300,정릉동,,20221114,월세,33.0,300,20,,단독다가구,2022
성북구,13500,종암동,13.0,20221114,월세,84.72,30000,60,1999.0,아파트,2022
성북구,10300,돈암동,12.0,20221114,월세,59.99,20000,85,2004.0,아파트,2022
성북구,10300,돈암동,2.0,20221114,월세,59.99,10000,120,2004.0,아파트,2022
성북구,13800,장위동,,20221114,월세,53.99,10000,30,1993.0,단독다가구,2022
성북구,12300,안암동3가,,20221114,월세,59.61,8000,23,1997.0,단독다가구,2022
성북구,13300,정릉동,,20221114,월세,38.58,8000,15,1989.0,단독다가구,2022
성북구,13300,정릉동,,20221114,월세,30.0,1000,20,1969.0,단독다가구,2022
성북구,11700,동선동2가,,20221114,월세,16.5,500,45,1990.0,단독다가구,2022
성북구,12300,안암동3가,,20221114,월세,21.0,4000,50,2000.0,단독다가구,2022
성북구,13600,하월곡동,3.0,20221114,월세,59.75,25000,50,2006.0,아파트,2022
성북구,13300,정릉동,3.0,20221114,월세,27.47,500,37,2020.0,연립다세대,2022
성북구,13500,종암동,,20221114,월세,13.1,3000,30,2012.0,단독다가구,2022
성북구,13900,석관동,16.0,20221114,월세,84.97,40000,60,2019.0,아파트,2022
성북구,13900,석관동,21.0,20221114,월세,54.55,10000,90,1998.0,아파트,2022
성북구,13400,길음동,2.0,20221114,월세,59.99,32000,65,2010.0,아파트,2022
성북구,13800,장위동,6.0,20221114,월세,40.47,12677,47,2020.0,아파트,2022
성북구,13800,장위동,19.0,20221114,월세,59.1,5000,190,2020.0,아파트,2022
성북구,13800,장위동,7.0,20221114,월세,40.24,14451,37,2017.0,아파트,2022
성북구,13800,장위동,7.0,20221114,월세,40.24,12603,46,2017.0,아파트,2022
성북구,12800,보문동6가,9.0,20221114,월세,29.96,11060,28,2017.0,아파트,2022
성북구,13800,장위동,3.0,20221114,월세,46.35,14414,53,2020.0,아파트,2022
성북구,12800,보문동6가,6.0,20221114,월세,29.96,11708,30,2017.0,아파트,2022
성북구,12800,보문동6가,9.0,20221114,월세,29.96,9644,35,2017.0,아파트,2022
성북구,12800,보문동6가,6.0,20221114,월세,29.96,10212,37,2017.0,아파트,2022
성북구,12800,보문동6가,4.0,20221114,월세,29.96,11708,30,2017.0,아파트,2022
성북구,12800,보문동6가,4.0,20221114,월세,29.96,10212,37,2017.0,아파트,2022
성북구,13900,석관동,18.0,20221114,월세,39.01,11692,43,2019.0,아파트,2022
성북구,13900,석관동,18.0,20221114,월세,39.01,13272,35,2019.0,아파트,2022
성북구,13300,정릉동,2.0,20221115,월세,60.09,13500,20,2008.0,연립다세대,2022
성북구,11500,삼선동5가,3.0,20221115,월세,14.67,8500,10,2011.0,연립다세대,2022
성북구,13400,길음동,8.0,20221115,월세,43.63,4860,6,2022.0,아파트,2022
성북구,11500,삼선동5가,2.0,20221115,월세,14.47,8500,10,2011.0,연립다세대,2022
성북구,12500,안암동5가,4.0,20221115,월세,28.28,3000,160,2022.0,연립다세대,2022
성북구,13800,장위동,,20221115,월세,117.9,1000,50,1996.0,단독다가구,2022
성북구,11200,삼선동2가,,20221115,월세,91.27,7000,70,2010.0,단독다가구,2022
성북구,13400,길음동,8.0,20221115,월세,43.63,3120,16,2022.0,아파트,2022
성북구,11800,동선동3가,,20221115,월세,47.5,3000,80,1990.0,단독다가구,2022
성북구,13600,하월곡동,,20221115,월세,40.0,500,40,1997.0,단독다가구,2022
성북구,13800,장위동,,20221115,월세,41.45,2000,35,1997.0,단독다가구,2022
성북구,13900,석관동,,20221115,월세,40.0,500,35,1986.0,단독다가구,2022
성북구,13800,장위동,5.0,20221115,월세,39.98,5000,80,2022.0,아파트,2022
성북구,13800,장위동,8.0,20221115,월세,39.98,5000,100,2022.0,아파트,2022
성북구,13100,보문동2가,,20221115,월세,19.8,12000,35,2010.0,단독다가구,2022
성북구,13800,장위동,4.0,20221115,월세,36.14,10884,40,2020.0,아파트,2022
성북구,13300,정릉동,,20221115,월세,15.0,1000,55,2018.0,단독다가구,2022
성북구,13500,종암동,19.0,20221115,월세,114.75,23000,110,1999.0,아파트,2022
성북구,13400,길음동,23.0,20221115,월세,114.99,45000,130,2010.0,아파트,2022
성북구,12200,안암동2가,,20221115,월세,33.0,1000,60,2002.0,단독다가구,2022
성북구,13800,장위동,4.0,20221115,월세,36.14,8707,44,2020.0,아파트,2022
성북구,13800,장위동,13.0,20221115,월세,46.35,14414,53,2020.0,아파트,2022
성북구,12800,보문동6가,4.0,20221115,월세,29.96,10212,37,2017.0,아파트,2022
성북구,12800,보문동6가,3.0,20221115,월세,29.96,11060,28,2017.0,아파트,2022
성북구,12800,보문동6가,3.0,20221115,월세,29.96,9644,35,2017.0,아파트,2022
성북구,13600,하월곡동,14.0,20221115,월세,66.48,30000,40,2007.0,아파트,2022
성북구,13600,하월곡동,2.0,20221115,월세,33.35,1681,18,2008.0,아파트,2022
성북구,12100,안암동1가,,20221115,월세,28.21,500,50,1995.0,단독다가구,2022
성북구,13400,길음동,7.0,20221115,월세,43.63,4860,6,2022.0,아파트,2022
성북구,13400,길음동,15.0,20221115,월세,33.46,10677,39,2019.0,아파트,2022
성북구,13400,길음동,15.0,20221115,월세,33.46,12245,31,2019.0,아파트,2022
성북구,10700,동소문동4가,9.0,20221115,월세,22.8,1000,60,2003.0,오피스텔,2022
성북구,11100,삼선동1가,,20221115,월세,33.52,4000,30,1986.0,단독다가구,2022
성북구,11900,동선동4가,,20221116,월세,31.37,500,60,1994.0,단독다가구,2022
성북구,13900,석관동,8.0,20221116,월세,39.01,11692,43,2019.0,아파트,2022
성북구,13900,석관동,,20221116,월세,30.0,500,40,1993.0,단독다가구,2022
성북구,10300,돈암동,10.0,20221116,월세,32.49,516,6,1998.0,아파트,2022
성북구,10300,돈암동,15.0,20221116,월세,32.49,516,6,1998.0,아파트,2022
성북구,13900,석관동,6.0,20221116,월세,59.79,14000,55,1994.0,아파트,2022
성북구,13600,하월곡동,8.0,20221116,월세,84.65,37500,20,2003.0,아파트,2022
성북구,13300,정릉동,4.0,20221116,월세,26.15,7920,25,2020.0,연립다세대,2022
성북구,13600,하월곡동,,20221116,월세,20.0,700,40,1993.0,단독다가구,2022
성북구,13400,길음동,5.0,20221116,월세,34.88,1512,18,2003.0,아파트,2022
성북구,13400,길음동,7.0,20221116,월세,34.88,1512,18,2003.0,아파트,2022
성북구,13400,길음동,10.0,20221116,월세,30.88,2234,25,2008.0,아파트,2022
성북구,13400,길음동,4.0,20221116,월세,30.88,2234,25,2008.0,아파트,2022
성북구,13800,장위동,13.0,20221116,월세,59.49,10000,120,2020.0,아파트,2022
성북구,11200,삼선동2가,3.0,20221116,월세,56.83,35000,30,2009.0,아파트,2022
성북구,13700,상월곡동,22.0,20221116,월세,59.95,30000,30,2003.0,아파트,2022
성북구,13900,석관동,8.0,20221116,월세,39.01,13408,34,2019.0,아파트,2022
성북구,13900,석관동,,20221116,월세,39.6,2000,55,2009.0,단독다가구,2022
성북구,11500,삼선동5가,,20221116,월세,42.0,7000,40,2000.0,단독다가구,2022
성북구,13900,석관동,,20221116,월세,54.68,1000,70,1997.0,단독다가구,2022
성북구,13300,정릉동,,20221117,월세,67.47,20000,30,1957.0,단독다가구,2022
성북구,13800,장위동,,20221117,월세,40.0,2000,60,1991.0,단독다가구,2022
성북구,13900,석관동,4.0,20221117,월세,33.15,7000,30,2003.0,오피스텔,2022
성북구,13800,장위동,2.0,20221117,월세,39.98,3000,100,2022.0,아파트,2022
성북구,13800,장위동,8.0,20221117,월세,14.71,1000,60,2019.0,아파트,2022
성북구,10300,돈암동,18.0,20221117,월세,84.87,10000,160,1998.0,아파트,2022
성북구,10300,돈암동,3.0,20221117,월세,132.96,5000,200,1998.0,아파트,2022
성북구,13800,장위동,-1.0,20221117,월세,68.58,500,90,1991.0,연립다세대,2022
성북구,13400,길음동,3.0,20221117,월세,30.15,1370,13,2005.0,아파트,2022
성북구,13400,길음동,3.0,20221117,월세,30.15,2772,5,2005.0,아파트,2022
성북구,13400,길음동,10.0,20221117,월세,32.36,2747,23,2010.0,아파트,2022
성북구,13400,길음동,8.0,20221117,월세,33.99,2928,24,2010.0,아파트,2022
성북구,10300,돈암동,12.0,20221117,월세,59.5,43000,25,2014.0,아파트,2022
성북구,13300,정릉동,,20221117,월세,16.0,1000,45,2017.0,단독다가구,2022
성북구,13300,정릉동,,20221117,월세,19.0,1000,55,2017.0,단독다가구,2022
성북구,12000,동선동5가,,20221117,월세,23.0,1000,45,1999.0,단독다가구,2022
성북구,12100,안암동1가,,20221117,월세,27.84,500,35,1991.0,단독다가구,2022
성북구,12100,안암동1가,,20221117,월세,30.0,1000,60,1995.0,단독다가구,2022
성북구,11700,동선동2가,,20221117,월세,33.02,5000,30,1995.0,단독다가구,2022
성북구,13000,보문동1가,,20221117,월세,33.42,10000,10,1995.0,단독다가구,2022
성북구,13500,종암동,1.0,20221117,월세,55.27,10000,110,2004.0,아파트,2022
성북구,13100,보문동2가,,20221118,월세,18.5,500,40,2007.0,단독다가구,2022
성북구,13800,장위동,,20221118,월세,35.0,700,40,1990.0,단독다가구,2022
성북구,13300,정릉동,11.0,20221118,월세,32.76,1470,15,2005.0,아파트,2022
성북구,10300,돈암동,13.0,20221118,월세,114.66,5000,150,1999.0,아파트,2022
성북구,12500,안암동5가,,20221118,월세,24.79,1000,40,1994.0,단독다가구,2022
성북구,12100,안암동1가,,20221118,월세,16.0,500,40,1988.0,단독다가구,2022
성북구,12500,안암동5가,,20221118,월세,16.53,500,50,1991.0,단독다가구,2022
성북구,13800,장위동,15.0,20221118,월세,84.94,10000,150,2020.0,아파트,2022
성북구,10900,동소문동6가,,20221118,월세,32.49,3000,50,1997.0,단독다가구,2022
성북구,13400,길음동,5.0,20221118,월세,59.97,10000,180,2019.0,아파트,2022
성북구,13600,하월곡동,,20221118,월세,36.0,1000,50,1996.0,단독다가구,2022
성북구,11500,삼선동5가,,20221118,월세,29.72,5000,60,1993.0,단독다가구,2022
성북구,13500,종암동,11.0,20221118,월세,84.96,22000,80,2000.0,아파트,2022
성북구,12700,보문동5가,,20221118,월세,18.0,1000,55,2008.0,단독다가구,2022
성북구,12300,안암동3가,,20221118,월세,21.5,100,34,1997.0,단독다가구,2022
성북구,10400,동소문동1가,,20221118,월세,21.0,8000,10,2001.0,단독다가구,2022
성북구,12500,안암동5가,,20221118,월세,21.0,1000,52,1984.0,단독다가구,2022
성북구,13300,정릉동,,20221118,월세,55.12,10000,30,1992.0,단독다가구,2022
성북구,13600,하월곡동,,20221118,월세,52.69,1500,33,1994.0,단독다가구,2022
성북구,13900,석관동,,20221118,월세,44.95,500,35,1994.0,단독다가구,2022
성북구,11600,동선동1가,7.0,20221119,월세,14.08,1000,60,2014.0,연립다세대,2022
성북구,11700,동선동2가,,20221119,월세,65.0,5000,110,1992.0,단독다가구,2022
성북구,13300,정릉동,1.0,20221119,월세,67.01,2000,80,2003.0,연립다세대,2022
성북구,13900,석관동,,20221119,월세,47.36,2000,60,1996.0,단독다가구,2022
성북구,11300,삼선동3가,,20221119,월세,42.63,5000,35,1993.0,단독다가구,2022
성북구,12300,안암동3가,,20221119,월세,40.8,500,50,1989.0,단독다가구,2022
성북구,13500,종암동,4.0,20221119,월세,59.98,40000,48,2010.0,아파트,2022
성북구,12500,안암동5가,,20221119,월세,24.79,500,55,1994.0,단독다가구,2022
성북구,12500,안암동5가,,20221119,월세,24.79,500,45,1994.0,단독다가구,2022
성북구,13800,장위동,11.0,20221119,월세,39.98,10000,80,2022.0,아파트,2022
성북구,12100,안암동1가,,20221119,월세,25.0,500,35,1994.0,단독다가구,2022
성북구,13600,하월곡동,5.0,20221119,월세,27.09,1000,120,2022.0,오피스텔,2022
성북구,13400,길음동,15.0,20221119,월세,84.05,10000,170,2007.0,아파트,2022
성북구,13800,장위동,9.0,20221119,월세,59.1,8000,160,2020.0,아파트,2022
성북구,13300,정릉동,2.0,20221119,월세,39.1,2000,75,2014.0,연립다세대,2022
성북구,10300,돈암동,1.0,20221119,월세,41.58,2000,70,1991.0,아파트,2022
성북구,13300,정릉동,2.0,20221119,월세,57.25,2000,45,1979.0,연립다세대,2022
성북구,13800,장위동,3.0,20221119,월세,55.58,12000,35,2003.0,연립다세대,2022
성북구,12500,안암동5가,,20221119,월세,16.5,500,45,1998.0,단독다가구,2022
성북구,13000,보문동1가,1.0,20221120,월세,13.02,2000,45,2013.0,연립다세대,2022
성북구,13900,석관동,,20221120,월세,67.6,5000,50,1997.0,단독다가구,2022
성북구,13600,하월곡동,,20221120,월세,52.69,5000,30,1994.0,단독다가구,2022
성북구,13800,장위동,5.0,20221120,월세,18.03,1000,55,2019.0,오피스텔,2022
성북구,13500,종암동,14.0,20221121,월세,84.92,25000,70,2009.0,아파트,2022
성북구,12500,안암동5가,,20221121,월세,24.79,1000,43,1994.0,단독다가구,2022
성북구,13600,하월곡동,5.0,20221121,월세,26.0,1000,50,2018.0,연립다세대,2022
성북구,13600,하월곡동,2.0,20221121,월세,80.16,10000,115,2004.0,아파트,2022
성북구,10200,성북동1가,,20221121,월세,27.0,1000,45,1990.0,단독다가구,2022
성북구,13600,하월곡동,,20221121,월세,22.0,500,35,1993.0,단독다가구,2022
성북구,13300,정릉동,,20221121,월세,27.36,1000,50,2017.0,단독다가구,2022
성북구,13300,정릉동,,20221121,월세,21.5,500,40,1997.0,단독다가구,2022
성북구,13400,길음동,16.0,20221121,월세,30.61,3474,7,2005.0,아파트,2022
성북구,13400,길음동,12.0,20221121,월세,30.61,1723,16,2005.0,아파트,2022
성북구,13400,길음동,7.0,20221121,월세,30.15,2772,5,2005.0,아파트,2022
성북구,13400,길음동,21.0,20221121,월세,59.99,17000,88,2010.0,아파트,2022
성북구,13300,정릉동,17.0,20221121,월세,84.88,25000,60,1999.0,아파트,2022
성북구,11300,삼선동3가,12.0,20221121,월세,35.58,2012,20,2008.0,아파트,2022
성북구,13800,장위동,4.0,20221121,월세,39.34,1329,20,2006.0,아파트,2022
성북구,13300,정릉동,,20221121,월세,19.14,1000,55,2019.0,단독다가구,2022
성북구,13800,장위동,14.0,20221121,월세,49.33,2379,21,2006.0,아파트,2022
성북구,13800,장위동,10.0,20221121,월세,49.33,4401,10,2006.0,아파트,2022
성북구,13500,종암동,2.0,20221121,월세,114.99,35000,115,2009.0,아파트,2022
성북구,11100,삼선동1가,,20221121,월세,62.98,1500,70,1985.0,단독다가구,2022
성북구,10800,동소문동5가,14.0,20221121,월세,16.67,3000,78,2017.0,아파트,2022
성북구,13600,하월곡동,,20221121,월세,56.55,2000,45,1991.0,단독다가구,2022
성북구,13800,장위동,,20221121,월세,86.4,1000,35,1996.0,단독다가구,2022
성북구,13300,정릉동,2.0,20221121,월세,114.6,25000,70,1999.0,아파트,2022
성북구,13300,정릉동,,20221121,월세,70.21,3000,85,2002.0,단독다가구,2022
성북구,13600,하월곡동,,20221122,월세,51.27,8000,55,1995.0,단독다가구,2022
성북구,12100,안암동1가,1.0,20221122,월세,59.7,20000,100,2005.0,아파트,2022
성북구,13900,석관동,5.0,20221122,월세,20.18,12000,11,2021.0,연립다세대,2022
성북구,10300,돈암동,3.0,20221122,월세,39.35,11000,55,2017.0,연립다세대,2022
성북구,12500,안암동5가,,20221122,월세,23.14,500,40,1994.0,단독다가구,2022
성북구,13800,장위동,,20221122,월세,23.0,200,18,1991.0,단독다가구,2022
성북구,13500,종암동,2.0,20221122,월세,84.99,30000,95,2009.0,아파트,2022
성북구,13300,정릉동,3.0,20221122,월세,57.87,3000,115,2022.0,연립다세대,2022
성북구,13300,정릉동,,20221122,월세,19.0,500,50,2017.0,단독다가구,2022
성북구,13400,길음동,1.0,20221122,월세,38.02,2733,14,2022.0,아파트,2022
성북구,13400,길음동,26.0,20221122,월세,59.9,35000,90,2019.0,아파트,2022
성북구,13800,장위동,16.0,20221122,월세,116.91,60000,90,2020.0,아파트,2022
성북구,13800,장위동,15.0,20221122,월세,116.91,25000,160,2020.0,아파트,2022
성북구,13300,정릉동,,20221122,월세,13.0,500,40,2016.0,단독다가구,2022
성북구,13400,길음동,10.0,20221122,월세,30.61,3474,7,2005.0,아파트,2022
성북구,13800,장위동,11.0,20221122,월세,39.34,1329,20,2006.0,아파트,2022
성북구,13600,하월곡동,7.0,20221122,월세,59.65,9000,110,2010.0,아파트,2022
성북구,13300,정릉동,4.0,20221122,월세,84.19,15000,120,1999.0,아파트,2022
성북구,13800,장위동,26.0,20221123,월세,84.97,20000,135,2021.0,아파트,2022
성북구,13800,장위동,,20221123,월세,30.0,500,40,1993.0,단독다가구,2022
성북구,13300,정릉동,,20221123,월세,19.96,1000,60,2021.0,단독다가구,2022
성북구,10100,성북동,,20221123,월세,33.0,500,40,1991.0,단독다가구,2022
성북구,13500,종암동,,20221123,월세,24.06,2000,80,2022.0,단독다가구,2022
성북구,13500,종암동,-1.0,20221123,월세,54.1,1000,58,1991.0,연립다세대,2022
성북구,13800,장위동,5.0,20221123,월세,39.65,5000,90,2022.0,아파트,2022
성북구,13400,길음동,,20221123,월세,25.0,500,60,2017.0,단독다가구,2022
성북구,12300,안암동3가,,20221123,월세,25.0,1500,50,2011.0,단독다가구,2022
성북구,13600,하월곡동,,20221123,월세,21.0,7000,10,2012.0,단독다가구,2022
성북구,13600,하월곡동,,20221123,월세,36.0,1500,55,1967.0,단독다가구,2022
성북구,13500,종암동,,20221123,월세,22.0,1000,80,2018.0,단독다가구,2022
성북구,13400,길음동,13.0,20221123,월세,59.77,3000,150,2005.0,아파트,2022
성북구,13400,길음동,5.0,20221123,월세,59.99,5000,128,2010.0,아파트,2022
성북구,13800,장위동,24.0,20221123,월세,59.49,10000,135,2020.0,아파트,2022
성북구,13800,장위동,20.0,20221123,월세,76.15,30000,75,2020.0,아파트,2022
성북구,12200,안암동2가,,20221123,월세,27.8,1000,45,1993.0,단독다가구,2022
성북구,10300,돈암동,15.0,20221123,월세,59.93,20000,110,2016.0,아파트,2022
성북구,13300,정릉동,17.0,20221123,월세,84.65,20000,140,2008.0,아파트,2022
성북구,11900,동선동4가,,20221123,월세,53.49,10000,20,1993.0,단독다가구,2022
성북구,10900,동소문동6가,18.0,20221123,월세,14.01,18000,10,2015.0,아파트,2022
성북구,11500,삼선동5가,3.0,20221123,월세,52.62,10000,30,2007.0,연립다세대,2022
성북구,12100,안암동1가,,20221124,월세,52.14,5000,70,1992.0,단독다가구,2022
성북구,12800,보문동6가,,20221124,월세,52.79,2000,70,1967.0,단독다가구,2022
성북구,13100,보문동2가,,20221124,월세,50.05,500,45,1993.0,단독다가구,2022
성북구,13300,정릉동,,20221124,월세,67.24,14500,30,1968.0,단독다가구,2022
성북구,13800,장위동,,20221124,월세,39.0,300,40,1993.0,단독다가구,2022
성북구,12000,동선동5가,,20221124,월세,74.28,8000,80,1993.0,단독다가구,2022
성북구,13300,정릉동,,20221124,월세,20.0,3000,26,2017.0,단독다가구,2022
성북구,13900,석관동,,20221124,월세,30.0,3000,45,2012.0,단독다가구,2022
성북구,12100,안암동1가,,20221124,월세,30.0,500,45,1992.0,단독다가구,2022
성북구,10400,동소문동1가,,20221124,월세,33.0,3000,80,,단독다가구,2022
성북구,13300,정릉동,2.0,20221124,월세,40.68,1000,60,1986.0,연립다세대,2022
성북구,10900,동소문동6가,9.0,20221124,월세,13.55,1000,60,2013.0,아파트,2022
성북구,13800,장위동,2.0,20221124,월세,29.28,3000,80,2022.0,연립다세대,2022
성북구,13500,종암동,5.0,20221124,월세,29.95,1000,85,2017.0,연립다세대,2022
성북구,13500,종암동,,20221124,월세,15.0,1000,60,2018.0,단독다가구,2022
성북구,13500,종암동,,20221124,월세,16.0,300,45,2017.0,단독다가구,2022
성북구,13400,길음동,2.0,20221124,월세,84.96,5000,180,2003.0,아파트,2022
성북구,13400,길음동,17.0,20221124,월세,84.05,4000,180,2007.0,아파트,2022
성북구,13400,길음동,14.0,20221124,월세,59.94,5000,95,1998.0,아파트,2022
성북구,13400,길음동,9.0,20221124,월세,84.82,55650,40,2010.0,아파트,2022
성북구,13400,길음동,11.0,20221124,월세,134.99,20000,204,2010.0,아파트,2022
성북구,13500,종암동,17.0,20221124,월세,75.5,17000,20,1996.0,아파트,2022
성북구,13300,정릉동,17.0,20221124,월세,32.76,2058,21,2005.0,아파트,2022
성북구,13300,정릉동,13.0,20221124,월세,59.98,3000,100,2001.0,아파트,2022
성북구,13300,정릉동,16.0,20221124,월세,84.65,42000,20,2008.0,아파트,2022
성북구,13900,석관동,8.0,20221125,월세,84.9,22000,100,1998.0,아파트,2022
성북구,13200,보문동3가,12.0,20221125,월세,59.49,20000,70,2003.0,아파트,2022
성북구,13400,길음동,10.0,20221125,월세,84.64,17000,160,2005.0,아파트,2022
성북구,11200,삼선동2가,,20221125,월세,20.0,1000,50,2019.0,단독다가구,2022
성북구,13600,하월곡동,19.0,20221125,월세,84.59,30000,80,2006.0,아파트,2022
성북구,13600,하월곡동,7.0,20221125,월세,84.59,13000,110,2006.0,아파트,2022
성북구,13300,정릉동,2.0,20221125,월세,22.26,3676,14,2020.0,연립다세대,2022
성북구,13600,하월곡동,,20221125,월세,16.5,7000,8,2017.0,단독다가구,2022
성북구,13300,정릉동,,20221125,월세,19.0,1000,55,2017.0,단독다가구,2022
성북구,12800,보문동6가,,20221125,월세,23.48,1000,35,1991.0,단독다가구,2022
성북구,13300,정릉동,3.0,20221125,월세,59.77,14000,70,2006.0,아파트,2022
성북구,13800,장위동,,20221125,월세,24.75,100,25,1994.0,단독다가구,2022
성북구,13800,장위동,5.0,20221125,월세,39.98,3000,110,2022.0,아파트,2022
성북구,13700,상월곡동,,20221125,월세,20.0,300,24,2017.0,단독다가구,2022
성북구,13300,정릉동,,20221125,월세,16.8,500,50,2018.0,단독다가구,2022
성북구,13800,장위동,,20221126,월세,35.7,5000,20,1976.0,단독다가구,2022
성북구,11800,동선동3가,,20221126,월세,30.21,4000,50,1994.0,단독다가구,2022
성북구,13300,정릉동,,20221126,월세,13.0,1000,52,2020.0,단독다가구,2022
성북구,10300,돈암동,11.0,20221126,월세,113.67,30000,190,1998.0,아파트,2022
성북구,10800,동소문동5가,12.0,20221126,월세,14.02,19000,5,2018.0,아파트,2022
성북구,10900,동소문동6가,,20221126,월세,62.12,1000,75,1991.0,단독다가구,2022
성북구,13300,정릉동,,20221126,월세,15.0,5000,25,2022.0,단독다가구,2022
성북구,10100,성북동,,20221126,월세,84.78,2000,85,1985.0,단독다가구,2022
성북구,13300,정릉동,,20221126,월세,15.0,1000,50,2022.0,단독다가구,2022
성북구,12700,보문동5가,,20221126,월세,54.94,2000,55,1996.0,단독다가구,2022
성북구,11500,삼선동5가,,20221126,월세,18.0,1000,60,2021.0,단독다가구,2022
성북구,13600,하월곡동,15.0,20221126,월세,84.88,4000,180,2007.0,아파트,2022
성북구,13100,보문동2가,,20221126,월세,73.18,4000,100,1998.0,단독다가구,2022
성북구,13500,종암동,,20221126,월세,21.0,4000,55,1984.0,단독다가구,2022
성북구,13600,하월곡동,8.0,20221126,월세,59.86,28800,40,2003.0,아파트,2022
성북구,12200,안암동2가,,20221126,월세,60.0,12000,40,2000.0,단독다가구,2022
성북구,12400,안암동4가,,20221126,월세,25.0,1000,45,2010.0,단독다가구,2022
성북구,13500,종암동,,20221126,월세,16.0,500,55,2018.0,단독다가구,2022
성북구,13500,종암동,22.0,20221126,월세,84.72,25000,50,1999.0,아파트,2022
성북구,13600,하월곡동,1.0,20221126,월세,12.64,500,40,2012.0,연립다세대,2022
성북구,12800,보문동6가,,20221126,월세,33.0,15000,5,2008.0,단독다가구,2022
성북구,11800,동선동3가,,20221126,월세,20.0,1000,54,1973.0,단독다가구,2022
성북구,13400,길음동,11.0,20221126,월세,59.97,10000,150,2019.0,아파트,2022
성북구,13300,정릉동,2.0,20221126,월세,58.62,2000,55,2004.0,연립다세대,2022
성북구,13800,장위동,8.0,20221126,월세,76.15,30000,80,2020.0,아파트,2022
성북구,10300,돈암동,7.0,20221126,월세,59.38,20000,100,2007.0,아파트,2022
성북구,10300,돈암동,8.0,20221126,월세,68.76,2000,140,1991.0,아파트,2022
성북구,13500,종암동,6.0,20221126,월세,59.97,7000,140,2009.0,아파트,2022
성북구,11200,삼선동2가,-1.0,20221127,월세,35.91,9300,15,1995.0,연립다세대,2022
성북구,13800,장위동,5.0,20221127,월세,84.84,15000,128,2008.0,아파트,2022
성북구,13300,정릉동,,20221127,월세,18.0,1000,55,2017.0,단독다가구,2022
성북구,12500,안암동5가,,20221127,월세,35.0,8000,40,1993.0,단독다가구,2022
성북구,13800,장위동,7.0,20221127,월세,39.98,7000,80,2022.0,아파트,2022
성북구,12100,안암동1가,,20221127,월세,20.0,1000,50,2010.0,단독다가구,2022
성북구,11700,동선동2가,,20221128,월세,21.0,500,45,1990.0,단독다가구,2022
성북구,13900,석관동,3.0,20221128,월세,63.39,3024,21,2016.0,연립다세대,2022
성북구,13900,석관동,,20221128,월세,21.0,1000,50,2018.0,단독다가구,2022
성북구,13800,장위동,3.0,20221128,월세,34.21,1000,110,2022.0,연립다세대,2022
성북구,13500,종암동,4.0,20221128,월세,94.72,1000,90,1997.0,연립다세대,2022
성북구,13300,정릉동,5.0,20221128,월세,34.6,2000,70,2013.0,연립다세대,2022
성북구,13200,보문동3가,,20221128,월세,33.06,1000,50,1990.0,단독다가구,2022
성북구,13300,정릉동,4.0,20221128,월세,26.15,3960,33,2020.0,연립다세대,2022
성북구,13300,정릉동,6.0,20221128,월세,28.11,2000,85,2019.0,연립다세대,2022
성북구,13900,석관동,5.0,20221128,월세,31.65,11550,21,2009.0,연립다세대,2022
성북구,13800,장위동,3.0,20221128,월세,101.79,10000,240,2021.0,아파트,2022
성북구,13400,길음동,,20221128,월세,30.0,500,35,1992.0,단독다가구,2022
성북구,13400,길음동,9.0,20221128,월세,59.94,25000,20,1998.0,아파트,2022
성북구,12700,보문동5가,,20221128,월세,33.03,500,40,1993.0,단독다가구,2022
성북구,13800,장위동,11.0,20221128,월세,39.34,531,22,2006.0,아파트,2022
성북구,13800,장위동,11.0,20221128,월세,39.34,1329,20,2006.0,아파트,2022
성북구,13500,종암동,,20221128,월세,25.0,1000,55,2022.0,단독다가구,2022
성북구,13800,장위동,29.0,20221128,월세,84.48,40000,90,2020.0,아파트,2022
성북구,10300,돈암동,5.0,20221128,월세,84.82,25000,50,2006.0,아파트,2022
성북구,13600,하월곡동,24.0,20221128,월세,84.69,5000,170,2007.0,아파트,2022
성북구,13500,종암동,-1.0,20221128,월세,67.15,3000,80,1999.0,연립다세대,2022
성북구,13600,하월곡동,,20221128,월세,43.15,500,45,1996.0,단독다가구,2022
성북구,13800,장위동,2.0,20221128,월세,45.7,12000,10,2004.0,연립다세대,2022
성북구,13300,정릉동,,20221128,월세,52.38,3000,50,1989.0,단독다가구,2022
성북구,13900,석관동,,20221128,월세,40.0,18000,10,2018.0,단독다가구,2022
성북구,13300,정릉동,,20221128,월세,80.82,5000,70,1998.0,단독다가구,2022
성북구,11200,삼선동2가,,20221128,월세,64.06,6500,45,1991.0,단독다가구,2022
성북구,10200,성북동1가,,20221128,월세,61.7,18000,12,2017.0,단독다가구,2022
성북구,11200,삼선동2가,1.0,20221129,월세,36.19,1000,70,1995.0,연립다세대,2022
성북구,13400,길음동,,20221129,월세,106.0,1300,55,2017.0,단독다가구,2022
성북구,13900,석관동,,20221129,월세,34.82,1000,40,1993.0,단독다가구,2022
성북구,13400,길음동,17.0,20221129,월세,59.97,10000,175,2019.0,아파트,2022
성북구,13300,정릉동,3.0,20221129,월세,58.89,1000,60,1990.0,연립다세대,2022
성북구,13400,길음동,,20221129,월세,33.0,400,30,1991.0,단독다가구,2022
성북구,13500,종암동,3.0,20221129,월세,17.83,2000,68,2015.0,연립다세대,2022
성북구,13800,장위동,2.0,20221129,월세,51.3,15000,5,1996.0,연립다세대,2022
성북구,13800,장위동,10.0,20221129,월세,39.34,3480,8,2006.0,아파트,2022
성북구,13800,장위동,10.0,20221129,월세,39.34,1329,20,2006.0,아파트,2022
성북구,13500,종암동,,20221129,월세,16.0,30,70,2018.0,단독다가구,2022
성북구,11200,삼선동2가,,20221129,월세,17.0,500,42,2010.0,단독다가구,2022
성북구,11900,동선동4가,,20221129,월세,18.0,1000,43,2011.0,단독다가구,2022
성북구,10800,동소문동5가,15.0,20221129,월세,14.02,1000,82,2018.0,아파트,2022
성북구,13800,장위동,2.0,20221130,월세,42.3,1000,130,2022.0,연립다세대,2022
성북구,13400,길음동,11.0,20221130,월세,59.97,5000,190,2019.0,아파트,2022
성북구,10300,돈암동,9.0,20221130,월세,84.92,20000,90,1998.0,아파트,2022
성북구,13900,석관동,,20221130,월세,67.37,10000,40,1972.0,단독다가구,2022
성북구,13800,장위동,8.0,20221130,월세,18.03,500,60,2019.0,오피스텔,2022
성북구,11900,동선동4가,,20221130,월세,19.5,1000,60,2019.0,단독다가구,2022
성북구,13400,길음동,19.0,20221130,월세,113.23,20000,155,2007.0,아파트,2022
성북구,13600,하월곡동,3.0,20221130,월세,27.31,5000,80,2022.0,오피스텔,2022
성북구,13200,보문동3가,3.0,20221130,월세,59.29,13000,110,2003.0,아파트,2022
성북구,12100,안암동1가,,20221130,월세,33.1,500,40,1992.0,단독다가구,2022
성북구,11800,동선동3가,,20221130,월세,20.0,1000,50,2012.0,단독다가구,2022
성북구,12100,안암동1가,,20221130,월세,20.0,4000,35,2019.0,단독다가구,2022
성북구,13200,보문동3가,8.0,20221130,월세,84.77,10000,130,2013.0,아파트,2022
성북구,12500,안암동5가,,20221130,월세,24.5,1000,45,1995.0,단독다가구,2022
성북구,10300,돈암동,2.0,20221130,월세,152.25,26000,210,1998.0,아파트,2022
성북구,13800,장위동,1.0,20221130,월세,37.7,12000,20,1996.0,연립다세대,2022
성북구,12200,안암동2가,,20221130,월세,21.0,1000,55,1993.0,단독다가구,2022
성북구,13500,종암동,,20221201,월세,23.1,500,42,2004.0,단독다가구,2022
성북구,11500,삼선동5가,,20221201,월세,30.0,4000,30,2001.0,단독다가구,2022
성북구,10300,돈암동,6.0,20221201,월세,59.99,15000,120,2004.0,아파트,2022
성북구,12200,안암동2가,,20221201,월세,25.0,2000,45,2003.0,단독다가구,2022
성북구,13600,하월곡동,14.0,20221201,월세,59.86,5000,120,2003.0,아파트,2022
성북구,13500,종암동,17.0,20221201,월세,84.92,30000,100,2009.0,아파트,2022
성북구,12800,보문동6가,,20221201,월세,18.06,400,30,1988.0,단독다가구,2022
성북구,10100,성북동,,20221201,월세,34.68,2000,39,1996.0,단독다가구,2022
성북구,12100,안암동1가,,20221201,월세,33.5,500,40,1991.0,단독다가구,2022
성북구,11700,동선동2가,,20221201,월세,33.09,300,37,1997.0,단독다가구,2022
성북구,13400,길음동,7.0,20221201,월세,84.05,9000,150,2007.0,아파트,2022
성북구,13300,정릉동,20.0,20221201,월세,84.92,15000,110,2004.0,아파트,2022
성북구,11200,삼선동2가,8.0,20221201,월세,84.98,25000,100,2009.0,아파트,2022
성북구,13300,정릉동,4.0,20221201,월세,36.33,11304,37,2020.0,연립다세대,2022
성북구,13300,정릉동,4.0,20221201,월세,36.33,14974,18,2020.0,연립다세대,2022
성북구,13300,정릉동,1.0,20221201,월세,26.15,8588,28,2020.0,연립다세대,2022
성북구,13300,정릉동,10.0,20221201,월세,59.88,7000,70,2005.0,아파트,2022
성북구,13900,석관동,6.0,20221201,월세,19.11,5000,20,2002.0,오피스텔,2022
성북구,13600,하월곡동,,20221201,월세,33.0,500,40,1992.0,단독다가구,2022
성북구,13500,종암동,,20221201,월세,33.0,2000,70,1977.0,단독다가구,2022
성북구,10300,돈암동,4.0,20221201,월세,41.11,2000,90,2014.0,연립다세대,2022
성북구,13400,길음동,5.0,20221201,월세,43.63,3120,16,2022.0,아파트,2022
성북구,11100,삼선동1가,,20221202,월세,48.9,3000,65,1993.0,단독다가구,2022
성북구,13500,종암동,,20221202,월세,16.0,300,50,2018.0,단독다가구,2022
성북구,11500,삼선동5가,,20221202,월세,24.0,1000,55,2019.0,단독다가구,2022
성북구,13300,정릉동,4.0,20221202,월세,36.33,11304,37,2020.0,연립다세대,2022
성북구,11800,동선동3가,,20221202,월세,24.5,1000,50,2007.0,단독다가구,2022
성북구,12500,안암동5가,,20221202,월세,25.0,2000,85,2002.0,단독다가구,2022
성북구,13700,상월곡동,,20221202,월세,13.2,1000,50,2021.0,단독다가구,2022
성북구,13100,보문동2가,4.0,20221202,월세,13.11,6500,35,2014.0,연립다세대,2022
성북구,13600,하월곡동,,20221202,월세,20.0,1000,55,2016.0,단독다가구,2022
성북구,13300,정릉동,7.0,20221202,월세,59.99,22000,45,2005.0,아파트,2022
성북구,10300,돈암동,7.0,20221202,월세,59.58,3000,120,1998.0,아파트,2022
성북구,13500,종암동,,20221202,월세,19.0,1000,75,2021.0,단독다가구,2022
성북구,10100,성북동,,20221202,월세,34.48,7500,25,1960.0,단독다가구,2022
성북구,13400,길음동,4.0,20221202,월세,59.77,4000,130,2005.0,아파트,2022
성북구,13900,석관동,20.0,20221202,월세,59.97,5000,100,1998.0,아파트,2022
성북구,13900,석관동,4.0,20221203,월세,32.13,12000,50,2015.0,연립다세대,2022
성북구,10100,성북동,1.0,20221203,월세,29.03,15000,22,2021.0,연립다세대,2022
성북구,11100,삼선동1가,1.0,20221203,월세,27.69,2000,75,2015.0,연립다세대,2022
성북구,10300,돈암동,,20221203,월세,45.0,2000,50,1991.0,단독다가구,2022
성북구,13600,하월곡동,8.0,20221203,월세,29.76,3000,63,2020.0,오피스텔,2022
성북구,13800,장위동,29.0,20221203,월세,84.94,20000,140,2020.0,아파트,2022
성북구,13300,정릉동,2.0,20221203,월세,45.9,12000,30,1990.0,연립다세대,2022
성북구,13300,정릉동,-1.0,20221203,월세,61.58,2000,63,2002.0,연립다세대,2022
성북구,13400,길음동,16.0,20221203,월세,59.99,10000,103,2019.0,아파트,2022
성북구,13600,하월곡동,16.0,20221203,월세,84.84,26000,60,2003.0,아파트,2022
성북구,13500,종암동,,20221203,월세,25.0,6000,12,1994.0,단독다가구,2022
성북구,13900,석관동,9.0,20221203,월세,59.9,25000,55,2009.0,아파트,2022
성북구,13400,길음동,17.0,20221203,월세,59.99,35000,25,2003.0,아파트,2022
성북구,13400,길음동,11.0,20221203,월세,59.99,3000,125,2005.0,아파트,2022
성북구,13400,길음동,8.0,20221203,월세,59.37,5000,150,2007.0,아파트,2022
성북구,13400,길음동,9.0,20221203,월세,114.98,15000,235,2010.0,아파트,2022
성북구,13400,길음동,4.0,20221203,월세,84.95,35000,100,2010.0,아파트,2022
성북구,13400,길음동,5.0,20221203,월세,84.95,50000,90,2019.0,아파트,2022
성북구,10300,돈암동,19.0,20221203,월세,84.94,30000,95,2014.0,아파트,2022
성북구,13800,장위동,1.0,20221203,월세,45.48,2000,135,2022.0,연립다세대,2022
성북구,13300,정릉동,2.0,20221203,월세,84.97,28000,75,2008.0,아파트,2022
성북구,10300,돈암동,17.0,20221203,월세,84.87,10000,160,1998.0,아파트,2022
성북구,13400,길음동,11.0,20221203,월세,59.78,20000,150,2022.0,아파트,2022
성북구,12500,안암동5가,,20221203,월세,24.0,1000,65,2019.0,단독다가구,2022
성북구,13300,정릉동,,20221203,월세,19.0,1000,50,2019.0,단독다가구,2022
성북구,13800,장위동,,20221203,월세,17.0,2000,45,2019.0,단독다가구,2022
성북구,13300,정릉동,,20221203,월세,15.0,1000,40,2021.0,단독다가구,2022
성북구,13900,석관동,,20221204,월세,59.87,5000,40,1995.0,단독다가구,2022
성북구,12000,동선동5가,,20221204,월세,56.52,10000,50,1988.0,단독다가구,2022
성북구,10300,돈암동,13.0,20221204,월세,59.58,3000,90,1998.0,아파트,2022
성북구,13800,장위동,5.0,20221204,월세,29.92,16650,40,2021.0,연립다세대,2022
성북구,13600,하월곡동,5.0,20221205,월세,15.62,500,55,2013.0,아파트,2022
성북구,13300,정릉동,5.0,20221205,월세,104.65,8000,135,2004.0,아파트,2022
성북구,13600,하월곡동,10.0,20221205,월세,59.75,7000,110,2006.0,아파트,2022
성북구,13500,종암동,21.0,20221205,월세,84.72,20000,90,1999.0,아파트,2022
성북구,13300,정릉동,4.0,20221205,월세,19.7,5780,19,2020.0,연립다세대,2022
성북구,13500,종암동,2.0,20221205,월세,12.87,500,45,2013.0,연립다세대,2022
성북구,13800,장위동,16.0,20221205,월세,76.15,50000,50,2020.0,아파트,2022
성북구,13800,장위동,6.0,20221205,월세,84.48,20000,120,2020.0,아파트,2022
성북구,12700,보문동5가,,20221205,월세,56.53,300,40,2003.0,단독다가구,2022
성북구,13900,석관동,,20221205,월세,39.0,1000,50,1991.0,단독다가구,2022
성북구,13500,종암동,16.0,20221205,월세,59.99,15000,50,2004.0,아파트,2022
성북구,13300,정릉동,3.0,20221205,월세,43.79,500,85,2016.0,연립다세대,2022
성북구,12200,안암동2가,2.0,20221206,월세,18.06,1000,50,2008.0,연립다세대,2022
성북구,12100,안암동1가,6.0,20221206,월세,59.7,10000,108,2005.0,아파트,2022
성북구,13600,하월곡동,8.0,20221206,월세,15.62,500,57,2013.0,아파트,2022
성북구,13600,하월곡동,,20221206,월세,30.6,500,35,1993.0,단독다가구,2022
성북구,13600,하월곡동,,20221206,월세,36.36,1000,35,1996.0,단독다가구,2022
성북구,12500,안암동5가,,20221206,월세,16.53,1000,40,1991.0,단독다가구,2022
성북구,13300,정릉동,4.0,20221206,월세,36.33,5338,46,2020.0,연립다세대,2022
성북구,11700,동선동2가,,20221206,월세,15.2,500,38,2018.0,단독다가구,2022
성북구,13300,정릉동,4.0,20221206,월세,36.33,10676,35,2020.0,연립다세대,2022
성북구,13300,정릉동,,20221206,월세,19.0,1000,50,2017.0,단독다가구,2022
성북구,13600,하월곡동,,20221206,월세,15.0,500,35,1991.0,단독다가구,2022
성북구,13800,장위동,3.0,20221206,월세,39.0,5000,100,2022.0,아파트,2022
성북구,13500,종암동,3.0,20221206,월세,14.7,5000,25,2011.0,연립다세대,2022
성북구,13400,길음동,12.0,20221206,월세,33.28,2847,24,2010.0,아파트,2022
성북구,13400,길음동,3.0,20221206,월세,59.75,24000,60,2006.0,아파트,2022
성북구,13400,길음동,9.0,20221206,월세,84.05,10000,180,2007.0,아파트,2022
성북구,13900,석관동,,20221206,월세,34.0,500,40,1990.0,단독다가구,2022
성북구,13400,길음동,23.0,20221206,월세,84.82,30000,130,2010.0,아파트,2022
성북구,13400,길음동,11.0,20221206,월세,84.84,5000,150,2003.0,아파트,2022
성북구,13300,정릉동,1.0,20221206,월세,114.84,30000,40,2001.0,아파트,2022
성북구,13300,정릉동,2.0,20221206,월세,14.07,1000,50,2012.0,연립다세대,2022
성북구,13300,정릉동,14.0,20221206,월세,59.9,3000,120,1999.0,아파트,2022
성북구,12300,안암동3가,,20221206,월세,46.0,1000,50,1996.0,단독다가구,2022
성북구,13900,석관동,,20221206,월세,42.0,1000,55,1997.0,단독다가구,2022
성북구,11800,동선동3가,,20221206,월세,43.04,1000,75,1995.0,단독다가구,2022
성북구,11200,삼선동2가,,20221206,월세,37.0,500,35,1992.0,단독다가구,2022
성북구,11400,삼선동4가,11.0,20221207,월세,29.8,10000,58,2014.0,오피스텔,2022
성북구,13800,장위동,,20221207,월세,71.97,5000,40,1983.0,단독다가구,2022
성북구,13800,장위동,4.0,20221207,월세,29.35,2000,95,2022.0,연립다세대,2022
성북구,13400,길음동,6.0,20221207,월세,38.02,2733,14,2022.0,아파트,2022
성북구,13900,석관동,,20221207,월세,48.05,2000,50,1996.0,단독다가구,2022
성북구,13300,정릉동,3.0,20221207,월세,18.91,1000,50,2018.0,연립다세대,2022
성북구,10300,돈암동,,20221207,월세,16.0,500,25,1966.0,단독다가구,2022
성북구,13300,정릉동,16.0,20221207,월세,59.98,20000,60,2005.0,아파트,2022
성북구,13300,정릉동,4.0,20221207,월세,22.26,6912,23,2020.0,연립다세대,2022
성북구,13600,하월곡동,,20221207,월세,19.8,1000,50,2004.0,단독다가구,2022
성북구,10100,성북동,,20221207,월세,30.0,1000,45,1993.0,단독다가구,2022
성북구,13400,길음동,12.0,20221207,월세,59.94,5000,63,1998.0,아파트,2022
성북구,13800,장위동,21.0,20221207,월세,59.1,5000,169,2020.0,아파트,2022
성북구,13800,장위동,14.0,20221207,월세,84.87,38000,8,2017.0,아파트,2022
성북구,11800,동선동3가,,20221207,월세,23.1,3000,20,2002.0,단독다가구,2022
성북구,13300,정릉동,,20221207,월세,20.0,1000,40,2017.0,단독다가구,2022
성북구,13700,상월곡동,,20221207,월세,20.0,1000,55,2017.0,단독다가구,2022
성북구,13300,정릉동,5.0,20221207,월세,59.9,20000,40,1999.0,아파트,2022
성북구,13700,상월곡동,,20221208,월세,43.0,1000,50,1994.0,단독다가구,2022
성북구,10800,동소문동5가,7.0,20221208,월세,16.67,3000,78,2017.0,아파트,2022
성북구,10100,성북동,1.0,20221208,월세,36.3,1000,61,1994.0,연립다세대,2022
성북구,11400,삼선동4가,3.0,20221208,월세,19.67,1000,55,2008.0,연립다세대,2022
성북구,13500,종암동,,20221208,월세,19.0,500,45,2017.0,단독다가구,2022
성북구,13700,상월곡동,,20221208,월세,25.0,5000,100,1994.0,단독다가구,2022
성북구,13600,하월곡동,23.0,20221208,월세,59.98,10000,94,2007.0,아파트,2022
성북구,13400,길음동,12.0,20221208,월세,59.99,30000,100,2019.0,아파트,2022
성북구,13500,종암동,,20221208,월세,16.0,8000,5,2018.0,단독다가구,2022
성북구,13300,정릉동,9.0,20221208,월세,59.59,29400,30,1999.0,아파트,2022
성북구,13400,길음동,11.0,20221208,월세,84.95,45000,100,2019.0,아파트,2022
성북구,11100,삼선동1가,,20221208,월세,19.0,200,15,1961.0,단독다가구,2022
성북구,13800,장위동,3.0,20221208,월세,29.85,3000,80,2022.0,연립다세대,2022
성북구,13700,상월곡동,,20221208,월세,25.0,300,40,1993.0,단독다가구,2022
성북구,11200,삼선동2가,,20221208,월세,33.0,1000,50,1997.0,단독다가구,2022
성북구,13300,정릉동,,20221208,월세,19.42,500,45,2011.0,단독다가구,2022
성북구,13900,석관동,,20221209,월세,39.0,500,40,1993.0,단독다가구,2022
성북구,13500,종암동,,20221209,월세,53.0,2000,45,1993.0,단독다가구,2022
성북구,13600,하월곡동,,20221209,월세,23.3,1000,40,1991.0,단독다가구,2022
성북구,13300,정릉동,,20221209,월세,16.0,1000,45,2017.0,단독다가구,2022
성북구,13600,하월곡동,5.0,20221209,월세,26.96,5000,95,2022.0,오피스텔,2022
성북구,13600,하월곡동,5.0,20221209,월세,56.27,15000,55,2015.0,연립다세대,2022
성북구,13600,하월곡동,12.0,20221209,월세,84.59,30000,50,2006.0,아파트,2022
성북구,13400,길음동,21.0,20221209,월세,84.77,25000,180,2022.0,아파트,2022
성북구,13400,길음동,19.0,20221209,월세,84.95,50000,80,2019.0,아파트,2022
성북구,12300,안암동3가,,20221209,월세,33.0,1000,60,1993.0,단독다가구,2022
성북구,13600,하월곡동,10.0,20221209,월세,15.62,1000,55,2013.0,아파트,2022
성북구,13400,길음동,21.0,20221209,월세,59.9,24000,70,2019.0,아파트,2022
성북구,13600,하월곡동,12.0,20221209,월세,59.75,3000,140,2006.0,아파트,2022
성북구,13400,길음동,5.0,20221209,월세,84.98,50000,70,2019.0,아파트,2022
성북구,13800,장위동,14.0,20221209,월세,14.71,500,52,2019.0,아파트,2022
성북구,13800,장위동,8.0,20221209,월세,15.21,1000,46,2019.0,아파트,2022
성북구,13400,길음동,6.0,20221209,월세,59.99,35000,25,2005.0,아파트,2022
성북구,13400,길음동,16.0,20221209,월세,84.96,5000,152,2006.0,아파트,2022
성북구,13600,하월곡동,6.0,20221209,월세,59.65,10000,100,2010.0,아파트,2022
성북구,13400,길음동,33.0,20221210,월세,59.9,30000,65,2019.0,아파트,2022
성북구,10200,성북동1가,2.0,20221210,월세,29.66,5000,48,2003.0,연립다세대,2022
성북구,13900,석관동,,20221210,월세,48.39,4000,45,1993.0,단독다가구,2022
성북구,12900,보문동7가,2.0,20221210,월세,13.92,1000,48,2012.0,연립다세대,2022
성북구,13100,보문동2가,4.0,20221210,월세,15.36,1000,55,2011.0,연립다세대,2022
성북구,13300,정릉동,2.0,20221210,월세,93.88,3000,17,2001.0,연립다세대,2022
성북구,13600,하월곡동,,20221210,월세,46.9,500,45,2000.0,단독다가구,2022
성북구,11500,삼선동5가,2.0,20221210,월세,50.91,5000,95,2003.0,연립다세대,2022
성북구,13400,길음동,16.0,20221210,월세,59.99,36000,60,2019.0,아파트,2022
성북구,13500,종암동,4.0,20221210,월세,59.61,10000,125,2005.0,아파트,2022
성북구,13600,하월곡동,,20221210,월세,22.0,500,35,1993.0,단독다가구,2022
성북구,12500,안암동5가,,20221210,월세,19.0,4000,50,2018.0,단독다가구,2022
성북구,10300,돈암동,14.0,20221210,월세,68.13,5000,130,1998.0,아파트,2022
성북구,13300,정릉동,9.0,20221210,월세,84.09,31500,10,2005.0,아파트,2022
성북구,13800,장위동,16.0,20221210,월세,59.99,10000,150,2020.0,아파트,2022
성북구,13400,길음동,2.0,20221210,월세,59.99,10000,95,2003.0,아파트,2022
성북구,13400,길음동,8.0,20221210,월세,111.71,38500,30,1998.0,아파트,2022
성북구,13400,길음동,3.0,20221210,월세,114.91,10000,180,2003.0,아파트,2022
성북구,13800,장위동,24.0,20221210,월세,76.15,15000,150,2020.0,아파트,2022
성북구,13300,정릉동,,20221210,월세,19.0,500,28,1988.0,단독다가구,2022
성북구,13900,석관동,4.0,20221210,월세,59.98,10000,140,2019.0,아파트,2022
성북구,13900,석관동,15.0,20221210,월세,59.42,20000,110,2019.0,아파트,2022
성북구,12300,안암동3가,1.0,20221210,월세,54.88,1000,60,1971.0,아파트,2022
성북구,12800,보문동6가,7.0,20221210,월세,59.19,30000,100,2017.0,아파트,2022
성북구,12600,보문동4가,7.0,20221210,월세,48.33,6000,55,2013.0,연립다세대,2022
성북구,10300,돈암동,4.0,20221210,월세,41.58,2000,68,1991.0,아파트,2022
성북구,10300,돈암동,1.0,20221210,월세,84.87,5000,135,1998.0,아파트,2022
성북구,13400,길음동,10.0,20221210,월세,59.97,8000,180,2019.0,아파트,2022
성북구,12200,안암동2가,,20221210,월세,20.5,1000,47,2017.0,단독다가구,2022
성북구,12500,안암동5가,,20221210,월세,15.0,1000,35,2007.0,단독다가구,2022
성북구,13300,정릉동,,20221211,월세,18.0,4000,15,2013.0,단독다가구,2022
성북구,10300,돈암동,9.0,20221211,월세,68.76,15000,80,1991.0,아파트,2022
성북구,13800,장위동,4.0,20221211,월세,15.21,1000,60,2019.0,아파트,2022
성북구,11200,삼선동2가,2.0,20221211,월세,56.83,30000,25,2009.0,아파트,2022
성북구,13800,장위동,6.0,20221211,월세,39.98,5000,90,2022.0,아파트,2022
성북구,13300,정릉동,4.0,20221211,월세,84.98,10000,100,2004.0,아파트,2022
성북구,11300,삼선동3가,,20221211,월세,41.5,1000,60,1996.0,단독다가구,2022
성북구,13300,정릉동,,20221211,월세,59.91,10000,40,1994.0,단독다가구,2022
성북구,13400,길음동,19.0,20221211,월세,59.97,35000,90,2019.0,아파트,2022
성북구,11200,삼선동2가,1.0,20221212,월세,60.63,500,40,1998.0,연립다세대,2022
성북구,11800,동선동3가,,20221212,월세,21.0,2500,25,1992.0,단독다가구,2022
성북구,11900,동선동4가,,20221212,월세,18.0,500,55,1992.0,단독다가구,2022
성북구,13300,정릉동,2.0,20221212,월세,15.51,1094,6,2014.0,연립다세대,2022
성북구,13800,장위동,,20221212,월세,32.0,300,25,1994.0,단독다가구,2022
성북구,13600,하월곡동,24.0,20221212,월세,59.88,10000,90,1998.0,아파트,2022
성북구,12200,안암동2가,,20221212,월세,32.5,2000,70,2015.0,단독다가구,2022
성북구,13300,정릉동,,20221212,월세,16.0,500,50,2018.0,단독다가구,2022
성북구,13400,길음동,7.0,20221212,월세,33.46,2767,4,2019.0,아파트,2022
성북구,13800,장위동,9.0,20221212,월세,18.03,10000,10,2019.0,오피스텔,2022
성북구,13800,장위동,4.0,20221212,월세,14.71,1000,44,2019.0,아파트,2022
성북구,13400,길음동,10.0,20221212,월세,33.46,2767,4,2019.0,아파트,2022
성북구,13400,길음동,6.0,20221212,월세,33.46,2767,4,2019.0,아파트,2022
성북구,13400,길음동,17.0,20221212,월세,33.46,2767,4,2019.0,아파트,2022
성북구,13400,길음동,8.0,20221212,월세,33.46,2767,4,2019.0,아파트,2022
성북구,13400,길음동,6.0,20221212,월세,59.9,5000,150,2010.0,아파트,2022
성북구,13600,하월곡동,,20221212,월세,20.0,5000,24,2013.0,단독다가구,2022
성북구,13800,장위동,4.0,20221212,월세,84.47,45000,30,2020.0,아파트,2022
성북구,13800,장위동,15.0,20221212,월세,59.92,10000,120,2021.0,아파트,2022
성북구,13300,정릉동,8.0,20221212,월세,85.0,10000,130,2006.0,아파트,2022
성북구,11900,동선동4가,,20221212,월세,16.5,500,30,1967.0,단독다가구,2022
성북구,11400,삼선동4가,5.0,20221212,월세,38.43,1000,29,2001.0,연립다세대,2022
성북구,13400,길음동,11.0,20221212,월세,33.46,1630,11,2019.0,아파트,2022
성북구,12200,안암동2가,,20221212,월세,47.17,1000,60,,단독다가구,2022
성북구,13800,장위동,,20221212,월세,39.0,500,35,1981.0,단독다가구,2022
성북구,12000,동선동5가,,20221212,월세,72.36,3000,100,1992.0,단독다가구,2022
성북구,10200,성북동1가,,20221212,월세,61.7,17000,25,2017.0,단독다가구,2022
성북구,10300,돈암동,,20221212,월세,40.0,5000,30,1997.0,단독다가구,2022
성북구,11300,삼선동3가,4.0,20221213,월세,44.97,8000,100,2018.0,연립다세대,2022
성북구,13900,석관동,,20221213,월세,46.36,4000,30,1993.0,단독다가구,2022
성북구,11500,삼선동5가,4.0,20221213,월세,37.05,14000,30,2002.0,연립다세대,2022
성북구,10700,동소문동4가,3.0,20221213,월세,56.1,2000,115,2001.0,연립다세대,2022
성북구,12100,안암동1가,,20221213,월세,20.0,1000,50,2010.0,단독다가구,2022
성북구,13300,정릉동,,20221213,월세,33.34,500,40,1993.0,단독다가구,2022
성북구,11100,삼선동1가,,20221213,월세,36.0,13000,10,1996.0,단독다가구,2022
성북구,13000,보문동1가,,20221213,월세,16.5,1000,50,2008.0,단독다가구,2022
성북구,10300,돈암동,7.0,20221213,월세,32.23,1039,14,1999.0,아파트,2022
성북구,13900,석관동,,20221213,월세,29.47,500,40,1997.0,단독다가구,2022
성북구,11200,삼선동2가,,20221213,월세,24.08,1000,74,,단독다가구,2022
성북구,10100,성북동,2.0,20221213,월세,29.07,15000,20,2021.0,연립다세대,2022
성북구,13600,하월곡동,18.0,20221213,월세,15.54,1000,55,2013.0,아파트,2022
성북구,13400,길음동,6.0,20221213,월세,84.98,30000,170,2022.0,아파트,2022
성북구,13800,장위동,9.0,20221213,월세,18.03,1000,60,2019.0,오피스텔,2022
성북구,10100,성북동,2.0,20221213,월세,29.07,15000,19,2021.0,연립다세대,2022
성북구,13800,장위동,27.0,20221213,월세,59.1,10000,140,2020.0,아파트,2022
성북구,13600,하월곡동,10.0,20221213,월세,84.73,31000,55,2010.0,아파트,2022
성북구,13500,종암동,13.0,20221213,월세,59.99,30000,80,2004.0,아파트,2022
성북구,13400,길음동,12.0,20221213,월세,59.97,52000,21,2019.0,아파트,2022
성북구,12500,안암동5가,2.0,20221214,월세,13.94,1000,58,2013.0,연립다세대,2022
성북구,11500,삼선동5가,4.0,20221214,월세,49.65,5000,120,2018.0,연립다세대,2022
성북구,13800,장위동,,20221214,월세,17.0,3000,50,2019.0,단독다가구,2022
성북구,11600,동선동1가,,20221214,월세,18.0,3000,45,2017.0,단독다가구,2022
성북구,13900,석관동,8.0,20221214,월세,59.9,500,25,2009.0,아파트,2022
성북구,13800,장위동,5.0,20221214,월세,59.1,10500,105,2020.0,아파트,2022
성북구,13800,장위동,2.0,20221214,월세,59.1,15000,100,2020.0,아파트,2022
성북구,13300,정릉동,2.0,20221214,월세,16.56,100,9,2013.0,연립다세대,2022
성북구,12800,보문동6가,4.0,20221214,월세,29.96,11708,30,2017.0,아파트,2022
성북구,13400,길음동,14.0,20221214,월세,59.97,10000,170,2019.0,아파트,2022
성북구,13500,종암동,,20221214,월세,26.0,400,40,1993.0,단독다가구,2022
성북구,10100,성북동,4.0,20221214,월세,75.16,25000,18,2003.0,연립다세대,2022
성북구,13800,장위동,,20221214,월세,47.76,2000,50,1987.0,단독다가구,2022
성북구,11100,삼선동1가,,20221214,월세,46.15,1000,50,1997.0,단독다가구,2022
성북구,13300,정릉동,,20221214,월세,16.17,1000,55,2019.0,단독다가구,2022
성북구,13800,장위동,,20221214,월세,34.2,300,30,1994.0,단독다가구,2022
성북구,10300,돈암동,1.0,20221214,월세,59.99,36500,20,2004.0,아파트,2022
성북구,13300,정릉동,3.0,20221215,월세,48.31,16000,20,2002.0,연립다세대,2022
성북구,13300,정릉동,,20221215,월세,16.0,500,45,2019.0,단독다가구,2022
성북구,11400,삼선동4가,5.0,20221215,월세,24.21,10000,11,2014.0,연립다세대,2022
성북구,13900,석관동,,20221215,월세,17.0,500,45,,단독다가구,2022
성북구,13300,정릉동,,20221215,월세,15.0,1000,52,2017.0,단독다가구,2022
성북구,13900,석관동,,20221215,월세,30.0,1000,45,1993.0,단독다가구,2022
성북구,13300,정릉동,,20221215,월세,15.0,1000,50,2020.0,단독다가구,2022
성북구,13400,길음동,7.0,20221215,월세,59.92,40000,38,2010.0,아파트,2022
성북구,13400,길음동,14.0,20221215,월세,84.78,5000,167,2010.0,아파트,2022
성북구,13800,장위동,1.0,20221215,월세,39.9,11637,31,2021.0,아파트,2022
성북구,12800,보문동6가,9.0,20221215,월세,29.96,9591,25,2017.0,아파트,2022
성북구,12800,보문동6가,11.0,20221215,월세,29.96,9059,24,2017.0,아파트,2022
성북구,13800,장위동,5.0,20221215,월세,36.14,8419,22,2020.0,아파트,2022
성북구,13500,종암동,,20221215,월세,49.85,2000,70,1993.0,단독다가구,2022
성북구,13500,종암동,,20221215,월세,40.92,11000,15,1991.0,단독다가구,2022
성북구,10900,동소문동6가,,20221216,월세,42.9,20000,47,2020.0,단독다가구,2022
성북구,13500,종암동,,20221216,월세,63.03,13000,15,1993.0,단독다가구,2022
성북구,13500,종암동,,20221216,월세,42.02,13000,10,1993.0,단독다가구,2022
성북구,11900,동선동4가,,20221216,월세,46.23,3000,50,1993.0,단독다가구,2022
성북구,11500,삼선동5가,,20221216,월세,45.5,1000,55,1994.0,단독다가구,2022
성북구,11700,동선동2가,,20221216,월세,47.34,2000,65,1996.0,단독다가구,2022
성북구,13300,정릉동,,20221216,월세,17.0,1000,50,2020.0,단독다가구,2022
성북구,13500,종암동,,20221216,월세,21.0,300,50,2017.0,단독다가구,2022
성북구,13700,상월곡동,,20221216,월세,21.0,5000,45,2019.0,단독다가구,2022
성북구,13800,장위동,4.0,20221216,월세,36.74,5000,110,2022.0,연립다세대,2022
성북구,12500,안암동5가,4.0,20221216,월세,38.6,2000,60,2017.0,연립다세대,2022
성북구,13300,정릉동,,20221216,월세,15.83,500,50,2007.0,단독다가구,2022
성북구,13300,정릉동,1.0,20221216,월세,84.71,2000,105,1999.0,아파트,2022
성북구,13800,장위동,2.0,20221216,월세,46.22,12000,15,2003.0,연립다세대,2022
성북구,13800,장위동,7.0,20221216,월세,59.1,41000,30,2020.0,아파트,2022
성북구,13800,장위동,3.0,20221216,월세,39.9,9387,34,2021.0,아파트,2022
성북구,13300,정릉동,10.0,20221217,월세,60.0,5000,90,2005.0,아파트,2022
성북구,10100,성북동,,20221217,월세,23.1,1000,55,1993.0,단독다가구,2022
성북구,10200,성북동1가,7.0,20221217,월세,17.8,1000,65,2015.0,오피스텔,2022
성북구,10200,성북동1가,,20221217,월세,16.0,1000,40,2010.0,단독다가구,2022
성북구,13400,길음동,4.0,20221217,월세,84.99,40000,130,2019.0,아파트,2022
성북구,12000,동선동5가,,20221217,월세,20.0,1000,55,2010.0,단독다가구,2022
성북구,11900,동선동4가,,20221217,월세,20.0,300,35,1971.0,단독다가구,2022
성북구,13600,하월곡동,,20221217,월세,20.0,1000,55,2018.0,단독다가구,2022
성북구,12100,안암동1가,,20221217,월세,25.0,6000,20,1995.0,단독다가구,2022
성북구,13800,장위동,,20221217,월세,23.0,300,30,1993.0,단독다가구,2022
성북구,13600,하월곡동,5.0,20221217,월세,15.62,1000,55,2013.0,아파트,2022
성북구,13800,장위동,2.0,20221217,월세,29.93,5000,80,2022.0,연립다세대,2022
성북구,13800,장위동,7.0,20221217,월세,39.0,5000,100,2022.0,아파트,2022
성북구,11700,동선동2가,,20221217,월세,24.0,500,45,2008.0,단독다가구,2022
성북구,13500,종암동,8.0,20221217,월세,84.98,30000,110,2009.0,아파트,2022
성북구,13400,길음동,10.0,20221217,월세,59.97,33600,40,2019.0,아파트,2022
성북구,13500,종암동,,20221217,월세,19.38,1000,45,2018.0,단독다가구,2022
성북구,13800,장위동,,20221217,월세,32.67,300,24,1989.0,단독다가구,2022
성북구,13300,정릉동,,20221217,월세,18.52,2500,40,2019.0,단독다가구,2022
성북구,13100,보문동2가,,20221217,월세,17.0,5000,43,2010.0,단독다가구,2022
성북구,12100,안암동1가,,20221217,월세,17.0,4000,35,2019.0,단독다가구,2022
성북구,13500,종암동,2.0,20221217,월세,14.93,100,35,2010.0,연립다세대,2022
성북구,13300,정릉동,8.0,20221217,월세,52.89,23000,5,1977.0,아파트,2022
성북구,13300,정릉동,,20221217,월세,36.5,1000,100,2019.0,단독다가구,2022
성북구,13300,정릉동,,20221217,월세,41.5,2000,23,1994.0,단독다가구,2022
성북구,13800,장위동,9.0,20221217,월세,14.71,1000,60,2019.0,아파트,2022
성북구,10500,동소문동2가,,20221217,월세,46.28,1000,50,,단독다가구,2022
성북구,13400,길음동,12.0,20221217,월세,59.99,10000,130,2010.0,아파트,2022
성북구,11300,삼선동3가,12.0,20221217,월세,84.95,40000,110,2012.0,아파트,2022
성북구,11600,동선동1가,6.0,20221217,월세,14.08,1000,65,2014.0,연립다세대,2022
성북구,11600,동선동1가,5.0,20221217,월세,14.08,3000,50,2014.0,연립다세대,2022
성북구,13900,석관동,3.0,20221217,월세,59.42,15000,120,2019.0,아파트,2022
성북구,13300,정릉동,3.0,20221217,월세,43.11,17000,30,2001.0,아파트,2022
성북구,13500,종암동,19.0,20221217,월세,84.95,5000,123,2004.0,아파트,2022
성북구,13500,종암동,3.0,20221217,월세,59.99,4000,145,2004.0,아파트,2022
성북구,13500,종암동,14.0,20221217,월세,59.99,10000,88,2004.0,아파트,2022
성북구,13500,종암동,15.0,20221217,월세,59.97,10500,126,2009.0,아파트,2022
성북구,13300,정릉동,4.0,20221218,월세,84.98,30000,30,2004.0,아파트,2022
성북구,12100,안암동1가,,20221218,월세,16.0,500,40,1988.0,단독다가구,2022
성북구,13400,길음동,13.0,20221218,월세,59.99,15000,85,2003.0,아파트,2022
성북구,10300,돈암동,2.0,20221218,월세,84.94,57000,5,2014.0,아파트,2022
성북구,13500,종암동,,20221218,월세,21.0,300,27,2017.0,단독다가구,2022
성북구,13800,장위동,,20221219,월세,43.32,2000,40,1991.0,단독다가구,2022
성북구,13500,종암동,,20221219,월세,40.0,500,30,1991.0,단독다가구,2022
성북구,11500,삼선동5가,,20221219,월세,44.94,4000,60,1997.0,단독다가구,2022
성북구,13100,보문동2가,,20221219,월세,40.87,1000,45,1994.0,단독다가구,2022
성북구,11200,삼선동2가,,20221219,월세,16.0,1000,45,2016.0,단독다가구,2022
성북구,13500,종암동,,20221219,월세,33.0,1000,30,1994.0,단독다가구,2022
성북구,13300,정릉동,,20221219,월세,13.0,3000,26,2019.0,단독다가구,2022
성북구,10900,동소문동6가,7.0,20221219,월세,12.7,3000,50,2013.0,아파트,2022
성북구,13800,장위동,4.0,20221219,월세,48.35,1575,21,2018.0,연립다세대,2022
성북구,13500,종암동,,20221219,월세,10.0,100,46,,단독다가구,2022
성북구,12500,안암동5가,,20221219,월세,35.0,1000,57,2001.0,단독다가구,2022
성북구,12500,안암동5가,,20221219,월세,18.0,1000,50,2001.0,단독다가구,2022
성북구,13900,석관동,,20221219,월세,18.0,8000,15,2018.0,단독다가구,2022
성북구,13300,정릉동,,20221219,월세,29.37,1000,70,2017.0,단독다가구,2022
성북구,13800,장위동,3.0,20221219,월세,39.65,5000,95,2022.0,아파트,2022
성북구,13300,정릉동,,20221219,월세,15.0,1000,40,2019.0,단독다가구,2022
성북구,13800,장위동,29.0,20221219,월세,84.94,30000,90,2020.0,아파트,2022
성북구,13800,장위동,9.0,20221219,월세,39.9,11637,31,2021.0,아파트,2022
성북구,13800,장위동,18.0,20221219,월세,36.14,7954,21,2020.0,아파트,2022
성북구,12800,보문동6가,12.0,20221219,월세,29.96,9591,25,2017.0,아파트,2022
성북구,12800,보문동6가,3.0,20221219,월세,29.96,9059,24,2017.0,아파트,2022
성북구,12800,보문동6가,1.0,20221219,월세,29.96,9591,25,2017.0,아파트,2022
성북구,10300,돈암동,9.0,20221220,월세,143.13,50000,100,2013.0,아파트,2022
성북구,13800,장위동,5.0,20221220,월세,29.16,3000,80,2022.0,연립다세대,2022
성북구,13600,하월곡동,7.0,20221220,월세,15.62,1000,55,2013.0,아파트,2022
성북구,11200,삼선동2가,-1.0,20221220,월세,35.91,9300,15,1995.0,연립다세대,2022
성북구,10700,동소문동4가,,20221220,월세,51.0,15000,20,2001.0,단독다가구,2022
성북구,13300,정릉동,,20221220,월세,41.47,3000,50,1997.0,단독다가구,2022
성북구,13300,정릉동,,20221220,월세,36.48,1000,55,1995.0,단독다가구,2022
성북구,13900,석관동,,20221220,월세,53.7,7500,30,1997.0,단독다가구,2022
성북구,13900,석관동,,20221220,월세,70.18,17000,30,2009.0,단독다가구,2022
성북구,13900,석관동,,20221220,월세,55.73,10000,20,,단독다가구,2022
성북구,11900,동선동4가,,20221220,월세,13.2,300,30,1994.0,단독다가구,2022
성북구,13900,석관동,,20221220,월세,25.5,3500,5,1993.0,단독다가구,2022
성북구,13800,장위동,17.0,20221220,월세,18.03,7450,12,2019.0,오피스텔,2022
성북구,13800,장위동,5.0,20221220,월세,15.21,500,55,2019.0,아파트,2022
성북구,13500,종암동,12.0,20221220,월세,84.96,24000,70,2000.0,아파트,2022
성북구,13300,정릉동,,20221220,월세,16.5,1000,42,2018.0,단독다가구,2022
성북구,13400,길음동,14.0,20221220,월세,30.88,4882,10,2008.0,아파트,2022
성북구,13800,장위동,7.0,20221220,월세,49.33,4401,10,2006.0,아파트,2022
성북구,13500,종암동,16.0,20221220,월세,59.86,6080,74,1999.0,아파트,2022
성북구,11700,동선동2가,,20221220,월세,24.0,500,37,1996.0,단독다가구,2022
성북구,13800,장위동,1.0,20221220,월세,39.9,10699,28,2021.0,아파트,2022
성북구,12800,보문동6가,6.0,20221220,월세,29.96,9591,25,2017.0,아파트,2022
성북구,13300,정릉동,8.0,20221220,월세,59.88,3000,120,2005.0,아파트,2022
성북구,10300,돈암동,5.0,20221220,월세,41.58,2000,70,1991.0,아파트,2022
성북구,11800,동선동3가,,20221220,월세,23.11,1000,60,1996.0,단독다가구,2022
성북구,13300,정릉동,2.0,20221220,월세,17.16,9000,10,2012.0,연립다세대,2022
성북구,13400,길음동,,20221220,월세,34.0,500,45,1993.0,단독다가구,2022
성북구,13300,정릉동,,20221220,월세,15.0,1000,50,2020.0,단독다가구,2022
성북구,11700,동선동2가,,20221220,월세,27.7,12000,5,1993.0,단독다가구,2022
성북구,13800,장위동,,20221220,월세,17.56,300,15,1982.0,단독다가구,2022
성북구,13300,정릉동,,20221221,월세,19.0,3000,15,2011.0,단독다가구,2022
성북구,13900,석관동,5.0,20221221,월세,28.32,1000,130,2022.0,연립다세대,2022
성북구,13300,정릉동,8.0,20221221,월세,84.98,30000,20,2008.0,아파트,2022
성북구,13800,장위동,4.0,20221221,월세,39.98,9000,80,2022.0,아파트,2022
성북구,13800,장위동,12.0,20221221,월세,49.33,4401,10,2006.0,아파트,2022
성북구,13300,정릉동,,20221221,월세,14.0,1000,40,2017.0,단독다가구,2022
성북구,13300,정릉동,,20221221,월세,13.0,1000,50,2017.0,단독다가구,2022
성북구,13000,보문동1가,,20221221,월세,29.26,9000,15,1987.0,단독다가구,2022
성북구,13900,석관동,,20221221,월세,30.0,500,45,1992.0,단독다가구,2022
성북구,13400,길음동,16.0,20221221,월세,84.96,45000,35,2003.0,아파트,2022
성북구,13400,길음동,23.0,20221221,월세,84.96,30000,100,2010.0,아파트,2022
성북구,13400,길음동,14.0,20221221,월세,30.88,4882,10,2008.0,아파트,2022
성북구,13800,장위동,12.0,20221221,월세,84.47,10000,195,2020.0,아파트,2022
성북구,13400,길음동,16.0,20221221,월세,59.97,25000,110,2019.0,아파트,2022
성북구,10300,돈암동,3.0,20221221,월세,59.86,10000,130,2016.0,아파트,2022
성북구,12700,보문동5가,,20221221,월세,90.66,1000,65,2000.0,단독다가구,2022
성북구,13300,정릉동,,20221222,월세,72.63,6000,20,1979.0,단독다가구,2022
성북구,12200,안암동2가,,20221222,월세,41.76,11000,40,1994.0,단독다가구,2022
성북구,11100,삼선동1가,,20221222,월세,41.54,6000,20,1994.0,단독다가구,2022
성북구,11100,삼선동1가,,20221222,월세,54.69,12500,10,1991.0,단독다가구,2022
성북구,13300,정릉동,,20221222,월세,58.1,1000,60,1996.0,단독다가구,2022
성북구,12100,안암동1가,,20221222,월세,74.47,17000,35,1997.0,단독다가구,2022
성북구,13500,종암동,3.0,20221222,월세,20.65,4000,50,2016.0,연립다세대,2022
성북구,11500,삼선동5가,,20221222,월세,33.42,10000,26,1989.0,단독다가구,2022
성북구,13800,장위동,8.0,20221222,월세,49.33,3633,14,2006.0,아파트,2022
성북구,13800,장위동,5.0,20221222,월세,49.33,1792,24,2006.0,아파트,2022
성북구,13800,장위동,7.0,20221222,월세,15.21,500,60,2019.0,아파트,2022
성북구,13400,길음동,2.0,20221222,월세,59.99,9990,90,2010.0,아파트,2022
성북구,10100,성북동,,20221222,월세,32.0,2000,20,1992.0,단독다가구,2022
성북구,13300,정릉동,2.0,20221222,월세,59.4,26000,20,2003.0,아파트,2022
성북구,10300,돈암동,7.0,20221222,월세,59.58,3000,130,1998.0,아파트,2022
성북구,13500,종암동,,20221222,월세,20.0,300,45,2017.0,단독다가구,2022
성북구,11200,삼선동2가,,20221222,월세,20.0,500,42,2010.0,단독다가구,2022
성북구,10100,성북동,,20221222,월세,10.0,200,20,1969.0,단독다가구,2022
성북구,10300,돈암동,18.0,20221222,월세,68.13,10000,210,1998.0,아파트,2022
성북구,10300,돈암동,10.0,20221223,월세,132.96,10000,110,1998.0,아파트,2022
성북구,13600,하월곡동,,20221223,월세,19.83,100,39,2002.0,단독다가구,2022
성북구,13600,하월곡동,19.0,20221223,월세,59.86,17000,90,2003.0,아파트,2022
성북구,10800,동소문동5가,,20221223,월세,26.42,14000,12,1991.0,단독다가구,2022
성북구,12500,안암동5가,,20221223,월세,19.8,1000,70,2017.0,단독다가구,2022
성북구,11400,삼선동4가,10.0,20221223,월세,27.09,10000,34,2014.0,오피스텔,2022
성북구,13900,석관동,,20221223,월세,12.32,500,30,2017.0,단독다가구,2022
성북구,13500,종암동,,20221223,월세,33.0,1000,35,1990.0,단독다가구,2022
성북구,13400,길음동,6.0,20221223,월세,59.99,10000,124,2003.0,아파트,2022
성북구,13300,정릉동,10.0,20221223,월세,59.42,5000,110,1999.0,아파트,2022
성북구,13400,길음동,16.0,20221223,월세,59.98,9000,90,2000.0,아파트,2022
성북구,13500,종암동,,20221224,월세,18.0,1000,65,2018.0,단독다가구,2022
성북구,13300,정릉동,,20221224,월세,12.0,1000,50,2019.0,단독다가구,2022
성북구,13600,하월곡동,3.0,20221224,월세,29.99,4000,70,2017.0,연립다세대,2022
성북구,13500,종암동,,20221224,월세,30.0,5000,20,2002.0,단독다가구,2022
성북구,13400,길음동,17.0,20221224,월세,84.98,50000,95,2019.0,아파트,2022
성북구,13300,정릉동,,20221224,월세,15.0,1000,38,2022.0,단독다가구,2022
성북구,13800,장위동,10.0,20221224,월세,18.03,500,60,2019.0,오피스텔,2022
성북구,13800,장위동,,20221224,월세,16.5,400,20,1995.0,단독다가구,2022
성북구,13400,길음동,5.0,20221224,월세,84.52,20000,90,1998.0,아파트,2022
성북구,13600,하월곡동,9.0,20221224,월세,84.73,20000,130,2010.0,아파트,2022
성북구,10300,돈암동,4.0,20221224,월세,41.14,700,60,2015.0,연립다세대,2022
성북구,13800,장위동,4.0,20221224,월세,29.16,3000,80,2022.0,연립다세대,2022
성북구,10200,성북동1가,,20221224,월세,42.0,2000,80,1997.0,단독다가구,2022
성북구,10700,동소문동4가,,20221224,월세,50.0,12000,25,2001.0,단독다가구,2022
성북구,13900,석관동,,20221225,월세,52.2,4000,60,1993.0,단독다가구,2022
성북구,13800,장위동,3.0,20221225,월세,29.85,7000,70,2022.0,연립다세대,2022
성북구,13500,종암동,,20221225,월세,14.0,200,40,1997.0,단독다가구,2022
성북구,13500,종암동,,20221225,월세,35.0,500,44,1996.0,단독다가구,2022
성북구,13900,석관동,,20221226,월세,26.1,1000,40,2018.0,단독다가구,2022
성북구,13800,장위동,5.0,20221226,월세,39.34,531,22,2006.0,아파트,2022
성북구,13800,장위동,5.0,20221226,월세,39.34,1329,20,2006.0,아파트,2022
성북구,13800,장위동,14.0,20221226,월세,49.33,1792,24,2006.0,아파트,2022
성북구,13800,장위동,14.0,20221226,월세,49.33,1092,26,2006.0,아파트,2022
성북구,13300,정릉동,1.0,20221226,월세,59.77,10000,73,2006.0,아파트,2022
성북구,13300,정릉동,1.0,20221226,월세,59.98,25000,70,2005.0,아파트,2022
성북구,11900,동선동4가,,20221226,월세,32.61,1000,70,,단독다가구,2022
성북구,11100,삼선동1가,,20221226,월세,16.5,500,33,1990.0,단독다가구,2022
성북구,11700,동선동2가,,20221226,월세,92.4,500,42,2010.0,단독다가구,2022
성북구,13800,장위동,,20221226,월세,69.91,13000,50,1973.0,단독다가구,2022
성북구,13900,석관동,,20221226,월세,39.01,500,40,1996.0,단독다가구,2022
성북구,11500,삼선동5가,,20221226,월세,47.04,6000,50,,단독다가구,2022
성북구,12500,안암동5가,3.0,20221226,월세,13.94,1000,63,2013.0,연립다세대,2022
성북구,13700,상월곡동,14.0,20221226,월세,59.95,18000,40,2003.0,아파트,2022
성북구,13300,정릉동,4.0,20221226,월세,62.1,5000,45,2007.0,연립다세대,2022
성북구,13400,길음동,20.0,20221226,월세,114.91,3000,150,2003.0,아파트,2022
성북구,11300,삼선동3가,10.0,20221226,월세,36.08,2028,20,2008.0,아파트,2022
성북구,13800,장위동,4.0,20221226,월세,39.9,9387,34,2021.0,아파트,2022
성북구,13300,정릉동,5.0,20221226,월세,14.25,1519,1,2013.0,연립다세대,2022
성북구,13900,석관동,6.0,20221227,월세,28.32,2000,120,2022.0,연립다세대,2022
성북구,11900,동선동4가,12.0,20221227,월세,22.69,13800,3,2011.0,오피스텔,2022
성북구,13400,길음동,29.0,20221227,월세,84.95,52000,80,2019.0,아파트,2022
성북구,13400,길음동,7.0,20221227,월세,59.97,35000,70,2019.0,아파트,2022
성북구,13900,석관동,,20221227,월세,21.0,500,47,2019.0,단독다가구,2022
성북구,12400,안암동4가,,20221227,월세,20.0,5000,15,1996.0,단독다가구,2022
성북구,11900,동선동4가,,20221227,월세,20.0,1000,30,2002.0,단독다가구,2022
성북구,13400,길음동,9.0,20221227,월세,114.73,40000,45,2005.0,아파트,2022
성북구,12500,안암동5가,,20221227,월세,16.5,500,39,2001.0,단독다가구,2022
성북구,13800,장위동,1.0,20221227,월세,56.85,9000,25,2001.0,연립다세대,2022
성북구,13300,정릉동,4.0,20221227,월세,44.01,10000,50,2013.0,연립다세대,2022
성북구,13900,석관동,18.0,20221227,월세,84.9,10000,140,1998.0,아파트,2022
성북구,12300,안암동3가,,20221227,월세,18.0,500,50,2019.0,단독다가구,2022
성북구,13300,정릉동,11.0,20221227,월세,32.76,3078,6,2005.0,아파트,2022
성북구,12700,보문동5가,,20221227,월세,26.0,1000,65,2014.0,단독다가구,2022
성북구,13900,석관동,,20221227,월세,37.5,2000,60,2020.0,단독다가구,2022
성북구,13600,하월곡동,,20221228,월세,17.0,3000,40,2020.0,단독다가구,2022
성북구,13300,정릉동,14.0,20221228,월세,59.98,5000,100,2004.0,아파트,2022
성북구,13300,정릉동,,20221228,월세,15.0,500,35,1977.0,단독다가구,2022
성북구,10200,성북동1가,,20221228,월세,67.88,5000,100,2014.0,단독다가구,2022
성북구,10300,돈암동,6.0,20221228,월세,59.58,5000,64,1998.0,아파트,2022
성북구,13500,종암동,,20221228,월세,45.0,3000,55,1995.0,단독다가구,2022
성북구,13500,종암동,,20221228,월세,45.0,2500,60,1995.0,단독다가구,2022
성북구,10900,동소문동6가,,20221228,월세,18.0,2000,53,1994.0,단독다가구,2022
성북구,13300,정릉동,,20221228,월세,20.0,1000,55,2017.0,단독다가구,2022
성북구,13100,보문동2가,3.0,20221228,월세,15.13,6500,35,2014.0,연립다세대,2022
성북구,11900,동선동4가,6.0,20221228,월세,21.77,1000,68,2011.0,오피스텔,2022
성북구,13700,상월곡동,13.0,20221228,월세,84.97,7000,120,2003.0,아파트,2022
성북구,13400,길음동,7.0,20221228,월세,84.82,10000,200,2010.0,아파트,2022
성북구,13400,길음동,18.0,20221228,월세,84.94,30000,120,2010.0,아파트,2022
성북구,13400,길음동,26.0,20221228,월세,84.94,7000,205,2010.0,아파트,2022
성북구,13300,정릉동,2.0,20221228,월세,50.45,5000,100,1999.0,아파트,2022
성북구,13800,장위동,8.0,20221228,월세,84.48,3000,220,2020.0,아파트,2022
성북구,10900,동소문동6가,13.0,20221228,월세,17.15,1000,83,2012.0,아파트,2022
성북구,10300,돈암동,12.0,20221228,월세,41.58,19950,4,1991.0,아파트,2022
성북구,13500,종암동,2.0,20221228,월세,23.12,100,45,2005.0,연립다세대,2022
성북구,12600,보문동4가,,20221229,월세,51.96,1000,65,1997.0,단독다가구,2022
성북구,13500,종암동,5.0,20221229,월세,56.04,15000,50,2016.0,연립다세대,2022
성북구,11300,삼선동3가,3.0,20221229,월세,45.21,10000,33,2002.0,연립다세대,2022
성북구,13300,정릉동,2.0,20221229,월세,84.97,25000,65,2008.0,아파트,2022
성북구,13500,종암동,10.0,20221229,월세,84.98,30000,95,2009.0,아파트,2022
성북구,11600,동선동1가,,20221229,월세,18.0,3000,45,2017.0,단독다가구,2022
성북구,13400,길음동,13.0,20221229,월세,84.96,20000,125,2010.0,아파트,2022
성북구,13400,길음동,7.0,20221229,월세,30.88,5105,12,2008.0,아파트,2022
성북구,13300,정릉동,2.0,20221229,월세,15.47,500,45,2001.0,연립다세대,2022
성북구,13800,장위동,29.0,20221229,월세,84.48,20000,130,2020.0,아파트,2022
성북구,13600,하월곡동,6.0,20221229,월세,59.98,10500,115,2007.0,아파트,2022
성북구,13800,장위동,4.0,20221229,월세,40.98,2000,35,1991.0,연립다세대,2022
성북구,12100,안암동1가,,20221229,월세,29.7,1000,53,1995.0,단독다가구,2022
성북구,13300,정릉동,2.0,20221229,월세,63.51,200,25,1990.0,연립다세대,2022
성북구,12700,보문동5가,4.0,20221229,월세,37.9,2000,130,2022.0,오피스텔,2022
성북구,11400,삼선동4가,1.0,20221230,월세,29.83,2000,80,2014.0,연립다세대,2022
성북구,13900,석관동,6.0,20221230,월세,43.95,27400,15,2016.0,연립다세대,2022
성북구,13800,장위동,2.0,20221230,월세,29.16,3000,80,2022.0,연립다세대,2022
성북구,13800,장위동,4.0,20221230,월세,29.85,3000,90,2022.0,연립다세대,2022
성북구,10100,성북동,,20221230,월세,53.69,5000,185,2022.0,단독다가구,2022
성북구,13400,길음동,14.0,20221230,월세,59.99,5000,150,2003.0,아파트,2022
성북구,13400,길음동,13.0,20221230,월세,114.73,47000,40,2005.0,아파트,2022
성북구,13300,정릉동,12.0,20221230,월세,50.45,0,50,1999.0,아파트,2022
성북구,13800,장위동,19.0,20221230,월세,59.1,5000,160,2020.0,아파트,2022
성북구,12700,보문동5가,,20221230,월세,33.21,1000,45,1992.0,단독다가구,2022
성북구,12800,보문동6가,18.0,20221230,월세,84.99,10000,45,2017.0,아파트,2022
성북구,10300,돈암동,1.0,20221230,월세,84.39,30000,70,1991.0,아파트,2022
성북구,13300,정릉동,,20221230,월세,15.0,500,35,1977.0,단독다가구,2022
성북구,13500,종암동,2.0,20221230,월세,29.9,10000,75,2022.0,연립다세대,2022
성북구,13800,장위동,10.0,20221231,월세,59.99,20000,83,2020.0,아파트,2022
성북구,13300,정릉동,7.0,20221231,월세,59.37,5000,130,2009.0,아파트,2022
성북구,13300,정릉동,1.0,20221231,월세,84.4,10000,150,2009.0,아파트,2022
성북구,13300,정릉동,,20221231,월세,17.0,500,50,2018.0,단독다가구,2022
성북구,13800,장위동,,20221231,월세,30.0,300,30,1988.0,단독다가구,2022
성북구,11400,삼선동4가,5.0,20221231,월세,15.69,4000,32,2010.0,연립다세대,2022
성북구,10300,돈암동,4.0,20221231,월세,152.25,13000,160,1998.0,아파트,2022
성북구,10300,돈암동,6.0,20221231,월세,112.42,30000,150,2007.0,아파트,2022
성북구,13500,종암동,6.0,20221231,월세,59.99,7000,125,2004.0,아파트,2022
성북구,13500,종암동,6.0,20221231,월세,59.99,5000,125,2004.0,아파트,2022
성북구,13800,장위동,,20221231,월세,50.0,1000,25,1982.0,단독다가구,2022
성북구,12100,안암동1가,,20221231,월세,39.6,1000,80,1994.0,단독다가구,2022
성북구,13300,정릉동,,20221231,월세,63.57,5000,60,1997.0,단독다가구,2022
성북구,13100,보문동2가,4.0,20221221,월세,22.51,10000,20,2002.0,오피스텔,2023
성북구,11500,삼선동5가,7.0,20230116,월세,18.6,5000,48,2014.0,오피스텔,2023
성북구,11500,삼선동5가,9.0,20230116,월세,18.6,5000,48,2014.0,오피스텔,2023
성북구,11500,삼선동5가,7.0,20230128,월세,18.6,5000,48,2014.0,오피스텔,2023
성북구,11500,삼선동5가,10.0,20230311,월세,18.6,10000,23,2014.0,오피스텔,2023
성북구,11400,삼선동4가,14.0,20230324,월세,27.09,3000,90,2014.0,오피스텔,2023
성북구,11100,삼선동1가,,20230220,월세,40.66,1000,42,1993.0,단독다가구,2023
성북구,13100,보문동2가,5.0,20221225,월세,15.84,15000,11,2018.0,연립다세대,2023
성북구,13100,보문동2가,5.0,20221225,월세,16.16,12000,7,2018.0,연립다세대,2023
성북구,11500,삼선동5가,9.0,20230726,월세,21.67,5000,58,2014.0,오피스텔,2023
성북구,11400,삼선동4가,8.0,20230726,월세,28.11,3000,86,2014.0,오피스텔,2023
성북구,11400,삼선동4가,6.0,20230804,월세,28.11,4000,81,2014.0,오피스텔,2023
성북구,11400,삼선동4가,14.0,20230723,월세,28.11,10000,58,2014.0,오피스텔,2023
성북구,13900,석관동,,20230406,월세,85.0,22000,33,1977.0,단독다가구,2023
성북구,13500,종암동,3.0,20230113,월세,37.74,4000,40,2013.0,연립다세대,2023
성북구,12100,안암동1가,,20230321,월세,21.0,300,37,1994.0,단독다가구,2023
성북구,11400,삼선동4가,4.0,20230510,월세,65.58,2000,80,2014.0,연립다세대,2023
성북구,13800,장위동,,20230313,월세,47.76,2000,50,,단독다가구,2023
성북구,12700,보문동5가,5.0,20230102,월세,20.0,2347,5,2017.0,연립다세대,2023
성북구,13400,길음동,1.0,20230406,월세,142.35,1000,50,1979.0,연립다세대,2023
성북구,12500,안암동5가,2.0,20230128,월세,20.45,1000,63,2012.0,연립다세대,2023
성북구,11100,삼선동1가,,20230809,월세,84.42,1000,55,1992.0,단독다가구,2023
성북구,13500,종암동,3.0,20230729,월세,41.02,10000,50,2015.0,연립다세대,2023
성북구,12000,동선동5가,1.0,20230612,월세,22.73,1000,47,2002.0,연립다세대,2023
성북구,12900,보문동7가,5.0,20230311,월세,84.96,5000,100,2004.0,연립다세대,2023
성북구,13400,길음동,10.0,20230515,월세,84.94,10000,180,2010.0,아파트,2023
성북구,10300,돈암동,,20221126,월세,52.28,500,60,,단독다가구,2023
성북구,13300,정릉동,1.0,20221228,월세,12.71,500,40,2013.0,연립다세대,2023
성북구,13300,정릉동,8.0,20230515,월세,59.59,2280,100,1999.0,아파트,2023
성북구,11000,동소문동7가,4.0,20230522,월세,13.59,1000,50,2011.0,연립다세대,2023
성북구,13300,정릉동,4.0,20230101,월세,14.32,500,45,2013.0,연립다세대,2023
성북구,11000,동소문동7가,3.0,20230708,월세,59.89,5000,50,2018.0,연립다세대,2023
성북구,13500,종암동,,20230213,월세,45.53,2000,30,1993.0,단독다가구,2023
성북구,13500,종암동,2.0,20221228,월세,19.06,1000,55,1997.0,연립다세대,2023
성북구,13100,보문동2가,2.0,20230228,월세,19.92,1000,55,2011.0,연립다세대,2023
성북구,11700,동선동2가,1.0,20230311,월세,12.26,2000,42,2011.0,연립다세대,2023
성북구,13300,정릉동,2.0,20221212,월세,102.96,5000,100,1989.0,연립다세대,2023
성북구,10200,성북동1가,1.0,20231026,월세,45.63,9000,35,1997.0,연립다세대,2023
성북구,13800,장위동,1.0,20230128,월세,59.22,7500,12,1986.0,연립다세대,2023
성북구,12700,보문동5가,2.0,20230211,월세,64.57,6000,80,2004.0,연립다세대,2023
성북구,13300,정릉동,2.0,20230211,월세,15.22,500,43,2013.0,연립다세대,2023
성북구,13500,종암동,2.0,20231011,월세,41.02,12000,27,2015.0,연립다세대,2023
성북구,13300,정릉동,1.0,20230130,월세,15.22,500,40,2013.0,연립다세대,2023
성북구,13900,석관동,,20230130,월세,53.46,4000,50,1990.0,단독다가구,2023
성북구,12000,동선동5가,3.0,20230406,월세,49.89,5000,25,2002.0,연립다세대,2023
성북구,13800,장위동,17.0,20230515,월세,40.24,10150,26,2017.0,아파트,2023
성북구,13300,정릉동,,20230321,월세,23.6,5000,20,2017.0,단독다가구,2023
성북구,11500,삼선동5가,1.0,20231014,월세,35.07,1000,50,1986.0,연립다세대,2023
성북구,11400,삼선동4가,4.0,20230125,월세,18.25,1000,50,2008.0,연립다세대,2023
성북구,12500,안암동5가,,20221213,월세,23.0,500,49,1998.0,단독다가구,2023
성북구,13300,정릉동,,20230213,월세,49.0,500,28,1981.0,단독다가구,2023
성북구,11100,삼선동1가,,20230213,월세,49.6,1000,65,1988.0,단독다가구,2023
성북구,11700,동선동2가,2.0,20230501,월세,12.4,2500,47,2011.0,연립다세대,2023
성북구,13300,정릉동,2.0,20230106,월세,58.34,3700,73,2018.0,연립다세대,2023
성북구,12700,보문동5가,,20230426,월세,57.57,4000,60,1996.0,단독다가구,2023
성북구,13500,종암동,,20230321,월세,24.44,500,40,2005.0,단독다가구,2023
성북구,11100,삼선동1가,,20230313,월세,53.89,8000,40,1996.0,단독다가구,2023
성북구,11000,동소문동7가,4.0,20231122,월세,13.59,1000,45,2011.0,연립다세대,2023
성북구,12700,보문동5가,,20230606,월세,21.0,3500,3,1993.0,단독다가구,2023
성북구,13900,석관동,6.0,20230316,월세,26.23,2000,120,2022.0,연립다세대,2023
성북구,10900,동소문동6가,4.0,20230225,월세,23.32,3000,13,2002.0,연립다세대,2023
성북구,13100,보문동2가,3.0,20230119,월세,22.45,6000,105,2017.0,연립다세대,2023
성북구,12800,보문동6가,,20230426,월세,60.0,300,35,1993.0,단독다가구,2023
성북구,11100,삼선동1가,,20230321,월세,26.0,500,35,1994.0,단독다가구,2023
성북구,13300,정릉동,,20221226,월세,15.0,1000,50,2017.0,단독다가구,2023
성북구,11700,동선동2가,3.0,20230606,월세,12.66,2500,43,2011.0,연립다세대,2023
성북구,11300,삼선동3가,2.0,20221223,월세,66.21,3000,120,2010.0,연립다세대,2023
성북구,10100,성북동,2.0,20230623,월세,29.74,500,60,2021.0,연립다세대,2023
성북구,11700,동선동2가,,20221226,월세,15.0,500,42,2010.0,단독다가구,2023
성북구,13100,보문동2가,4.0,20230208,월세,15.57,5000,45,2014.0,연립다세대,2023
성북구,10100,성북동,4.0,20230825,월세,58.55,13000,55,1998.0,연립다세대,2023
성북구,13300,정릉동,1.0,20230128,월세,31.95,500,60,1992.0,연립다세대,2023
성북구,11800,동선동3가,,20230321,월세,27.0,400,50,2000.0,단독다가구,2023
성북구,10700,동소문동4가,2.0,20231011,월세,18.36,1000,73,2019.0,오피스텔,2023
성북구,12000,동선동5가,2.0,20230807,월세,28.33,2000,80,2012.0,연립다세대,2023
성북구,13100,보문동2가,4.0,20230311,월세,17.09,3000,57,2014.0,연립다세대,2023
성북구,11400,삼선동4가,2.0,20230130,월세,18.43,1000,52,2017.0,연립다세대,2023
성북구,13800,장위동,,20230313,월세,65.75,12000,20,1991.0,단독다가구,2023
성북구,13300,정릉동,4.0,20230326,월세,20.41,1000,36,2020.0,연립다세대,2023
성북구,13800,장위동,2.0,20230609,월세,40.06,500,45,1996.0,연립다세대,2023
성북구,12700,보문동5가,,20230919,월세,52.8,1000,70,1994.0,단독다가구,2023
성북구,13600,하월곡동,,20230327,월세,39.0,1000,50,1992.0,단독다가구,2023
성북구,13500,종암동,,20230313,월세,67.5,2500,85,1997.0,단독다가구,2023
성북구,13900,석관동,,20230313,월세,69.22,3000,65,2000.0,단독다가구,2023
성북구,13800,장위동,,20230130,월세,50.0,1000,38,1973.0,단독다가구,2023
성북구,13800,장위동,1.0,20230620,월세,54.05,3000,65,1992.0,연립다세대,2023
성북구,13500,종암동,,20230520,월세,66.0,3500,80,1993.0,단독다가구,2023
성북구,11100,삼선동1가,1.0,20230119,월세,49.29,500,43,2011.0,연립다세대,2023
성북구,12100,안암동1가,2.0,20230128,월세,19.62,1000,50,2019.0,연립다세대,2023
성북구,12300,안암동3가,1.0,20231014,월세,58.5,15000,50,2001.0,연립다세대,2023
성북구,10700,동소문동4가,3.0,20231202,월세,18.36,5000,55,2019.0,오피스텔,2023
성북구,13900,석관동,,20230130,월세,51.87,5000,75,2016.0,단독다가구,2023
성북구,11500,삼선동5가,5.0,20230729,월세,50.0,4000,110,2012.0,연립다세대,2023
성북구,13500,종암동,3.0,20230303,월세,26.76,3000,90,2015.0,연립다세대,2023
성북구,13300,정릉동,,20230213,월세,71.46,7000,70,1967.0,단독다가구,2023
성북구,12000,동선동5가,,20230213,월세,71.53,17000,50,1997.0,단독다가구,2023
성북구,13800,장위동,-1.0,20231103,월세,41.28,4000,15,1994.0,연립다세대,2023
성북구,11300,삼선동3가,4.0,20230219,월세,21.07,500,40,2003.0,연립다세대,2023
성북구,12800,보문동6가,,20231201,월세,40.8,14000,22,1997.0,단독다가구,2023
성북구,13700,상월곡동,,20230708,월세,132.0,500,60,2012.0,단독다가구,2023
성북구,11500,삼선동5가,7.0,20230206,월세,18.6,5000,48,2014.0,오피스텔,2023
성북구,13300,정릉동,1.0,20230424,월세,55.68,1000,82,1989.0,연립다세대,2023
성북구,11400,삼선동4가,13.0,20230515,월세,28.11,10000,58,2014.0,오피스텔,2023
성북구,13300,정릉동,4.0,20230717,월세,59.21,5000,60,2009.0,연립다세대,2023
성북구,13800,장위동,,20230213,월세,83.67,5000,60,1988.0,단독다가구,2023
성북구,13800,장위동,-1.0,20230424,월세,41.1,3000,25,1989.0,연립다세대,2023
성북구,13800,장위동,-1.0,20230424,월세,41.1,1000,35,1989.0,연립다세대,2023
성북구,13900,석관동,,20230527,월세,70.43,5000,50,2002.0,단독다가구,2023
성북구,11800,동선동3가,3.0,20231108,월세,17.57,1000,50,2012.0,연립다세대,2023
성북구,12000,동선동5가,,20230621,월세,29.6,2000,60,1995.0,단독다가구,2023
성북구,11000,동소문동7가,3.0,20230613,월세,29.7,5000,55,2017.0,연립다세대,2023
성북구,13500,종암동,2.0,20230901,월세,30.22,1000,65,2015.0,연립다세대,2023
성북구,11500,삼선동5가,,20230321,월세,31.0,1000,70,1994.0,단독다가구,2023
성북구,13500,종암동,3.0,20230901,월세,30.22,1000,63,2015.0,연립다세대,2023
성북구,11500,삼선동5가,13.0,20221210,월세,35.88,1000,75,2003.0,오피스텔,2023
성북구,10400,동소문동1가,,20230117,월세,23.14,1000,65,,단독다가구,2023
성북구,11000,동소문동7가,2.0,20230918,월세,29.4,3400,63,2017.0,연립다세대,2023
성북구,13800,장위동,-1.0,20230823,월세,41.49,1000,30,1987.0,연립다세대,2023
성북구,10900,동소문동6가,,20230208,월세,33.0,2000,80,1996.0,단독다가구,2023
성북구,13300,정릉동,2.0,20230131,월세,13.5,500,43,2013.0,연립다세대,2023
성북구,11300,삼선동3가,,20230529,월세,41.5,4000,45,1996.0,단독다가구,2023
성북구,13100,보문동2가,2.0,20230105,월세,19.92,2000,37,2011.0,연립다세대,2023
성북구,13800,장위동,4.0,20230228,월세,77.52,3000,41,2019.0,연립다세대,2023
성북구,13800,장위동,4.0,20230228,월세,77.52,2919,41,2019.0,연립다세대,2023
성북구,11800,동선동3가,,20221231,월세,39.0,3000,60,1996.0,단독다가구,2023
성북구,11000,동소문동7가,2.0,20230918,월세,19.88,1000,33,2013.0,연립다세대,2023
성북구,11400,삼선동4가,4.0,20230131,월세,21.11,1000,60,2008.0,연립다세대,2023
성북구,13900,석관동,4.0,20230131,월세,28.32,3000,110,2022.0,연립다세대,2023
성북구,11500,삼선동5가,,20230527,월세,85.0,31000,10,1997.0,단독다가구,2023
성북구,13300,정릉동,4.0,20230105,월세,18.06,500,50,2013.0,연립다세대,2023
성북구,13100,보문동2가,7.0,20230901,월세,16.16,11000,23,2018.0,연립다세대,2023
성북구,13500,종암동,3.0,20230818,월세,35.08,1000,60,2002.0,연립다세대,2023
성북구,13500,종암동,,20231110,월세,45.0,3000,60,1994.0,단독다가구,2023
성북구,13900,석관동,,20230130,월세,54.6,6450,45,1993.0,단독다가구,2023
성북구,13300,정릉동,3.0,20230202,월세,54.56,5000,90,2019.0,연립다세대,2023
성북구,12500,안암동5가,3.0,20230529,월세,22.89,1000,68,2012.0,연립다세대,2023
성북구,13900,석관동,,20231107,월세,56.73,13000,25,1969.0,단독다가구,2023
성북구,12500,안암동5가,4.0,20230601,월세,19.89,1000,65,2012.0,연립다세대,2023
성북구,11700,동선동2가,2.0,20231220,월세,25.62,2000,85,2012.0,연립다세대,2023
성북구,11400,삼선동4가,2.0,20230708,월세,35.25,3000,70,2002.0,연립다세대,2023
성북구,13800,장위동,6.0,20230329,월세,26.99,1500,54,2020.0,아파트,2023
성북구,13700,상월곡동,3.0,20230422,월세,52.1,10000,40,2012.0,연립다세대,2023
성북구,11200,삼선동2가,3.0,20230320,월세,27.08,3700,73,2018.0,연립다세대,2023
성북구,13400,길음동,3.0,20230105,월세,14.31,500,51,2012.0,연립다세대,2023
성북구,13900,석관동,1.0,20230812,월세,34.34,500,55,1994.0,연립다세대,2023
성북구,11800,동선동3가,,20231005,월세,33.0,500,50,1990.0,단독다가구,2023
성북구,11500,삼선동5가,,20231005,월세,33.0,1500,68,1989.0,단독다가구,2023
성북구,11800,동선동3가,,20230117,월세,24.0,1000,35,1996.0,단독다가구,2023
성북구,10700,동소문동4가,2.0,20231031,월세,52.06,12000,50,2002.0,연립다세대,2023
성북구,13900,석관동,4.0,20230214,월세,27.47,3000,110,2022.0,연립다세대,2023
성북구,12500,안암동5가,,20230130,월세,63.75,3000,100,1993.0,단독다가구,2023
성북구,13300,정릉동,2.0,20230821,월세,38.27,2000,75,2008.0,연립다세대,2023
성북구,13300,정릉동,3.0,20230105,월세,80.11,500,55,2002.0,연립다세대,2023
성북구,11400,삼선동4가,6.0,20230818,월세,22.22,2000,94,2014.0,연립다세대,2023
성북구,13000,보문동1가,4.0,20230430,월세,32.84,1500,100,2013.0,연립다세대,2023
성북구,13800,장위동,,20230720,월세,62.5,1000,40,1986.0,단독다가구,2023
성북구,10100,성북동,1.0,20231122,월세,59.56,3000,85,1966.0,연립다세대,2023
성북구,12500,안암동5가,,20221213,월세,31.39,12000,10,1993.0,단독다가구,2023
성북구,13300,정릉동,,20230130,월세,78.81,1000,70,1966.0,단독다가구,2023
성북구,11700,동선동2가,1.0,20230522,월세,30.33,1000,60,2005.0,연립다세대,2023
성북구,13800,장위동,,20230130,월세,93.05,10000,70,1974.0,단독다가구,2023
성북구,13400,길음동,10.0,20221221,월세,84.64,20000,130,2005.0,아파트,2023
성북구,13500,종암동,,20230717,월세,40.0,2000,133,2018.0,단독다가구,2023
성북구,13100,보문동2가,4.0,20230317,월세,22.45,3000,105,2017.0,연립다세대,2023
성북구,10300,돈암동,6.0,20221210,월세,84.59,35000,25,1999.0,아파트,2023
성북구,13800,장위동,1.0,20231014,월세,75.7,1500,75,1979.0,연립다세대,2023
성북구,13900,석관동,8.0,20230108,월세,26.44,3000,110,2021.0,연립다세대,2023
성북구,10900,동소문동6가,,20230321,월세,31.93,1000,30,1993.0,단독다가구,2023
성북구,11600,동선동1가,7.0,20230829,월세,16.18,5000,60,2014.0,연립다세대,2023
성북구,13800,장위동,5.0,20221221,월세,47.43,3515,8,2016.0,연립다세대,2023
성북구,13800,장위동,5.0,20221225,월세,84.84,19000,100,2008.0,아파트,2023
성북구,13800,장위동,4.0,20230901,월세,26.33,20000,5,2018.0,연립다세대,2023
성북구,13400,길음동,5.0,20221228,월세,84.92,20000,160,2010.0,아파트,2023
성북구,13400,길음동,1.0,20221228,월세,59.98,40000,10,2010.0,아파트,2023
성북구,12200,안암동2가,5.0,20230520,월세,25.2,1000,50,2002.0,오피스텔,2023
성북구,11800,동선동3가,6.0,20230203,월세,52.92,3000,48,2003.0,오피스텔,2023
성북구,12200,안암동2가,2.0,20230520,월세,25.2,1000,50,2002.0,오피스텔,2023
성북구,13400,길음동,15.0,20221122,월세,59.87,20000,150,2022.0,아파트,2023
성북구,13500,종암동,4.0,20230116,월세,21.5,1000,60,2013.0,연립다세대,2023
성북구,13900,석관동,,20221213,월세,45.0,1000,35,2002.0,단독다가구,2023
성북구,11600,동선동1가,,20230104,월세,18.0,2000,50,2017.0,단독다가구,2023
성북구,13600,하월곡동,,20230104,월세,18.0,700,30,1991.0,단독다가구,2023
성북구,13300,정릉동,2.0,20230804,월세,67.98,500,50,2012.0,연립다세대,2023
성북구,13100,보문동2가,4.0,20230406,월세,23.15,12000,65,2017.0,연립다세대,2023
성북구,13400,길음동,9.0,20230102,월세,84.95,30000,120,2010.0,아파트,2023
성북구,13400,길음동,22.0,20230102,월세,114.91,77000,50,2010.0,아파트,2023
성북구,11400,삼선동4가,13.0,20230523,월세,27.6,14000,30,2014.0,오피스텔,2023
성북구,13100,보문동2가,3.0,20230512,월세,13.11,4000,43,2014.0,연립다세대,2023
성북구,13400,길음동,12.0,20221207,월세,59.97,5000,105,2019.0,아파트,2023
성북구,13400,길음동,12.0,20221130,월세,84.93,10000,100,2019.0,아파트,2023
성북구,11400,삼선동4가,7.0,20230727,월세,29.8,10000,45,2014.0,오피스텔,2023
성북구,11400,삼선동4가,13.0,20231006,월세,27.09,14000,31,2014.0,오피스텔,2023
성북구,12700,보문동5가,4.0,20230904,월세,33.68,1000,65,2004.0,연립다세대,2023
성북구,13900,석관동,,20230412,월세,47.0,1000,50,2000.0,단독다가구,2023
성북구,13500,종암동,4.0,20231120,월세,15.8,6000,59,2015.0,연립다세대,2023
성북구,11800,동선동3가,,20230611,월세,114.42,10000,100,1996.0,단독다가구,2023
성북구,10700,동소문동4가,5.0,20230403,월세,18.36,2000,65,2019.0,오피스텔,2023
성북구,13400,길음동,10.0,20230108,월세,59.75,21000,90,2006.0,아파트,2023
성북구,10200,성북동1가,1.0,20230526,월세,43.95,15750,3,2003.0,연립다세대,2023
성북구,10200,성북동1가,3.0,20230526,월세,75.41,27300,6,2003.0,연립다세대,2023
성북구,13100,보문동2가,3.0,20230220,월세,19.92,1000,53,2011.0,연립다세대,2023
성북구,13500,종암동,2.0,20230128,월세,17.2,1000,60,2013.0,연립다세대,2023
성북구,13400,길음동,3.0,20230111,월세,30.15,548,15,2005.0,아파트,2023
성북구,11200,삼선동2가,2.0,20230220,월세,24.08,1000,63,2018.0,연립다세대,2023
성북구,13600,하월곡동,1.0,20230120,월세,12.96,1000,40,2012.0,연립다세대,2023
성북구,13800,장위동,5.0,20230220,월세,23.4,1000,65,2022.0,연립다세대,2023
성북구,12400,안암동4가,4.0,20230131,월세,12.68,1000,42,2011.0,연립다세대,2023
성북구,13400,길음동,16.0,20230113,월세,84.96,20000,105,2006.0,아파트,2023
성북구,13400,길음동,1.0,20230111,월세,84.64,10000,170,2005.0,아파트,2023
성북구,10900,동소문동6가,3.0,20230116,월세,25.86,7000,67,2014.0,연립다세대,2023
성북구,10100,성북동,1.0,20231127,월세,70.28,13500,27,2003.0,연립다세대,2023
성북구,11500,삼선동5가,2.0,20230403,월세,74.07,3000,140,2004.0,연립다세대,2023
성북구,13600,하월곡동,,20230105,월세,13.32,300,25,2004.0,단독다가구,2023
성북구,13400,길음동,13.0,20230113,월세,60.0,10000,100,2003.0,아파트,2023
성북구,13400,길음동,10.0,20230113,월세,59.98,10000,100,2000.0,아파트,2023
성북구,13600,하월곡동,5.0,20230111,월세,84.91,30000,37,2011.0,아파트,2023
성북구,12000,동선동5가,3.0,20230624,월세,39.72,1000,53,2002.0,연립다세대,2023
성북구,11800,동선동3가,,20221224,월세,36.3,2000,65,1997.0,단독다가구,2023
성북구,13900,석관동,5.0,20230102,월세,36.44,2000,72,2013.0,연립다세대,2023
성북구,12500,안암동5가,4.0,20230630,월세,23.72,1000,72,2018.0,오피스텔,2023
성북구,12500,안암동5가,4.0,20230712,월세,14.47,3000,60,2012.0,연립다세대,2023
성북구,13300,정릉동,4.0,20221230,월세,65.27,10000,70,2004.0,연립다세대,2023
성북구,13100,보문동2가,3.0,20230328,월세,70.4,10000,60,1940.0,연립다세대,2023
성북구,13900,석관동,9.0,20230211,월세,26.44,3000,110,2021.0,연립다세대,2023
성북구,11700,동선동2가,6.0,20230910,월세,40.6,4000,40,2002.0,연립다세대,2023
성북구,12100,안암동1가,2.0,20230217,월세,18.56,1000,62,2017.0,연립다세대,2023
성북구,13400,길음동,3.0,20230116,월세,84.64,30000,95,2005.0,아파트,2023
성북구,13400,길음동,,20231114,월세,19.0,1000,45,2019.0,단독다가구,2023
성북구,13800,장위동,2.0,20231220,월세,29.89,1000,95,2022.0,연립다세대,2023
성북구,13900,석관동,4.0,20231014,월세,27.07,5000,50,2019.0,연립다세대,2023
성북구,13800,장위동,-1.0,20230328,월세,54.87,1000,60,1988.0,연립다세대,2023
성북구,11400,삼선동4가,9.0,20231018,월세,27.6,14000,31,2014.0,오피스텔,2023
성북구,13800,장위동,,20230318,월세,57.4,1000,60,1997.0,단독다가구,2023
성북구,13300,정릉동,5.0,20230119,월세,45.77,20000,40,1999.0,아파트,2023
성북구,13500,종암동,7.0,20230128,월세,59.67,5000,100,2000.0,아파트,2023
성북구,10300,돈암동,19.0,20221228,월세,84.82,5000,145,2006.0,아파트,2023
성북구,13300,정릉동,2.0,20231208,월세,30.58,11200,25,2006.0,연립다세대,2023
성북구,13900,석관동,4.0,20230325,월세,27.07,5000,50,2019.0,연립다세대,2023
성북구,13800,장위동,1.0,20230119,월세,84.47,43000,50,2022.0,아파트,2023
성북구,13500,종암동,3.0,20230313,월세,92.28,5000,125,2002.0,연립다세대,2023
성북구,10300,돈암동,2.0,20230211,월세,79.9,2000,80,1981.0,아파트,2023
성북구,13100,보문동2가,2.0,20230307,월세,22.45,3000,100,2017.0,연립다세대,2023
성북구,13500,종암동,17.0,20230211,월세,84.96,21000,72,2000.0,아파트,2023
성북구,13500,종암동,17.0,20230211,월세,84.96,20000,75,2000.0,아파트,2023
성북구,13500,종암동,17.0,20230211,월세,84.96,21000,75,2000.0,아파트,2023
성북구,10100,성북동,2.0,20230624,월세,59.96,20000,55,2019.0,연립다세대,2023
성북구,13900,석관동,19.0,20221228,월세,59.97,5000,120,1998.0,아파트,2023
성북구,13400,길음동,13.0,20230128,월세,114.73,46000,40,2005.0,아파트,2023
성북구,10300,돈암동,14.0,20230102,월세,84.39,31000,15,1991.0,아파트,2023
성북구,13400,길음동,8.0,20230128,월세,84.64,5000,160,2005.0,아파트,2023
성북구,13400,길음동,12.0,20230125,월세,84.82,10000,220,2010.0,아파트,2023
성북구,13400,길음동,1.0,20230128,월세,59.37,30000,50,2007.0,아파트,2023
성북구,10300,돈암동,3.0,20230325,월세,27.65,18700,15,2016.0,연립다세대,2023
성북구,13000,보문동1가,,20221231,월세,40.0,2000,63,2021.0,단독다가구,2023
성북구,11700,동선동2가,2.0,20230119,월세,25.31,1000,55,2000.0,연립다세대,2023
성북구,11700,동선동2가,,20230214,월세,33.0,1000,80,1995.0,단독다가구,2023
성북구,13400,길음동,,20230214,월세,33.0,1000,20,1987.0,단독다가구,2023
성북구,13800,장위동,6.0,20230128,월세,59.49,10000,160,2022.0,아파트,2023
성북구,13500,종암동,,20230131,월세,33.0,500,50,1994.0,단독다가구,2023
성북구,13800,장위동,5.0,20230621,월세,34.33,11000,46,2020.0,연립다세대,2023
성북구,13400,길음동,6.0,20230211,월세,59.99,24000,20,2003.0,아파트,2023
성북구,13400,길음동,4.0,20230211,월세,84.97,7700,112,2005.0,아파트,2023
성북구,13800,장위동,2.0,20230817,월세,52.73,1000,70,1976.0,연립다세대,2023
성북구,13800,장위동,6.0,20230603,월세,33.04,1500,71,2020.0,아파트,2023
성북구,13400,길음동,14.0,20230211,월세,59.37,10000,140,2007.0,아파트,2023
성북구,13200,보문동3가,2.0,20230310,월세,32.76,15000,15,1997.0,연립다세대,2023
성북구,13400,길음동,5.0,20230211,월세,59.9,3150,144,2010.0,아파트,2023
성북구,13400,길음동,8.0,20230211,월세,84.94,20000,145,2010.0,아파트,2023
성북구,13900,석관동,5.0,20230105,월세,38.0,1500,125,2021.0,오피스텔,2023
성북구,13800,장위동,,20230217,월세,112.5,20000,60,1983.0,단독다가구,2023
성북구,13400,길음동,4.0,20221228,월세,59.9,20000,41,2019.0,아파트,2023
성북구,12000,동선동5가,2.0,20230902,월세,70.46,12000,65,2009.0,연립다세대,2023
성북구,10100,성북동,2.0,20230908,월세,29.15,1000,70,2021.0,연립다세대,2023
성북구,12200,안암동2가,4.0,20230125,월세,12.15,7000,15,2013.0,연립다세대,2023
성북구,13800,장위동,19.0,20230211,월세,59.1,5000,160,2022.0,아파트,2023
성북구,13800,장위동,2.0,20230211,월세,35.57,1500,130,2022.0,연립다세대,2023
성북구,13800,장위동,2.0,20230102,월세,50.32,3000,100,2020.0,연립다세대,2023
성북구,13800,장위동,2.0,20230102,월세,50.32,5000,100,2020.0,연립다세대,2023
성북구,10100,성북동,1.0,20230923,월세,55.95,13000,10,1971.0,연립다세대,2023
성북구,11900,동선동4가,,20230627,월세,32.45,500,35,1996.0,단독다가구,2023
성북구,13900,석관동,,20230715,월세,86.53,7000,90,2002.0,단독다가구,2023
성북구,10100,성북동,1.0,20230923,월세,29.15,1000,60,2021.0,연립다세대,2023
성북구,10300,돈암동,18.0,20230113,월세,59.4,10000,100,1999.0,아파트,2023
성북구,10300,돈암동,3.0,20230113,월세,84.59,21000,80,1999.0,아파트,2023
성북구,12800,보문동6가,2.0,20231101,월세,53.81,3000,60,1997.0,연립다세대,2023
성북구,13900,석관동,3.0,20230102,월세,12.95,500,45,2013.0,연립다세대,2023
성북구,13300,정릉동,,20230321,월세,33.06,1000,40,1940.0,단독다가구,2023
성북구,13300,정릉동,3.0,20230724,월세,26.59,1136,15,2016.0,연립다세대,2023
성북구,13300,정릉동,3.0,20230724,월세,26.59,2726,6,2016.0,연립다세대,2023
성북구,11500,삼선동5가,,20231008,월세,94.4,5000,80,1989.0,단독다가구,2023
성북구,13800,장위동,4.0,20230830,월세,34.33,10000,55,2020.0,연립다세대,2023
성북구,13900,석관동,3.0,20230920,월세,36.54,2919,38,2021.0,연립다세대,2023
성북구,12800,보문동6가,6.0,20221212,월세,59.81,10000,150,2017.0,아파트,2023
성북구,13900,석관동,-1.0,20230802,월세,20.34,500,20,1994.0,연립다세대,2023
성북구,11500,삼선동5가,6.0,20231202,월세,18.6,4000,58,2014.0,오피스텔,2023
성북구,11500,삼선동5가,8.0,20231202,월세,21.67,5000,63,2014.0,오피스텔,2023
성북구,11400,삼선동4가,4.0,20230703,월세,13.49,1000,45,2008.0,연립다세대,2023
성북구,11100,삼선동1가,,20230117,월세,26.31,8000,65,1997.0,단독다가구,2023
성북구,13600,하월곡동,7.0,20221230,월세,21.67,3000,85,2019.0,연립다세대,2023
성북구,11200,삼선동2가,5.0,20230914,월세,19.54,1000,51,2018.0,연립다세대,2023
성북구,13900,석관동,,20230516,월세,36.7,1000,50,1992.0,단독다가구,2023
성북구,11200,삼선동2가,3.0,20231006,월세,27.08,2000,80,2018.0,연립다세대,2023
성북구,10900,동소문동6가,3.0,20230116,월세,30.3,1000,75,2003.0,오피스텔,2023
성북구,13800,장위동,15.0,20230812,월세,29.24,1500,92,2020.0,아파트,2023
성북구,13800,장위동,,20230208,월세,35.5,0,30,1989.0,단독다가구,2023
성북구,10100,성북동,,20231114,월세,20.0,500,35,1966.0,단독다가구,2023
성북구,10900,동소문동6가,2.0,20230706,월세,26.11,1000,33,2002.0,연립다세대,2023
성북구,10300,돈암동,,20230503,월세,31.0,2000,40,1996.0,단독다가구,2023
성북구,12700,보문동5가,,20231016,월세,43.65,1000,60,1993.0,단독다가구,2023
성북구,13400,길음동,4.0,20230630,월세,15.04,500,36,2012.0,연립다세대,2023
성북구,11700,동선동2가,2.0,20230322,월세,31.53,2000,60,2000.0,연립다세대,2023
성북구,13800,장위동,16.0,20230105,월세,76.15,50000,50,2022.0,아파트,2023
성북구,13400,길음동,10.0,20230102,월세,38.02,2533,15,2022.0,아파트,2023
성북구,13800,장위동,5.0,20231205,월세,40.32,2000,70,2020.0,연립다세대,2023
성북구,13800,장위동,3.0,20231004,월세,54.83,1776,23,2018.0,연립다세대,2023
성북구,13800,장위동,2.0,20230911,월세,71.92,4000,60,2002.0,연립다세대,2023
성북구,10900,동소문동6가,2.0,20231023,월세,26.11,2000,28,2002.0,연립다세대,2023
성북구,13300,정릉동,,20221215,월세,17.0,1000,50,2022.0,단독다가구,2023
성북구,10700,동소문동4가,,20230701,월세,46.0,10000,35,2001.0,단독다가구,2023
성북구,13600,하월곡동,11.0,20230111,월세,59.75,10000,120,2006.0,아파트,2023
성북구,13100,보문동2가,,20231122,월세,42.9,1000,75,1949.0,단독다가구,2023
성북구,13300,정릉동,3.0,20230718,월세,25.37,3000,39,2020.0,연립다세대,2023
성북구,13300,정릉동,3.0,20230718,월세,25.37,500,50,2020.0,연립다세대,2023
성북구,13800,장위동,18.0,20230113,월세,46.35,5243,8,2020.0,아파트,2023
성북구,13800,장위동,18.0,20230113,월세,46.35,3112,20,2020.0,아파트,2023
성북구,11500,삼선동5가,8.0,20230221,월세,31.97,10000,60,2014.0,오피스텔,2023
성북구,11400,삼선동4가,13.0,20230224,월세,27.09,8000,50,2014.0,오피스텔,2023
성북구,10300,돈암동,11.0,20230128,월세,41.58,1000,85,1991.0,아파트,2023
성북구,13500,종암동,4.0,20230221,월세,28.29,1000,62,2015.0,연립다세대,2023
성북구,11500,삼선동5가,3.0,20230113,월세,26.88,500,50,2001.0,연립다세대,2023
성북구,11900,동선동4가,,20230301,월세,43.0,1000,50,1997.0,단독다가구,2023
성북구,10100,성북동,2.0,20230914,월세,43.86,20000,20,2008.0,연립다세대,2023
성북구,13200,보문동3가,3.0,20230818,월세,29.46,11000,30,1997.0,연립다세대,2023
성북구,11400,삼선동4가,12.0,20230405,월세,29.8,18000,10,2014.0,오피스텔,2023
성북구,13500,종암동,18.0,20230131,월세,59.67,5000,100,2000.0,아파트,2023
성북구,13700,상월곡동,19.0,20230128,월세,59.95,27000,30,2003.0,아파트,2023
성북구,13400,길음동,6.0,20230113,월세,84.93,20000,110,2019.0,아파트,2023
성북구,12500,안암동5가,,20230104,월세,21.0,500,50,1994.0,단독다가구,2023
성북구,13400,길음동,1.0,20230113,월세,43.63,3120,16,2022.0,아파트,2023
성북구,13300,정릉동,1.0,20230801,월세,14.76,1000,40,2012.0,연립다세대,2023
성북구,13400,길음동,9.0,20230111,월세,43.63,3120,16,2022.0,아파트,2023
성북구,13400,길음동,3.0,20230111,월세,43.63,3120,16,2022.0,아파트,2023
성북구,12000,동선동5가,2.0,20230218,월세,49.89,4500,30,2002.0,연립다세대,2023
성북구,13500,종암동,22.0,20230116,월세,84.99,10000,180,2011.0,아파트,2023
성북구,11700,동선동2가,4.0,20230221,월세,12.26,2500,48,2011.0,연립다세대,2023
성북구,13900,석관동,10.0,20230128,월세,59.97,30000,20,1998.0,아파트,2023
성북구,10700,동소문동4가,2.0,20230227,월세,52.06,9000,49,2002.0,연립다세대,2023
성북구,11800,동선동3가,,20230422,월세,12.71,1000,60,,단독다가구,2023
성북구,13600,하월곡동,15.0,20221223,월세,15.62,1000,55,2013.0,아파트,2023
성북구,11500,삼선동5가,,20231005,월세,34.17,1000,60,1993.0,단독다가구,2023
성북구,13500,종암동,11.0,20230116,월세,59.97,14000,110,2009.0,아파트,2023
성북구,10700,동소문동4가,,20230410,월세,98.41,20000,40,2001.0,단독다가구,2023
성북구,13400,길음동,12.0,20230203,월세,32.36,5252,9,2010.0,아파트,2023
성북구,13500,종암동,4.0,20230925,월세,94.72,1000,90,1997.0,연립다세대,2023
성북구,13600,하월곡동,1.0,20230116,월세,84.59,10500,105,2006.0,아파트,2023
성북구,13300,정릉동,2.0,20230624,월세,50.56,2000,135,2023.0,연립다세대,2023
성북구,13400,길음동,5.0,20230131,월세,59.99,30000,50,2010.0,아파트,2023
성북구,13900,석관동,1.0,20230218,월세,33.32,1000,50,1994.0,연립다세대,2023
성북구,13600,하월곡동,19.0,20230131,월세,84.91,1000,150,2011.0,아파트,2023
성북구,13800,장위동,2.0,20230203,월세,40.47,13153,34,2022.0,아파트,2023
성북구,13800,장위동,7.0,20230131,월세,59.1,27000,40,2022.0,아파트,2023
성북구,13600,하월곡동,14.0,20230119,월세,59.75,10000,105,2006.0,아파트,2023
성북구,12500,안암동5가,4.0,20230520,월세,19.08,1000,68,2012.0,연립다세대,2023
성북구,13800,장위동,15.0,20230131,월세,84.48,20000,150,2022.0,아파트,2023
성북구,13300,정릉동,3.0,20230604,월세,14.45,1000,43,2013.0,연립다세대,2023
성북구,11700,동선동2가,2.0,20230221,월세,19.98,3000,35,2001.0,연립다세대,2023
성북구,13500,종암동,,20230627,월세,33.0,300,45,1996.0,단독다가구,2023
성북구,13500,종암동,1.0,20230905,월세,64.1,500,35,2002.0,연립다세대,2023
성북구,13400,길음동,5.0,20230206,월세,30.61,3474,7,2005.0,아파트,2023
성북구,11400,삼선동4가,4.0,20230729,월세,27.75,2000,55,2017.0,연립다세대,2023
성북구,11700,동선동2가,,20230405,월세,33.0,15000,12,1993.0,단독다가구,2023
성북구,13600,하월곡동,5.0,20230116,월세,15.95,500,60,2019.0,연립다세대,2023
성북구,13300,정릉동,6.0,20230206,월세,114.76,20000,120,1999.0,아파트,2023
성북구,13400,길음동,33.0,20230125,월세,59.9,45150,9,2019.0,아파트,2023
성북구,13400,길음동,14.0,20230424,월세,30.61,3028,9,2005.0,아파트,2023
성북구,13400,길음동,10.0,20230424,월세,30.61,1723,16,2005.0,아파트,2023
성북구,13400,길음동,4.0,20230424,월세,30.61,1723,16,2005.0,아파트,2023
성북구,13400,길음동,14.0,20230424,월세,30.61,1723,16,2005.0,아파트,2023
성북구,13400,길음동,4.0,20230125,월세,59.97,5000,180,2019.0,아파트,2023
성북구,13400,길음동,8.0,20230128,월세,59.9,37000,40,2019.0,아파트,2023
성북구,13400,길음동,9.0,20230424,월세,84.96,15000,110,2003.0,아파트,2023
성북구,13400,길음동,30.0,20230128,월세,84.66,10000,250,2019.0,아파트,2023
성북구,13500,종암동,11.0,20230125,월세,84.99,30000,85,2011.0,아파트,2023
성북구,11600,동선동1가,6.0,20230105,월세,21.46,1000,50,2002.0,오피스텔,2023
성북구,12100,안암동1가,,20230503,월세,32.32,1000,50,1992.0,단독다가구,2023
성북구,13100,보문동2가,3.0,20230215,월세,22.45,3000,110,2017.0,연립다세대,2023
성북구,12400,안암동4가,,20230427,월세,45.9,1500,70,1992.0,단독다가구,2023
성북구,13600,하월곡동,10.0,20221202,월세,84.84,30000,50,2003.0,아파트,2023
성북구,13500,종암동,23.0,20230128,월세,59.97,5000,160,2009.0,아파트,2023
성북구,13900,석관동,4.0,20230125,월세,84.98,1000,50,2019.0,아파트,2023
성북구,13900,석관동,13.0,20230128,월세,59.98,33600,40,2019.0,아파트,2023
성북구,13900,석관동,1.0,20230128,월세,84.98,5000,178,2019.0,아파트,2023
성북구,13300,정릉동,,20230509,월세,41.08,9000,10,1988.0,단독다가구,2023
성북구,13400,길음동,5.0,20230316,월세,59.9,10000,150,2010.0,아파트,2023
성북구,11100,삼선동1가,,20230704,월세,44.0,3700,50,2006.0,단독다가구,2023
성북구,13600,하월곡동,17.0,20230128,월세,84.59,10000,112,2006.0,아파트,2023
성북구,13400,길음동,10.0,20230316,월세,60.0,5000,120,2003.0,아파트,2023
성북구,13100,보문동2가,2.0,20231023,월세,22.46,8000,30,2002.0,오피스텔,2023
성북구,12100,안암동1가,3.0,20230709,월세,19.62,1000,50,2019.0,연립다세대,2023
성북구,10800,동소문동5가,7.0,20221223,월세,15.42,5000,80,2018.0,아파트,2023
성북구,13800,장위동,9.0,20230316,월세,59.1,15000,160,2022.0,아파트,2023
성북구,13800,장위동,11.0,20230316,월세,84.48,10000,190,2022.0,아파트,2023
성북구,12800,보문동6가,6.0,20230102,월세,29.96,10212,37,2017.0,아파트,2023
성북구,13400,길음동,7.0,20230209,월세,59.99,2000,145,2003.0,아파트,2023
성북구,13600,하월곡동,8.0,20230316,월세,59.65,20000,65,2010.0,아파트,2023
성북구,13800,장위동,,20231022,월세,61.55,1000,108,2020.0,단독다가구,2023
성북구,13800,장위동,,20231016,월세,45.0,2000,40,1996.0,단독다가구,2023
성북구,13400,길음동,5.0,20230408,월세,15.6,500,59,2012.0,연립다세대,2023
성북구,13800,장위동,4.0,20230703,월세,18.39,500,35,2020.0,아파트,2023
성북구,13600,하월곡동,14.0,20221230,월세,15.52,3000,45,2013.0,아파트,2023
성북구,13600,하월곡동,17.0,20221230,월세,15.55,1000,55,2013.0,아파트,2023
성북구,13300,정릉동,,20230214,월세,34.76,1000,40,1993.0,단독다가구,2023
성북구,13800,장위동,12.0,20230209,월세,40.24,2280,17,2017.0,아파트,2023
성북구,13300,정릉동,,20221224,월세,40.0,1000,55,2008.0,단독다가구,2023
성북구,11800,동선동3가,5.0,20230221,월세,20.36,3000,42,2013.0,연립다세대,2023
성북구,11800,동선동3가,3.0,20230221,월세,46.44,4000,85,2013.0,연립다세대,2023
성북구,11300,삼선동3가,,20230628,월세,60.48,11000,15,1992.0,단독다가구,2023
성북구,13300,정릉동,,20231204,월세,20.0,500,50,1967.0,단독다가구,2023
성북구,13800,장위동,4.0,20230712,월세,18.39,500,36,2020.0,아파트,2023
성북구,13300,정릉동,3.0,20230603,월세,11.79,2000,70,2022.0,아파트,2023
성북구,13400,길음동,8.0,20230105,월세,59.97,20000,120,2019.0,아파트,2023
성북구,13400,길음동,20.0,20230105,월세,59.97,10000,165,2019.0,아파트,2023
성북구,13300,정릉동,3.0,20230603,월세,12.85,5000,50,2022.0,아파트,2023
성북구,13800,장위동,,20230701,월세,46.8,1000,40,1997.0,단독다가구,2023
성북구,11300,삼선동3가,3.0,20230221,월세,31.55,1000,54,2003.0,연립다세대,2023
성북구,13900,석관동,3.0,20230203,월세,58.29,5000,90,2015.0,연립다세대,2023
성북구,13800,장위동,,20231030,월세,65.36,13000,20,1978.0,단독다가구,2023
성북구,13800,장위동,,20230404,월세,76.4,2000,60,1974.0,단독다가구,2023
성북구,13800,장위동,,20230404,월세,76.4,3000,60,1974.0,단독다가구,2023
성북구,13600,하월곡동,,20231204,월세,20.0,500,45,1991.0,단독다가구,2023
성북구,11900,동선동4가,,20230506,월세,65.55,5000,80,1995.0,단독다가구,2023
성북구,13300,정릉동,3.0,20230408,월세,12.15,0,42,2013.0,연립다세대,2023
성북구,13900,석관동,5.0,20230411,월세,26.23,2000,110,2022.0,연립다세대,2023
성북구,13300,정릉동,3.0,20230223,월세,29.66,3184,6,2014.0,연립다세대,2023
성북구,13800,장위동,8.0,20230720,월세,38.17,1500,80,2020.0,아파트,2023
성북구,11400,삼선동4가,2.0,20230825,월세,37.02,15000,65,2017.0,연립다세대,2023
성북구,11400,삼선동4가,2.0,20231020,월세,40.05,15000,70,2017.0,연립다세대,2023
성북구,13900,석관동,15.0,20230105,월세,59.98,34650,45,2019.0,아파트,2023
성북구,10300,돈암동,10.0,20230113,월세,114.93,5000,170,1998.0,아파트,2023
성북구,12800,보문동6가,2.0,20230610,월세,14.83,2000,45,2020.0,연립다세대,2023
성북구,12800,보문동6가,2.0,20230610,월세,17.28,2000,60,2020.0,연립다세대,2023
성북구,11700,동선동2가,2.0,20230902,월세,43.35,1000,80,2005.0,연립다세대,2023
성북구,11500,삼선동5가,10.0,20230522,월세,27.69,1000,60,2003.0,오피스텔,2023
성북구,13300,정릉동,5.0,20231020,월세,50.56,5000,180,2023.0,연립다세대,2023
성북구,12200,안암동2가,,20230104,월세,24.0,1000,60,2002.0,단독다가구,2023
성북구,12300,안암동3가,,20230208,월세,40.0,10000,30,1991.0,단독다가구,2023
성북구,13500,종암동,9.0,20230519,월세,59.67,5000,110,2000.0,아파트,2023
성북구,13800,장위동,,20230306,월세,42.88,0,40,1966.0,단독다가구,2023
성북구,10300,돈암동,5.0,20230131,월세,59.4,10000,76,1999.0,아파트,2023
성북구,10900,동소문동6가,18.0,20230111,월세,14.18,20000,5,2012.0,아파트,2023
성북구,13500,종암동,2.0,20230125,월세,12.39,500,48,2013.0,연립다세대,2023
성북구,12700,보문동5가,,20231005,월세,35.0,5000,50,2000.0,단독다가구,2023
성북구,13900,석관동,2.0,20230206,월세,28.89,1000,50,2008.0,연립다세대,2023
성북구,13100,보문동2가,,20231114,월세,21.46,5000,20,1996.0,단독다가구,2023
성북구,13000,보문동1가,3.0,20230617,월세,33.33,15000,25,2013.0,연립다세대,2023
성북구,13900,석관동,2.0,20230113,월세,33.15,1000,65,2003.0,오피스텔,2023
성북구,13400,길음동,17.0,20230310,월세,59.92,15000,120,2010.0,아파트,2023
성북구,13800,장위동,,20230414,월세,82.44,14000,30,1983.0,단독다가구,2023
성북구,13300,정릉동,4.0,20230421,월세,18.72,1364,8,2014.0,연립다세대,2023
성북구,13300,정릉동,1.0,20230102,월세,22.56,2416,3,2014.0,연립다세대,2023
성북구,12900,보문동7가,5.0,20231020,월세,82.36,5000,200,2021.0,오피스텔,2023
성북구,11300,삼선동3가,15.0,20230111,월세,59.97,10000,130,2012.0,아파트,2023
성북구,10300,돈암동,16.0,20230206,월세,59.93,10000,150,2016.0,아파트,2023
성북구,13900,석관동,5.0,20230203,월세,59.97,28000,25,1998.0,아파트,2023
성북구,13500,종암동,17.0,20230113,월세,59.99,20000,80,2004.0,아파트,2023
성북구,13300,정릉동,,20230104,월세,25.0,500,60,,단독다가구,2023
성북구,13900,석관동,10.0,20230131,월세,84.9,31500,40,1998.0,아파트,2023
성북구,13400,길음동,13.0,20230519,월세,59.75,38850,10,2006.0,아파트,2023
성북구,11500,삼선동5가,8.0,20230722,월세,18.6,5000,48,2014.0,오피스텔,2023
성북구,13900,석관동,2.0,20230610,월세,63.92,16000,5,2003.0,연립다세대,2023
성북구,13300,정릉동,7.0,20230313,월세,45.77,10000,50,1999.0,아파트,2023
성북구,13600,하월곡동,7.0,20221210,월세,16.03,1000,65,2022.0,오피스텔,2023
성북구,13300,정릉동,,20221231,월세,41.27,2000,29,1989.0,단독다가구,2023
성북구,13600,하월곡동,7.0,20230113,월세,15.62,2000,50,2013.0,아파트,2023
성북구,13900,석관동,6.0,20230328,월세,25.8,3000,110,2021.0,연립다세대,2023
성북구,12500,안암동5가,,20231114,월세,23.0,1000,75,2017.0,단독다가구,2023
성북구,13800,장위동,,20230214,월세,35.71,2358,24,,단독다가구,2023
성북구,13300,정릉동,4.0,20230506,월세,45.77,2000,85,1999.0,아파트,2023
성북구,13300,정릉동,4.0,20230506,월세,59.42,5000,100,1999.0,아파트,2023
성북구,11500,삼선동5가,,20230117,월세,30.0,2000,60,1992.0,단독다가구,2023
성북구,10300,돈암동,15.0,20230119,월세,59.79,10000,70,1998.0,아파트,2023
성북구,10300,돈암동,11.0,20230119,월세,59.79,13000,50,1998.0,아파트,2023
성북구,13800,장위동,,20230306,월세,43.87,1500,40,1995.0,단독다가구,2023
성북구,13100,보문동2가,6.0,20230913,월세,31.2,12500,32,2014.0,연립다세대,2023
성북구,11800,동선동3가,2.0,20230604,월세,46.44,6000,70,2013.0,연립다세대,2023
성북구,11900,동선동4가,15.0,20230119,월세,21.69,5000,50,2011.0,오피스텔,2023
성북구,11900,동선동4가,15.0,20230119,월세,22.02,13400,8,2011.0,오피스텔,2023
성북구,10300,돈암동,19.0,20230214,월세,59.84,10000,135,2014.0,아파트,2023
성북구,13800,장위동,8.0,20230503,월세,40.47,15310,43,2022.0,아파트,2023
성북구,13200,보문동3가,,20231011,월세,37.56,500,50,1995.0,단독다가구,2023
성북구,13400,길음동,14.0,20230203,월세,59.69,3500,75,2019.0,아파트,2023
성북구,13400,길음동,10.0,20230203,월세,59.97,30000,70,2019.0,아파트,2023
성북구,10300,돈암동,4.0,20230211,월세,59.38,5000,140,2007.0,아파트,2023
성북구,13400,길음동,9.0,20230509,월세,33.99,4765,10,2010.0,아파트,2023
성북구,13400,길음동,11.0,20230131,월세,59.99,40000,33,2019.0,아파트,2023
성북구,11800,동선동3가,,20230919,월세,59.4,1000,65,1995.0,단독다가구,2023
성북구,13800,장위동,,20230418,월세,33.1,1000,30,1994.0,단독다가구,2023
성북구,13100,보문동2가,3.0,20230116,월세,23.05,1000,60,2009.0,연립다세대,2023
성북구,12400,안암동4가,4.0,20230317,월세,23.62,3000,52,2011.0,연립다세대,2023
성북구,13600,하월곡동,,20230801,월세,42.0,10000,50,2015.0,단독다가구,2023
성북구,13300,정릉동,,20230529,월세,55.0,7000,60,2004.0,단독다가구,2023
성북구,13400,길음동,14.0,20230522,월세,134.99,25000,220,2010.0,아파트,2023
성북구,13900,석관동,1.0,20230116,월세,28.59,5000,47,2019.0,연립다세대,2023
성북구,10300,돈암동,5.0,20230209,월세,84.59,8000,130,1999.0,아파트,2023
성북구,13600,하월곡동,5.0,20221212,월세,25.19,2000,100,2021.0,연립다세대,2023
성북구,13900,석관동,18.0,20230203,월세,59.98,10000,150,2019.0,아파트,2023
성북구,13800,장위동,4.0,20230426,월세,42.42,3000,88,2020.0,연립다세대,2023
성북구,13800,장위동,18.0,20230509,월세,39.0,13730,38,2022.0,아파트,2023
성북구,13400,길음동,12.0,20230308,월세,84.97,10000,150,2005.0,아파트,2023
성북구,13800,장위동,13.0,20230509,월세,40.24,12603,46,2017.0,아파트,2023
성북구,13600,하월곡동,21.0,20230305,월세,84.91,20000,80,2011.0,아파트,2023
성북구,13800,장위동,22.0,20230214,월세,84.47,5000,230,2022.0,아파트,2023
성북구,13500,종암동,,20230306,월세,45.0,5000,55,1975.0,단독다가구,2023
성북구,12600,보문동4가,,20230107,월세,40.0,2000,70,1992.0,단독다가구,2023
성북구,13800,장위동,4.0,20230131,월세,101.79,20000,200,2021.0,아파트,2023
성북구,13500,종암동,14.0,20230116,월세,59.99,12000,90,2004.0,아파트,2023
성북구,13300,정릉동,,20221130,월세,15.0,1000,50,2018.0,단독다가구,2023
성북구,11100,삼선동1가,,20230327,월세,40.29,1000,60,1998.0,단독다가구,2023
성북구,13400,길음동,9.0,20230308,월세,30.88,2234,25,2008.0,아파트,2023
성북구,13300,정릉동,3.0,20230901,월세,93.88,500,40,2001.0,연립다세대,2023
성북구,10100,성북동,,20230107,월세,40.0,1000,60,1954.0,단독다가구,2023
성북구,11000,동소문동7가,4.0,20230530,월세,38.16,5000,51,2013.0,연립다세대,2023
성북구,13700,상월곡동,,20221130,월세,16.0,2000,51,2018.0,단독다가구,2023
성북구,13800,장위동,,20230427,월세,46.6,4000,30,1998.0,단독다가구,2023
성북구,13000,보문동1가,13.0,20230125,월세,84.91,25000,200,2022.0,아파트,2023
성북구,13800,장위동,5.0,20230111,월세,14.71,500,53,2019.0,아파트,2023
성북구,13600,하월곡동,11.0,20230206,월세,114.68,10000,200,2006.0,아파트,2023
성북구,13100,보문동2가,6.0,20231106,월세,28.96,10000,30,2002.0,오피스텔,2023
성북구,12000,동선동5가,,20221120,월세,20.0,1000,40,2003.0,단독다가구,2023
성북구,13500,종암동,,20221202,월세,19.83,1000,60,2017.0,단독다가구,2023
성북구,12300,안암동3가,2.0,20230519,월세,60.89,1000,60,1971.0,아파트,2023
성북구,13900,석관동,4.0,20230128,월세,33.15,5000,45,2003.0,오피스텔,2023
성북구,13900,석관동,6.0,20230522,월세,57.84,3000,100,2015.0,연립다세대,2023
성북구,13900,석관동,,20230522,월세,46.0,6000,65,1998.0,단독다가구,2023
성북구,12300,안암동3가,7.0,20230515,월세,56.96,210,70,1971.0,아파트,2023
성북구,12000,동선동5가,2.0,20230331,월세,65.34,10000,95,2008.0,연립다세대,2023
성북구,13300,정릉동,4.0,20230807,월세,53.58,1000,60,1996.0,연립다세대,2023
성북구,13400,길음동,11.0,20230206,월세,38.02,1093,18,2022.0,아파트,2023
성북구,13600,하월곡동,5.0,20230918,월세,49.66,3000,62,2001.0,연립다세대,2023
성북구,13500,종암동,14.0,20230125,월세,59.99,1000,105,2004.0,아파트,2023
성북구,13300,정릉동,20.0,20230209,월세,84.65,5000,200,2008.0,아파트,2023
성북구,13300,정릉동,,20230109,월세,37.31,1000,58,2017.0,단독다가구,2023
성북구,10100,성북동,3.0,20230524,월세,29.55,10000,73,2022.0,연립다세대,2023
성북구,13300,정릉동,2.0,20230812,월세,46.2,1000,55,1990.0,연립다세대,2023
성북구,12500,안암동5가,,20221204,월세,19.8,500,55,1992.0,단독다가구,2023
성북구,13400,길음동,10.0,20230209,월세,59.97,40000,30,2019.0,아파트,2023
성북구,13600,하월곡동,10.0,20230125,월세,15.62,1000,60,2013.0,아파트,2023
성북구,13500,종암동,3.0,20230203,월세,12.39,500,48,2013.0,연립다세대,2023
성북구,12900,보문동7가,4.0,20230921,월세,82.36,5000,180,2021.0,오피스텔,2023
성북구,13600,하월곡동,15.0,20230128,월세,15.54,1000,53,2013.0,아파트,2023
성북구,13500,종암동,3.0,20230307,월세,20.05,1000,60,2013.0,연립다세대,2023
성북구,10300,돈암동,6.0,20230316,월세,32.23,1039,14,1999.0,아파트,2023
성북구,13800,장위동,2.0,20230218,월세,28.27,12000,35,2016.0,연립다세대,2023
성북구,11700,동선동2가,4.0,20230524,월세,46.6,2000,85,2000.0,연립다세대,2023
성북구,12100,안암동1가,,20230516,월세,40.0,1500,76,2017.0,단독다가구,2023
성북구,13800,장위동,,20231107,월세,63.0,4000,40,1995.0,단독다가구,2023
성북구,10900,동소문동6가,20.0,20230111,월세,14.02,1000,82,2015.0,아파트,2023
성북구,13500,종암동,,20221126,월세,50.25,1000,55,1996.0,단독다가구,2023
성북구,13400,길음동,3.0,20221121,월세,15.93,500,52,2012.0,연립다세대,2023
성북구,13600,하월곡동,,20221210,월세,15.18,1000,55,,단독다가구,2023
성북구,13300,정릉동,,20221207,월세,17.0,1000,45,2022.0,단독다가구,2023
성북구,13600,하월곡동,8.0,20221228,월세,59.86,5000,120,2003.0,아파트,2023
성북구,13600,하월곡동,3.0,20221228,월세,84.77,5000,140,2003.0,아파트,2023
성북구,13600,하월곡동,12.0,20221228,월세,84.88,5000,170,2007.0,아파트,2023
성북구,11400,삼선동4가,3.0,20231122,월세,13.49,1000,45,2008.0,연립다세대,2023
성북구,12500,안암동5가,8.0,20231102,월세,36.16,1000,135,2018.0,연립다세대,2023
성북구,13300,정릉동,,20221210,월세,17.0,500,60,2020.0,단독다가구,2023
성북구,12200,안암동2가,,20230725,월세,40.34,1000,45,1993.0,단독다가구,2023
성북구,13600,하월곡동,4.0,20230315,월세,12.09,300,37,2012.0,연립다세대,2023
성북구,13900,석관동,2.0,20230206,월세,18.7,500,45,2011.0,연립다세대,2023
성북구,13900,석관동,,20230223,월세,44.14,2000,55,1992.0,단독다가구,2023
성북구,13800,장위동,2.0,20230209,월세,42.79,11247,29,2021.0,아파트,2023
성북구,13800,장위동,20.0,20230209,월세,84.97,15000,160,2021.0,아파트,2023
성북구,13600,하월곡동,16.0,20230401,월세,84.91,32500,20,2011.0,아파트,2023
성북구,13900,석관동,4.0,20230414,월세,50.51,8000,40,2003.0,연립다세대,2023
성북구,11300,삼선동3가,1.0,20231009,월세,43.91,1000,60,1997.0,연립다세대,2023
성북구,13300,정릉동,2.0,20230904,월세,50.56,5000,150,2023.0,연립다세대,2023
성북구,11400,삼선동4가,8.0,20231122,월세,27.6,3000,86,2014.0,오피스텔,2023
성북구,13900,석관동,13.0,20230119,월세,59.9,10000,110,2009.0,아파트,2023
성북구,13100,보문동2가,3.0,20230605,월세,18.2,3700,46,2018.0,오피스텔,2023
성북구,12300,안암동3가,1.0,20230313,월세,52.0,500,55,1971.0,아파트,2023
성북구,13500,종암동,9.0,20230424,월세,114.98,30000,140,2011.0,아파트,2023
성북구,13500,종암동,,20221210,월세,20.0,1000,60,2017.0,단독다가구,2023
성북구,11700,동선동2가,,20221210,월세,20.0,2000,35,2008.0,단독다가구,2023
성북구,11900,동선동4가,3.0,20230611,월세,18.81,5000,50,2017.0,오피스텔,2023
성북구,13400,길음동,10.0,20230329,월세,33.28,2847,24,2010.0,아파트,2023
성북구,12500,안암동5가,4.0,20230614,월세,18.54,1000,58,2012.0,연립다세대,2023
성북구,13800,장위동,-1.0,20230218,월세,70.14,2500,38,1991.0,연립다세대,2023
성북구,13400,길음동,7.0,20230329,월세,59.9,5000,162,2010.0,아파트,2023
성북구,12200,안암동2가,,20221130,월세,49.59,2000,40,1992.0,단독다가구,2023
성북구,13300,정릉동,-1.0,20231009,월세,35.7,300,70,1987.0,연립다세대,2023
성북구,11900,동선동4가,,20221210,월세,21.0,1000,50,2012.0,단독다가구,2023
성북구,13500,종암동,2.0,20230113,월세,59.73,5000,130,2004.0,아파트,2023
성북구,11200,삼선동2가,,20230117,월세,35.0,500,40,1991.0,단독다가구,2023
성북구,13700,상월곡동,,20230109,월세,39.0,3000,10,1993.0,단독다가구,2023
성북구,13400,길음동,2.0,20230329,월세,34.88,604,20,2003.0,아파트,2023
성북구,13400,길음동,1.0,20230329,월세,34.88,1512,18,2003.0,아파트,2023
성북구,12900,보문동7가,,20221210,월세,21.53,6000,10,1967.0,단독다가구,2023
성북구,12500,안암동5가,,20230104,월세,30.0,1000,87,1993.0,단독다가구,2023
성북구,12500,안암동5가,,20221207,월세,24.79,3000,48,1994.0,단독다가구,2023
성북구,13400,길음동,4.0,20230218,월세,30.61,3474,7,2005.0,아파트,2023
성북구,13600,하월곡동,,20230707,월세,53.53,3000,30,1992.0,단독다가구,2023
성북구,13800,장위동,5.0,20221203,월세,40.32,2000,70,2020.0,연립다세대,2023
성북구,11600,동선동1가,,20221212,월세,18.0,5000,41,2021.0,단독다가구,2023
성북구,11100,삼선동1가,,20221210,월세,23.1,500,50,1991.0,단독다가구,2023
성북구,12600,보문동4가,,20230112,월세,40.0,3000,45,1992.0,단독다가구,2023
성북구,12700,보문동5가,,20230112,월세,40.0,1000,50,1996.0,단독다가구,2023
성북구,13600,하월곡동,5.0,20230102,월세,59.86,12000,100,2003.0,아파트,2023
성북구,13400,길음동,17.0,20221121,월세,59.99,5000,165,2010.0,아파트,2023
성북구,11200,삼선동2가,,20231110,월세,48.5,1000,90,1998.0,단독다가구,2023
성북구,10100,성북동,,20230318,월세,66.45,5000,100,1960.0,단독다가구,2023
성북구,13400,길음동,3.0,20230215,월세,59.99,40000,50,2010.0,아파트,2023
성북구,13300,정릉동,,20221216,월세,15.0,500,43,2019.0,단독다가구,2023
성북구,13800,장위동,,20230120,월세,110.97,1000,80,2003.0,단독다가구,2023
성북구,13400,길음동,16.0,20230215,월세,84.82,10000,180,2010.0,아파트,2023
성북구,12000,동선동5가,,20230501,월세,81.12,500,45,2001.0,단독다가구,2023
성북구,13800,장위동,,20230223,월세,45.0,5000,80,2016.0,단독다가구,2023
성북구,13800,장위동,12.0,20230218,월세,59.1,10000,150,2022.0,아파트,2023
성북구,13300,정릉동,,20221205,월세,16.5,1000,50,2017.0,단독다가구,2023
성북구,12400,안암동4가,,20230314,월세,64.89,1000,70,1993.0,단독다가구,2023
성북구,12800,보문동6가,,20230716,월세,60.53,5500,90,,단독다가구,2023
성북구,13700,상월곡동,,20230507,월세,48.0,4000,40,,단독다가구,2023
성북구,13400,길음동,12.0,20230218,월세,59.99,21000,105,2010.0,아파트,2023
성북구,13400,길음동,11.0,20230218,월세,59.99,3000,170,2010.0,아파트,2023
성북구,11100,삼선동1가,,20230612,월세,47.82,3000,50,1990.0,단독다가구,2023
성북구,12400,안암동4가,,20231009,월세,37.0,1000,50,1993.0,단독다가구,2023
성북구,13800,장위동,3.0,20230320,월세,38.88,1000,40,1994.0,연립다세대,2023
성북구,13800,장위동,14.0,20230128,월세,18.03,1000,60,2019.0,오피스텔,2023
성북구,13800,장위동,3.0,20230128,월세,14.71,1000,55,2019.0,아파트,2023
성북구,13400,길음동,,20230109,월세,40.0,1000,50,1993.0,단독다가구,2023
성북구,13100,보문동2가,3.0,20230304,월세,14.32,1000,40,2015.0,연립다세대,2023
성북구,13500,종암동,18.0,20230413,월세,59.67,2000,120,2000.0,아파트,2023
성북구,11500,삼선동5가,5.0,20230809,월세,18.6,5000,53,2014.0,오피스텔,2023
성북구,13400,길음동,6.0,20230419,월세,59.97,3000,150,2005.0,아파트,2023
성북구,13400,길음동,6.0,20230419,월세,84.64,27000,60,2005.0,아파트,2023
성북구,13400,길음동,14.0,20230422,월세,84.64,20000,120,2005.0,아파트,2023
성북구,13500,종암동,4.0,20221219,월세,60.09,500,80,2003.0,연립다세대,2023
성북구,13400,길음동,5.0,20230311,월세,59.77,5000,135,2005.0,아파트,2023
성북구,11500,삼선동5가,4.0,20230227,월세,30.42,1000,63,2003.0,오피스텔,2023
성북구,13300,정릉동,,20230214,월세,40.0,500,50,1994.0,단독다가구,2023
성북구,13400,길음동,1.0,20230422,월세,84.96,40000,25,2006.0,아파트,2023
성북구,13300,정릉동,4.0,20230102,월세,27.98,2723,6,2017.0,연립다세대,2023
성북구,13300,정릉동,4.0,20230102,월세,27.98,1135,15,2017.0,연립다세대,2023
성북구,10100,성북동,1.0,20230826,월세,23.5,3000,90,2022.0,연립다세대,2023
성북구,13600,하월곡동,9.0,20230128,월세,106.28,3000,190,2007.0,아파트,2023
성북구,11200,삼선동2가,,20221216,월세,18.0,1000,50,,단독다가구,2023
성북구,13800,장위동,,20230722,월세,74.52,3000,60,1990.0,단독다가구,2023
성북구,13400,길음동,7.0,20230311,월세,84.05,5000,175,2007.0,아파트,2023
성북구,11400,삼선동4가,14.0,20231110,월세,27.6,6000,71,2014.0,오피스텔,2023
성북구,10800,동소문동5가,13.0,20230125,월세,14.02,1000,75,2018.0,아파트,2023
성북구,13500,종암동,3.0,20230617,월세,37.61,1000,60,2002.0,연립다세대,2023
성북구,13500,종암동,3.0,20230510,월세,93.13,3000,90,2004.0,연립다세대,2023
성북구,10800,동소문동5가,15.0,20230128,월세,15.94,1000,100,2018.0,아파트,2023
성북구,13400,길음동,12.0,20230404,월세,59.37,5000,127,2007.0,아파트,2023
성북구,10300,돈암동,2.0,20221221,월세,132.96,60000,50,1998.0,아파트,2023
성북구,13400,길음동,2.0,20230404,월세,59.99,27000,80,2010.0,아파트,2023
성북구,12000,동선동5가,,20221227,월세,21.0,500,45,1993.0,단독다가구,2023
성북구,13800,장위동,4.0,20230419,월세,39.0,10512,27,2022.0,아파트,2023
성북구,13800,장위동,2.0,20221230,월세,29.52,3000,70,2021.0,연립다세대,2023
성북구,10300,돈암동,3.0,20230305,월세,84.82,20000,80,2006.0,아파트,2023
성북구,13400,길음동,6.0,20230325,월세,114.98,30000,80,2003.0,아파트,2023
성북구,13800,장위동,9.0,20230829,월세,38.17,900,94,2020.0,아파트,2023
성북구,13800,장위동,5.0,20230311,월세,59.99,10000,100,2008.0,아파트,2023
성북구,13800,장위동,8.0,20230311,월세,122.02,17000,120,2008.0,아파트,2023
성북구,13500,종암동,2.0,20230203,월세,63.73,4500,85,2003.0,연립다세대,2023
성북구,10300,돈암동,10.0,20230305,월세,51.5,4751,21,2016.0,아파트,2023
성북구,10300,돈암동,4.0,20230305,월세,41.58,1500,90,1991.0,아파트,2023
성북구,12000,동선동5가,,20230107,월세,41.01,10000,15,2002.0,단독다가구,2023
성북구,11500,삼선동5가,6.0,20230819,월세,18.6,5000,53,2014.0,오피스텔,2023
성북구,13500,종암동,,20221216,월세,19.0,1000,55,2017.0,단독다가구,2023
성북구,12000,동선동5가,4.0,20230217,월세,29.96,2000,85,2019.0,연립다세대,2023
성북구,11400,삼선동4가,12.0,20230822,월세,27.09,18000,11,2014.0,오피스텔,2023
성북구,13400,길음동,15.0,20230325,월세,114.73,75000,30,2005.0,아파트,2023
성북구,13400,길음동,4.0,20230224,월세,30.61,3474,7,2005.0,아파트,2023
성북구,13300,정릉동,,20230928,월세,29.81,2000,100,,단독다가구,2023
성북구,12900,보문동7가,4.0,20230131,월세,41.54,15000,60,2019.0,오피스텔,2023
성북구,13400,길음동,9.0,20230224,월세,59.97,5000,150,2005.0,아파트,2023
성북구,13400,길음동,3.0,20230325,월세,84.64,36700,42,2005.0,아파트,2023
성북구,12500,안암동5가,,20221212,월세,24.79,500,53,1994.0,단독다가구,2023
성북구,13500,종암동,,20230501,월세,89.24,3000,65,2001.0,단독다가구,2023
성북구,13800,장위동,,20230707,월세,56.0,2000,70,2001.0,단독다가구,2023
성북구,13300,정릉동,,20230425,월세,33.07,1000,40,1976.0,단독다가구,2023
성북구,13400,길음동,10.0,20221116,월세,30.88,4882,10,2008.0,아파트,2023
성북구,12300,안암동3가,,20230330,월세,50.0,2000,100,1992.0,단독다가구,2023
성북구,11800,동선동3가,,20230107,월세,42.0,2000,120,1973.0,단독다가구,2023
성북구,13500,종암동,6.0,20221119,월세,84.95,4000,160,2004.0,아파트,2023
성북구,13300,정릉동,,20230127,월세,41.42,1000,38,1994.0,단독다가구,2023
성북구,12500,안암동5가,,20230701,월세,49.88,1000,85,1993.0,단독다가구,2023
성북구,13800,장위동,3.0,20221127,월세,29.93,2000,85,2022.0,연립다세대,2023
성북구,11800,동선동3가,,20221125,월세,20.0,1000,50,1973.0,단독다가구,2023
성북구,12500,안암동5가,,20221125,월세,20.0,1000,50,1991.0,단독다가구,2023
성북구,11700,동선동2가,,20221125,월세,23.0,500,45,1996.0,단독다가구,2023
성북구,13500,종암동,,20221203,월세,19.0,1000,60,2017.0,단독다가구,2023
성북구,12800,보문동6가,,20221203,월세,54.72,3000,60,1993.0,단독다가구,2023
성북구,10200,성북동1가,,20221123,월세,67.14,2000,100,1996.0,단독다가구,2023
성북구,13800,장위동,,20221125,월세,119.76,30000,20,1984.0,단독다가구,2023
성북구,13100,보문동2가,,20230528,월세,56.64,1000,75,1995.0,단독다가구,2023
성북구,11300,삼선동3가,,20230220,월세,58.63,13000,46,1988.0,단독다가구,2023
성북구,13300,정릉동,,20230220,월세,59.0,3000,55,1997.0,단독다가구,2023
성북구,13500,종암동,,20230223,월세,48.0,5000,45,1995.0,단독다가구,2023
성북구,12200,안암동2가,,20231120,월세,32.5,2000,73,2015.0,단독다가구,2023
성북구,13800,장위동,,20230707,월세,59.37,3000,65,1971.0,단독다가구,2023
성북구,12400,안암동4가,,20230619,월세,66.0,2000,50,1993.0,단독다가구,2023
성북구,12800,보문동6가,,20230112,월세,42.7,2000,70,1967.0,단독다가구,2023
성북구,11100,삼선동1가,,20230220,월세,60.0,1000,70,1987.0,단독다가구,2023
성북구,13500,종암동,,20221215,월세,20.0,1000,55,2017.0,단독다가구,2023
성북구,13700,상월곡동,,20230707,월세,58.88,2000,70,1985.0,단독다가구,2023
성북구,10100,성북동,,20230707,월세,58.93,2000,70,1991.0,단독다가구,2023
성북구,13800,장위동,,20230330,월세,51.76,3500,50,1997.0,단독다가구,2023
성북구,13600,하월곡동,,20230528,월세,59.0,10000,30,2008.0,단독다가구,2023
성북구,11900,동선동4가,,20230109,월세,43.0,1000,80,1997.0,단독다가구,2023
성북구,12500,안암동5가,,20230128,월세,19.0,5000,10,1991.0,단독다가구,2023
성북구,13900,석관동,,20230421,월세,95.04,4000,75,2005.0,단독다가구,2023
성북구,12500,안암동5가,,20230111,월세,61.26,1000,83,1997.0,단독다가구,2023
성북구,11200,삼선동2가,,20230619,월세,68.24,4000,85,1993.0,단독다가구,2023
성북구,13700,상월곡동,,20230104,월세,15.6,1000,45,2015.0,단독다가구,2023
성북구,12400,안암동4가,,20230302,월세,52.0,15000,10,1997.0,단독다가구,2023
성북구,10400,동소문동1가,,20230306,월세,54.01,6000,60,2003.0,단독다가구,2023
성북구,12500,안암동5가,,20230810,월세,80.46,100,90,1992.0,단독다가구,2023
성북구,11500,삼선동5가,,20230605,월세,36.32,2000,65,1991.0,단독다가구,2023
성북구,11700,동선동2가,,20221227,월세,24.0,1000,50,2008.0,단독다가구,2023
성북구,11600,동선동1가,6.0,20230125,월세,14.08,2000,60,2014.0,연립다세대,2023
성북구,10300,돈암동,10.0,20230308,월세,32.49,873,13,1999.0,아파트,2023
성북구,10100,성북동,,20230221,월세,38.67,2000,80,1997.0,단독다가구,2023
성북구,13300,정릉동,,20230306,월세,54.86,5000,65,1989.0,단독다가구,2023
성북구,13600,하월곡동,3.0,20230128,월세,14.0,1000,53,2017.0,연립다세대,2023
성북구,13400,길음동,16.0,20230325,월세,59.75,25000,60,2006.0,아파트,2023
성북구,10300,돈암동,10.0,20230512,월세,84.76,45000,50,2016.0,아파트,2023
성북구,13400,길음동,10.0,20230221,월세,59.97,10000,90,2005.0,아파트,2023
성북구,13400,길음동,6.0,20230221,월세,59.97,20000,85,2005.0,아파트,2023
성북구,13400,길음동,1.0,20230325,월세,59.99,3000,150,2010.0,아파트,2023
성북구,13400,길음동,12.0,20230325,월세,59.99,38000,8,2010.0,아파트,2023
성북구,10300,돈암동,12.0,20230509,월세,32.23,739,14,1999.0,아파트,2023
성북구,10100,성북동,1.0,20231015,월세,51.11,2000,40,1978.0,연립다세대,2023
성북구,13300,정릉동,,20221205,월세,12.0,1000,45,2018.0,단독다가구,2023
성북구,11400,삼선동4가,6.0,20231113,월세,29.53,15000,11,2014.0,오피스텔,2023
성북구,13400,길음동,18.0,20230304,월세,59.99,20000,100,2010.0,아파트,2023
성북구,13800,장위동,29.0,20230224,월세,40.47,4366,6,2022.0,아파트,2023
성북구,13400,길음동,28.0,20230304,월세,84.95,29000,80,2010.0,아파트,2023
성북구,13300,정릉동,3.0,20230206,월세,44.36,1000,70,1991.0,연립다세대,2023
성북구,13800,장위동,21.0,20230224,월세,84.48,20000,145,2022.0,아파트,2023
성북구,13400,길음동,1.0,20230413,월세,84.84,10000,12,2003.0,아파트,2023
성북구,13400,길음동,1.0,20230413,월세,84.84,10000,120,2003.0,아파트,2023
성북구,13300,정릉동,,20221216,월세,22.0,500,50,1995.0,단독다가구,2023
성북구,10300,돈암동,5.0,20230304,월세,84.94,10000,130,2014.0,아파트,2023
성북구,10300,돈암동,9.0,20230413,월세,59.5,25000,60,2014.0,아파트,2023
성북구,11200,삼선동2가,14.0,20230203,월세,56.83,25000,55,2009.0,아파트,2023
성북구,13800,장위동,2.0,20230221,월세,40.47,4366,6,2022.0,아파트,2023
성북구,13400,길음동,17.0,20230615,월세,59.77,5000,130,2005.0,아파트,2023
성북구,11100,삼선동1가,,20231005,월세,36.0,2000,55,1998.0,단독다가구,2023
성북구,11500,삼선동5가,12.0,20230422,월세,30.29,10000,60,2014.0,연립다세대,2023
성북구,13600,하월곡동,6.0,20230221,월세,59.65,10000,75,2010.0,아파트,2023
성북구,13800,장위동,6.0,20230125,월세,29.84,5000,90,2022.0,연립다세대,2023
성북구,13400,길음동,13.0,20230407,월세,84.97,32000,25,2005.0,아파트,2023
성북구,13500,종암동,8.0,20230102,월세,84.97,45000,20,2010.0,아파트,2023
성북구,13800,장위동,7.0,20230413,월세,39.0,11727,43,2022.0,아파트,2023
성북구,13500,종암동,7.0,20230102,월세,59.4,23000,55,1996.0,아파트,2023
성북구,11000,동소문동7가,4.0,20230809,월세,26.96,15800,6,2017.0,연립다세대,2023
성북구,13800,장위동,,20231114,월세,27.7,2000,60,2020.0,단독다가구,2023
성북구,13800,장위동,11.0,20230413,월세,40.47,4366,16,2022.0,아파트,2023
성북구,13300,정릉동,10.0,20230407,월세,59.59,5000,110,1999.0,아파트,2023
성북구,12800,보문동6가,,20231114,월세,28.0,1000,70,1992.0,단독다가구,2023
성북구,13900,석관동,5.0,20230404,월세,28.09,20000,15,2022.0,연립다세대,2023
성북구,13500,종암동,1.0,20230128,월세,54.72,20000,15,1991.0,연립다세대,2023
성북구,13900,석관동,9.0,20230515,월세,54.55,7000,80,1998.0,아파트,2023
성북구,13300,정릉동,13.0,20230111,월세,84.97,10000,100,2009.0,아파트,2023
성북구,13600,하월곡동,13.0,20230203,월세,15.54,1000,55,2013.0,아파트,2023
성북구,13400,길음동,5.0,20230410,월세,84.99,30000,125,2010.0,아파트,2023
성북구,13400,길음동,7.0,20230410,월세,114.99,15000,230,2010.0,아파트,2023
성북구,13400,길음동,14.0,20230223,월세,84.97,20000,95,2005.0,아파트,2023
성북구,11300,삼선동3가,5.0,20230320,월세,55.51,21000,20,2002.0,연립다세대,2023
성북구,13700,상월곡동,,20230104,월세,16.5,500,50,2017.0,단독다가구,2023
성북구,13500,종암동,,20230104,월세,16.5,2000,35,2018.0,단독다가구,2023
성북구,12300,안암동3가,,20230104,월세,16.5,1000,57,2013.0,단독다가구,2023
성북구,13900,석관동,10.0,20230416,월세,28.66,3000,80,2023.0,연립다세대,2023
성북구,13800,장위동,14.0,20230304,월세,84.48,10000,190,2022.0,아파트,2023
성북구,13300,정릉동,12.0,20230215,월세,43.11,1000,68,2001.0,아파트,2023
성북구,13900,석관동,-1.0,20230404,월세,33.24,300,30,1996.0,연립다세대,2023
성북구,11700,동선동2가,,20221216,월세,30.36,1000,70,1996.0,단독다가구,2023
성북구,13400,길음동,3.0,20230331,월세,30.61,3028,9,2005.0,아파트,2023
성북구,12100,안암동1가,10.0,20230119,월세,59.7,5000,120,2005.0,아파트,2023
성북구,13800,장위동,5.0,20230615,월세,47.02,3602,13,2018.0,연립다세대,2023
성북구,13500,종암동,14.0,20230206,월세,84.95,25000,70,2004.0,아파트,2023
성북구,13300,정릉동,,20221221,월세,16.0,1000,50,2022.0,단독다가구,2023
성북구,13400,길음동,18.0,20230302,월세,114.73,10000,190,2005.0,아파트,2023
성북구,13900,석관동,4.0,20230413,월세,29.13,15000,40,2022.0,연립다세대,2023
성북구,13500,종암동,3.0,20230703,월세,16.05,1000,50,2013.0,연립다세대,2023
성북구,13400,길음동,14.0,20230223,월세,30.88,4882,10,2008.0,아파트,2023
성북구,13400,길음동,12.0,20230223,월세,30.88,4882,10,2008.0,아파트,2023
성북구,13400,길음동,18.0,20230331,월세,84.96,20000,120,2006.0,아파트,2023
성북구,13600,하월곡동,5.0,20231117,월세,43.07,4189,10,2018.0,연립다세대,2023
성북구,13400,길음동,10.0,20230328,월세,30.15,1370,13,2005.0,아파트,2023
성북구,13300,정릉동,4.0,20221208,월세,15.51,1000,47,2012.0,연립다세대,2023
성북구,12100,안암동1가,,20221219,월세,16.0,500,40,1988.0,단독다가구,2023
성북구,13600,하월곡동,2.0,20230404,월세,63.07,20000,20,1998.0,연립다세대,2023
성북구,12400,안암동4가,3.0,20230506,월세,53.35,5000,50,2021.0,연립다세대,2023
성북구,13900,석관동,3.0,20230407,월세,37.56,2000,60,2002.0,연립다세대,2023
성북구,13300,정릉동,1.0,20230108,월세,114.75,4000,150,2005.0,아파트,2023
성북구,10300,돈암동,11.0,20230301,월세,84.8,5000,190,2014.0,아파트,2023
성북구,13600,하월곡동,,20230104,월세,16.52,500,45,2017.0,단독다가구,2023
성북구,13500,종암동,10.0,20230128,월세,55.27,25000,50,2004.0,아파트,2023
성북구,13900,석관동,,20221219,월세,17.0,1000,45,2018.0,단독다가구,2023
성북구,13800,장위동,5.0,20230223,월세,51.34,5500,8,2022.0,아파트,2023
성북구,13400,길음동,4.0,20230323,월세,59.99,30000,35,2003.0,아파트,2023
성북구,12100,안암동1가,2.0,20230119,월세,40.96,1000,50,2017.0,연립다세대,2023
성북구,13400,길음동,12.0,20230217,월세,59.98,8000,150,2010.0,아파트,2023
성북구,13400,길음동,8.0,20230308,월세,59.97,20000,105,2019.0,아파트,2023
성북구,13400,길음동,18.0,20230308,월세,59.97,5000,180,2019.0,아파트,2023
성북구,13900,석관동,5.0,20230102,월세,28.79,5000,83,2018.0,연립다세대,2023
성북구,13400,길음동,8.0,20230506,월세,59.97,5000,180,2019.0,아파트,2023
성북구,13100,보문동2가,,20230104,월세,17.0,1000,45,2012.0,단독다가구,2023
성북구,11800,동선동3가,,20221221,월세,20.0,1000,50,2006.0,단독다가구,2023
성북구,13400,길음동,11.0,20230525,월세,59.37,10000,110,2007.0,아파트,2023
성북구,12300,안암동3가,7.0,20230227,월세,47.27,2000,50,1971.0,아파트,2023
성북구,13500,종암동,12.0,20230503,월세,59.98,20000,110,2011.0,아파트,2023
성북구,13400,길음동,13.0,20230323,월세,30.88,2457,27,2008.0,아파트,2023
성북구,10300,돈암동,10.0,20230323,월세,59.84,10000,97,2014.0,아파트,2023
성북구,13300,정릉동,3.0,20230105,월세,29.93,4000,135,2022.0,연립다세대,2023
성북구,13400,길음동,3.0,20230525,월세,84.05,42000,30,2007.0,아파트,2023
성북구,13400,길음동,5.0,20230328,월세,114.93,30000,135,2006.0,아파트,2023
성북구,13400,길음동,6.0,20230525,월세,84.94,13000,155,2010.0,아파트,2023
성북구,10300,돈암동,7.0,20230401,월세,68.76,13000,80,1991.0,아파트,2023
성북구,10900,동소문동6가,2.0,20230603,월세,27.73,6000,60,2014.0,연립다세대,2023
성북구,13400,길음동,6.0,20230519,월세,59.97,5000,195,2019.0,아파트,2023
성북구,13400,길음동,12.0,20230519,월세,59.97,5000,170,2019.0,아파트,2023
성북구,13400,길음동,7.0,20230328,월세,84.82,20000,170,2010.0,아파트,2023
성북구,11200,삼선동2가,,20221216,월세,56.39,3000,70,2001.0,단독다가구,2023
성북구,13800,장위동,3.0,20230111,월세,29.13,3000,80,2022.0,연립다세대,2023
성북구,13900,석관동,7.0,20230305,월세,84.97,31000,100,2019.0,아파트,2023
성북구,13700,상월곡동,6.0,20230111,월세,37.71,1000,60,2016.0,연립다세대,2023
성북구,10300,돈암동,3.0,20231012,월세,45.27,11000,50,2018.0,연립다세대,2023
성북구,13500,종암동,1.0,20221208,월세,52.56,2000,55,1983.0,아파트,2023
성북구,13600,하월곡동,11.0,20230305,월세,84.59,38000,13,2006.0,아파트,2023
성북구,13800,장위동,12.0,20230217,월세,59.1,15000,130,2022.0,아파트,2023
성북구,13800,장위동,5.0,20230217,월세,84.87,3000,200,2017.0,아파트,2023
성북구,10300,돈암동,6.0,20230310,월세,114.41,38000,12,1999.0,아파트,2023
성북구,10300,돈암동,2.0,20230310,월세,84.82,30000,29,2006.0,아파트,2023
성북구,12300,안암동3가,,20221219,월세,20.0,2000,45,2019.0,단독다가구,2023
성북구,13500,종암동,12.0,20230531,월세,59.67,25000,35,2000.0,아파트,2023
성북구,13400,길음동,11.0,20230220,월세,84.64,20000,135,2005.0,아파트,2023
성북구,13600,하월곡동,2.0,20230116,월세,27.09,5000,95,2022.0,오피스텔,2023
성북구,13700,상월곡동,15.0,20230218,월세,59.95,5000,110,2003.0,아파트,2023
성북구,13700,상월곡동,13.0,20230218,월세,84.97,30000,40,2003.0,아파트,2023
성북구,10300,돈암동,9.0,20230310,월세,41.58,1000,85,1991.0,아파트,2023
성북구,11500,삼선동5가,14.0,20230223,월세,32.78,10000,70,2014.0,연립다세대,2023
성북구,13600,하월곡동,,20230125,월세,19.0,1000,50,2004.0,단독다가구,2023
성북구,13900,석관동,4.0,20230308,월세,59.98,36000,30,2019.0,아파트,2023
성북구,13400,길음동,18.0,20230328,월세,34.88,1512,18,2003.0,아파트,2023
성북구,11800,동선동3가,,20221221,월세,25.0,500,40,1992.0,단독다가구,2023
성북구,13400,길음동,4.0,20230424,월세,38.02,4020,7,2022.0,아파트,2023
성북구,13900,석관동,2.0,20230913,월세,25.48,24000,5,2023.0,연립다세대,2023
성북구,13400,길음동,3.0,20230307,월세,30.61,1723,16,2005.0,아파트,2023
성북구,13400,길음동,5.0,20230220,월세,84.84,31800,10,2003.0,아파트,2023
성북구,13400,길음동,13.0,20230307,월세,33.99,2928,24,2010.0,아파트,2023
성북구,13400,길음동,13.0,20230307,월세,33.99,5533,10,2010.0,아파트,2023
성북구,13900,석관동,4.0,20230503,월세,84.98,1000,50,2019.0,아파트,2023
성북구,11500,삼선동5가,7.0,20230415,월세,30.81,1000,63,2003.0,오피스텔,2023
성북구,13800,장위동,14.0,20230331,월세,59.1,30000,91,2022.0,아파트,2023
성북구,13800,장위동,6.0,20230331,월세,84.48,20000,150,2022.0,아파트,2023
성북구,12500,안암동5가,3.0,20230710,월세,14.13,1000,75,2012.0,연립다세대,2023
성북구,11300,삼선동3가,4.0,20230113,월세,14.82,1000,50,2011.0,연립다세대,2023
성북구,13400,길음동,3.0,20230314,월세,59.99,4500,130,2005.0,아파트,2023
성북구,13800,장위동,27.0,20230220,월세,39.0,4206,6,2022.0,아파트,2023
성북구,13800,장위동,5.0,20230220,월세,39.0,4206,6,2022.0,아파트,2023
성북구,13900,석관동,13.0,20230218,월세,59.97,8000,85,1998.0,아파트,2023
성북구,13900,석관동,11.0,20230218,월세,59.97,15000,80,1998.0,아파트,2023
성북구,13300,정릉동,3.0,20230523,월세,34.3,12000,18,2006.0,연립다세대,2023
성북구,13900,석관동,1.0,20230215,월세,134.97,30000,100,1998.0,아파트,2023
성북구,13800,장위동,1.0,20230221,월세,29.96,12000,40,2020.0,연립다세대,2023
성북구,13600,하월곡동,2.0,20221217,월세,18.78,1000,55,2013.0,연립다세대,2023
성북구,13300,정릉동,3.0,20230314,월세,59.59,3000,100,1999.0,아파트,2023
성북구,12500,안암동5가,,20221214,월세,18.0,1000,45,2001.0,단독다가구,2023
성북구,13800,장위동,2.0,20230220,월세,40.47,2672,16,2022.0,아파트,2023
성북구,13800,장위동,8.0,20230220,월세,40.47,4366,6,2022.0,아파트,2023
성북구,13800,장위동,9.0,20230220,월세,40.47,2672,16,2022.0,아파트,2023
성북구,13800,장위동,11.0,20230220,월세,40.47,4366,6,2022.0,아파트,2023
성북구,13800,장위동,4.0,20230220,월세,40.47,4366,6,2022.0,아파트,2023
성북구,13800,장위동,6.0,20230220,월세,40.47,4366,6,2022.0,아파트,2023
성북구,13800,장위동,2.0,20230220,월세,40.47,4366,6,2022.0,아파트,2023
성북구,13800,장위동,1.0,20230220,월세,40.47,2672,16,2022.0,아파트,2023
성북구,13800,장위동,7.0,20230220,월세,40.47,4366,6,2022.0,아파트,2023
성북구,13400,길음동,7.0,20230509,월세,84.98,30000,115,2019.0,아파트,2023
성북구,13800,장위동,8.0,20230220,월세,51.34,5500,8,2022.0,아파트,2023
성북구,13800,장위동,7.0,20230220,월세,51.34,5500,8,2022.0,아파트,2023
성북구,11500,삼선동5가,13.0,20230217,월세,30.29,10000,60,2014.0,연립다세대,2023
성북구,13800,장위동,1.0,20230220,월세,84.47,47000,34,2022.0,아파트,2023
성북구,13800,장위동,10.0,20230421,월세,84.48,10000,170,2022.0,아파트,2023
성북구,13800,장위동,10.0,20230503,월세,59.92,40000,9,2021.0,아파트,2023
성북구,13500,종암동,18.0,20230209,월세,59.99,5000,130,2004.0,아파트,2023
성북구,12200,안암동2가,,20221214,월세,19.0,3000,35,1992.0,단독다가구,2023
성북구,13400,길음동,10.0,20230815,월세,84.64,17000,160,2005.0,아파트,2023
성북구,13300,정릉동,7.0,20230106,월세,84.44,12000,100,1999.0,아파트,2023
성북구,13400,길음동,7.0,20230815,월세,84.82,10000,185,2010.0,아파트,2023
성북구,13300,정릉동,6.0,20230302,월세,43.11,3000,80,2001.0,아파트,2023
성북구,13300,정릉동,,20221228,월세,14.0,500,38,2010.0,단독다가구,2023
성북구,13400,길음동,14.0,20230810,월세,60.0,10000,110,2003.0,아파트,2023
성북구,13400,길음동,4.0,20230215,월세,15.52,1000,60,2014.0,연립다세대,2023
성북구,13400,길음동,3.0,20230603,월세,84.97,40000,30,2005.0,아파트,2023
성북구,13800,장위동,20.0,20230519,월세,59.92,5000,160,2021.0,아파트,2023
성북구,13300,정릉동,,20221228,월세,15.0,1000,45,2017.0,단독다가구,2023
성북구,13400,길음동,10.0,20230815,월세,84.84,5000,160,2003.0,아파트,2023
성북구,13800,장위동,,20230214,월세,47.8,1000,50,1997.0,단독다가구,2023
성북구,11100,삼선동1가,4.0,20230521,월세,54.67,18000,25,2003.0,연립다세대,2023
성북구,13400,길음동,7.0,20230316,월세,59.9,4510,110,2019.0,아파트,2023
성북구,13400,길음동,8.0,20230316,월세,59.97,5000,170,2019.0,아파트,2023
성북구,13400,길음동,9.0,20230316,월세,59.97,10000,160,2019.0,아파트,2023
성북구,13800,장위동,3.0,20230515,월세,39.9,13160,34,2021.0,아파트,2023
성북구,13800,장위동,3.0,20230515,월세,39.9,11476,42,2021.0,아파트,2023
성북구,13800,장위동,8.0,20230515,월세,39.9,13160,34,2021.0,아파트,2023
성북구,13800,장위동,8.0,20230515,월세,39.9,11476,42,2021.0,아파트,2023
성북구,13800,장위동,11.0,20230307,월세,40.24,4511,6,2017.0,아파트,2023
성북구,10800,동소문동5가,7.0,20221222,월세,14.6,3000,78,2017.0,아파트,2023
성북구,13300,정릉동,,20221228,월세,15.84,1000,50,2022.0,단독다가구,2023
성북구,13400,길음동,5.0,20230621,월세,32.36,2747,23,2010.0,아파트,2023
성북구,13900,석관동,,20221224,월세,21.45,3000,38,2018.0,단독다가구,2023
성북구,12500,안암동5가,,20230718,월세,31.39,5000,30,1993.0,단독다가구,2023
성북구,10900,동소문동6가,6.0,20230203,월세,18.44,2000,70,2015.0,오피스텔,2023
성북구,10300,돈암동,15.0,20230419,월세,84.59,30000,50,1999.0,아파트,2023
성북구,13800,장위동,19.0,20230810,월세,59.1,5000,170,2022.0,아파트,2023
성북구,13400,길음동,6.0,20230624,월세,84.97,7000,170,2005.0,아파트,2023
성북구,13400,길음동,3.0,20230621,월세,84.64,26100,95,2005.0,아파트,2023
성북구,13800,장위동,12.0,20230116,월세,39.65,3000,120,2022.0,아파트,2023
성북구,13800,장위동,7.0,20230116,월세,39.98,1000,140,2022.0,아파트,2023
성북구,10900,동소문동6가,6.0,20230108,월세,13.55,5000,40,2013.0,아파트,2023
성북구,10300,돈암동,,20230208,월세,92.57,12000,15,1996.0,단독다가구,2023
성북구,13400,길음동,6.0,20230531,월세,59.99,3000,155,2010.0,아파트,2023
성북구,13500,종암동,1.0,20230703,월세,114.75,20000,120,2000.0,아파트,2023
성북구,12900,보문동7가,,20230625,월세,85.56,2000,85,1994.0,단독다가구,2023
성북구,13400,길음동,18.0,20230218,월세,59.69,10000,160,2019.0,아파트,2023
성북구,13400,길음동,5.0,20230624,월세,114.93,20000,170,2006.0,아파트,2023
성북구,13400,길음동,5.0,20230215,월세,59.97,25000,100,2019.0,아파트,2023
성북구,13400,길음동,8.0,20230218,월세,59.97,5000,175,2019.0,아파트,2023
성북구,13400,길음동,13.0,20230218,월세,59.97,20000,110,2019.0,아파트,2023
성북구,13400,길음동,10.0,20230218,월세,59.97,12580,66,2019.0,아파트,2023
성북구,13400,길음동,14.0,20230218,월세,59.97,5000,139,2019.0,아파트,2023
성북구,13400,길음동,11.0,20230215,월세,59.99,5000,170,2019.0,아파트,2023
성북구,13400,길음동,11.0,20230215,월세,84.95,5000,250,2019.0,아파트,2023
성북구,13400,길음동,12.0,20230531,월세,114.91,20000,130,2003.0,아파트,2023
성북구,13400,길음동,17.0,20230531,월세,114.91,30000,90,2003.0,아파트,2023
성북구,13800,장위동,1.0,20230128,월세,29.9,5000,100,2022.0,연립다세대,2023
성북구,13800,장위동,6.0,20230603,월세,59.49,10000,160,2022.0,아파트,2023
성북구,12600,보문동4가,,20230327,월세,48.87,5000,60,1993.0,단독다가구,2023
성북구,13800,장위동,11.0,20230119,월세,39.34,1329,20,2006.0,아파트,2023
성북구,13800,장위동,2.0,20230119,월세,39.98,3000,110,2022.0,아파트,2023
성북구,13400,길음동,19.0,20230503,월세,84.93,10000,165,2019.0,아파트,2023
성북구,13400,길음동,29.0,20230624,월세,59.96,10000,150,2010.0,아파트,2023
성북구,13500,종암동,,20230516,월세,42.9,1000,30,1995.0,단독다가구,2023
성북구,13600,하월곡동,9.0,20230224,월세,12.66,1000,70,2022.0,연립다세대,2023
성북구,13300,정릉동,,20230102,월세,13.0,1000,50,2017.0,단독다가구,2023
성북구,13300,정릉동,11.0,20230119,월세,59.26,2000,95,1999.0,아파트,2023
성북구,13300,정릉동,7.0,20230119,월세,59.88,10000,80,2005.0,아파트,2023
성북구,13300,정릉동,10.0,20230119,월세,114.75,10000,150,2005.0,아파트,2023
성북구,13300,정릉동,4.0,20231025,월세,54.88,1815,24,2016.0,연립다세대,2023
성북구,10900,동소문동6가,2.0,20230815,월세,32.92,3000,125,2023.0,연립다세대,2023
성북구,13300,정릉동,,20230102,월세,14.85,1000,45,2019.0,단독다가구,2023
성북구,13300,정릉동,,20230102,월세,15.0,1000,50,2017.0,단독다가구,2023
성북구,13300,정릉동,,20230102,월세,15.0,1000,45,2014.0,단독다가구,2023
성북구,13500,종암동,7.0,20230709,월세,59.67,30000,25,2000.0,아파트,2023
성북구,11800,동선동3가,,20221230,월세,19.8,1000,55,2001.0,단독다가구,2023
성북구,13900,석관동,2.0,20230218,월세,59.98,30000,40,2019.0,아파트,2023
성북구,13900,석관동,11.0,20230215,월세,39.01,11692,43,2019.0,아파트,2023
성북구,11400,삼선동4가,,20230321,월세,44.0,1000,50,1991.0,단독다가구,2023
성북구,13800,장위동,24.0,20230512,월세,84.98,15000,150,2021.0,아파트,2023
성북구,13400,길음동,37.0,20230211,월세,59.9,20000,120,2019.0,아파트,2023
성북구,13400,길음동,4.0,20230211,월세,59.9,36700,25,2019.0,아파트,2023
성북구,13600,하월곡동,6.0,20230218,월세,84.59,10000,140,2006.0,아파트,2023
성북구,13300,정릉동,10.0,20230323,월세,43.11,4000,55,2001.0,아파트,2023
성북구,13300,정릉동,3.0,20230425,월세,25.99,4500,40,2015.0,연립다세대,2023
성북구,13400,길음동,7.0,20230401,월세,59.97,10000,165,2019.0,아파트,2023
성북구,13400,길음동,11.0,20230211,월세,59.97,35000,50,2019.0,아파트,2023
성북구,13400,길음동,8.0,20230211,월세,59.97,3000,150,2019.0,아파트,2023
성북구,13500,종암동,,20221219,월세,45.2,19000,4,2012.0,단독다가구,2023
성북구,10300,돈암동,9.0,20230125,월세,59.99,17000,90,2004.0,아파트,2023
성북구,10300,돈암동,1.0,20230712,월세,51.47,500,50,1981.0,아파트,2023
성북구,10300,돈암동,18.0,20230618,월세,59.4,4000,110,1999.0,아파트,2023
성북구,13600,하월곡동,,20230102,월세,16.5,1000,45,2017.0,단독다가구,2023
성북구,13800,장위동,1.0,20230621,월세,39.0,9736,36,2022.0,아파트,2023
성북구,10300,돈암동,11.0,20230413,월세,32.23,1039,14,1999.0,아파트,2023
성북구,10300,돈암동,12.0,20230413,월세,59.93,10000,140,2016.0,아파트,2023
성북구,12500,안암동5가,,20221228,월세,19.8,200,50,1994.0,단독다가구,2023
성북구,12300,안암동3가,,20221228,월세,19.8,500,30,1991.0,단독다가구,2023
성북구,13800,장위동,4.0,20230203,월세,23.84,500,45,2003.0,오피스텔,2023
성북구,13400,길음동,3.0,20230818,월세,114.98,5000,220,2003.0,아파트,2023
성북구,13500,종암동,,20231114,월세,32.0,1000,45,1989.0,단독다가구,2023
성북구,11700,동선동2가,,20221225,월세,27.31,1000,55,1996.0,단독다가구,2023
성북구,13100,보문동2가,,20221230,월세,21.5,1000,58,2010.0,단독다가구,2023
성북구,12500,안암동5가,,20221228,월세,20.0,1000,55,2001.0,단독다가구,2023
성북구,13300,정릉동,,20221228,월세,20.0,1000,50,2018.0,단독다가구,2023
성북구,13300,정릉동,,20221228,월세,20.0,500,50,2018.0,단독다가구,2023
성북구,13600,하월곡동,8.0,20230422,월세,12.66,3000,60,2022.0,연립다세대,2023
성북구,13400,길음동,4.0,20230818,월세,114.99,50000,85,2010.0,아파트,2023
성북구,13400,길음동,2.0,20230818,월세,59.91,20000,100,2010.0,아파트,2023
성북구,12500,안암동5가,,20221214,월세,39.0,7500,20,1993.0,단독다가구,2023
성북구,13500,종암동,4.0,20230218,월세,22.64,10000,25,2018.0,연립다세대,2023
성북구,13400,길음동,19.0,20230818,월세,84.82,10000,180,2010.0,아파트,2023
성북구,13300,정릉동,10.0,20230223,월세,43.11,3000,64,2001.0,아파트,2023
성북구,13400,길음동,4.0,20230630,월세,113.23,30000,140,2007.0,아파트,2023
성북구,13400,길음동,5.0,20230630,월세,84.95,20000,160,2010.0,아파트,2023
성북구,10700,동소문동4가,3.0,20231025,월세,52.06,3500,75,2002.0,연립다세대,2023
성북구,13400,길음동,22.0,20230630,월세,114.86,40000,100,2010.0,아파트,2023
성북구,10900,동소문동6가,2.0,20230413,월세,29.59,20000,7,2011.0,연립다세대,2023
성북구,13800,장위동,4.0,20230128,월세,39.98,5000,95,2022.0,아파트,2023
성북구,13400,길음동,3.0,20230606,월세,84.97,10000,160,2005.0,아파트,2023
성북구,13400,길음동,18.0,20230609,월세,59.96,5000,150,2010.0,아파트,2023
성북구,13300,정릉동,,20230102,월세,18.18,1000,50,2018.0,단독다가구,2023
성북구,13600,하월곡동,9.0,20230227,월세,12.66,1000,70,2022.0,연립다세대,2023
성북구,13600,하월곡동,8.0,20230227,월세,12.87,1000,70,2022.0,연립다세대,2023
성북구,13600,하월곡동,10.0,20230227,월세,26.55,3000,110,2022.0,연립다세대,2023
성북구,13600,하월곡동,13.0,20230401,월세,59.75,13781,66,2006.0,아파트,2023
성북구,13600,하월곡동,11.0,20230401,월세,59.75,3000,130,2006.0,아파트,2023
성북구,13300,정릉동,12.0,20230128,월세,84.19,31500,6,1999.0,아파트,2023
성북구,13300,정릉동,7.0,20230128,월세,59.98,10000,120,2008.0,아파트,2023
성북구,13400,길음동,27.0,20230329,월세,84.98,40000,120,2019.0,아파트,2023
성북구,13400,길음동,2.0,20230512,월세,43.63,1420,20,2022.0,아파트,2023
성북구,10300,돈암동,4.0,20230609,월세,34.35,2492,14,2014.0,아파트,2023
성북구,13800,장위동,4.0,20230105,월세,28.59,4000,65,2022.0,연립다세대,2023
성북구,13300,정릉동,,20230102,월세,19.14,500,50,2019.0,단독다가구,2023
성북구,13800,장위동,6.0,20230627,월세,39.0,9736,36,2022.0,아파트,2023
성북구,13400,길음동,7.0,20230509,월세,84.98,50000,95,2022.0,아파트,2023
성북구,13800,장위동,24.0,20221217,월세,84.48,10000,190,2022.0,아파트,2023
성북구,13300,정릉동,10.0,20230314,월세,43.11,3000,52,2001.0,아파트,2023
성북구,13400,길음동,13.0,20230311,월세,59.9,35000,50,2019.0,아파트,2023
성북구,13900,석관동,2.0,20230308,월세,59.99,7140,22,2018.0,연립다세대,2023
성북구,13900,석관동,,20221230,월세,29.48,3000,64,2022.0,단독다가구,2023
성북구,13400,길음동,14.0,20230311,월세,59.99,40000,40,2019.0,아파트,2023
성북구,13400,길음동,4.0,20230311,월세,59.99,5000,180,2019.0,아파트,2023
성북구,12100,안암동1가,,20230102,월세,20.0,2000,45,2019.0,단독다가구,2023
성북구,10100,성북동,,20221230,월세,29.78,3000,110,2021.0,단독다가구,2023
성북구,13400,길음동,18.0,20230311,월세,84.66,21000,120,2019.0,아파트,2023
성북구,13400,길음동,17.0,20230311,월세,84.98,20000,210,2019.0,아파트,2023
성북구,13400,길음동,14.0,20230703,월세,84.97,40000,25,2005.0,아파트,2023
성북구,13300,정릉동,1.0,20230113,월세,25.95,1000,50,1999.0,연립다세대,2023
성북구,13600,하월곡동,10.0,20230407,월세,12.66,1000,70,2022.0,연립다세대,2023
성북구,13800,장위동,4.0,20230227,월세,56.4,10000,25,2003.0,연립다세대,2023
성북구,13400,길음동,13.0,20230606,월세,84.84,18000,100,2003.0,아파트,2023
성북구,13400,길음동,11.0,20230406,월세,84.96,38300,15,2003.0,아파트,2023
성북구,12300,안암동3가,7.0,20230807,월세,60.89,9450,10,1971.0,아파트,2023
성북구,10800,동소문동5가,14.0,20230206,월세,16.67,3000,80,2017.0,아파트,2023
성북구,10300,돈암동,9.0,20230606,월세,59.84,5000,150,2014.0,아파트,2023
성북구,13900,석관동,9.0,20230329,월세,30.0,4658,5,2009.0,아파트,2023
성북구,13500,종암동,12.0,20230329,월세,59.97,15000,120,2009.0,아파트,2023
성북구,13800,장위동,2.0,20230113,월세,28.8,13000,15,2016.0,연립다세대,2023
성북구,13600,하월곡동,15.0,20230317,월세,114.89,33600,40,1998.0,아파트,2023
성북구,13300,정릉동,5.0,20230302,월세,81.97,13000,40,2010.0,아파트,2023
성북구,13300,정릉동,,20230108,월세,13.0,1000,40,2019.0,단독다가구,2023
성북구,13300,정릉동,,20230108,월세,13.0,1000,55,2021.0,단독다가구,2023
성북구,13300,정릉동,,20230108,월세,13.0,500,45,2016.0,단독다가구,2023
성북구,10400,동소문동1가,,20230221,월세,39.0,10000,45,1997.0,단독다가구,2023
성북구,13900,석관동,12.0,20230329,월세,59.98,33600,50,2019.0,아파트,2023
성북구,13900,석관동,4.0,20230329,월세,84.98,5000,27,2019.0,아파트,2023
성북구,13500,종암동,19.0,20230311,월세,84.92,20000,120,2009.0,아파트,2023
성북구,13300,정릉동,,20230105,월세,13.0,500,50,2018.0,단독다가구,2023
성북구,13300,정릉동,,20230105,월세,13.0,1000,50,2018.0,단독다가구,2023
성북구,13600,하월곡동,,20230108,월세,15.0,500,45,2012.0,단독다가구,2023
성북구,13300,정릉동,,20230108,월세,15.0,500,45,2011.0,단독다가구,2023
성북구,13300,정릉동,,20230108,월세,15.0,200,29,2001.0,단독다가구,2023
성북구,13600,하월곡동,2.0,20230514,월세,57.8,2000,90,2017.0,연립다세대,2023
성북구,10300,돈암동,15.0,20230323,월세,59.93,7000,165,2016.0,아파트,2023
성북구,13900,석관동,19.0,20230311,월세,59.96,12000,140,2019.0,아파트,2023
성북구,13900,석관동,5.0,20230311,월세,59.98,32500,40,2019.0,아파트,2023
성북구,12500,안암동5가,,20230102,월세,22.02,5000,45,1995.0,단독다가구,2023
성북구,13800,장위동,11.0,20230614,월세,38.17,1500,80,2020.0,아파트,2023
성북구,13600,하월곡동,,20230102,월세,23.0,1000,33,1995.0,단독다가구,2023
성북구,13400,길음동,5.0,20230706,월세,84.92,10000,180,2010.0,아파트,2023
성북구,13600,하월곡동,4.0,20230311,월세,59.75,10000,120,2006.0,아파트,2023
성북구,13300,정릉동,,20221230,월세,36.0,2000,70,2016.0,단독다가구,2023
성북구,13300,정릉동,1.0,20230706,월세,114.76,10000,155,1999.0,아파트,2023
성북구,13300,정릉동,4.0,20231127,월세,12.07,0,53,2013.0,연립다세대,2023
성북구,13400,길음동,4.0,20230706,월세,68.14,5000,75,1988.0,아파트,2023
성북구,13400,길음동,16.0,20230406,월세,59.37,10000,145,2007.0,아파트,2023
성북구,13300,정릉동,,20230113,월세,13.0,1000,30,2021.0,단독다가구,2023
성북구,13800,장위동,20.0,20230311,월세,59.99,5000,160,2020.0,아파트,2023
성북구,13900,석관동,14.0,20230317,월세,59.97,3500,120,1998.0,아파트,2023
성북구,13400,길음동,6.0,20230404,월세,59.97,10000,159,2019.0,아파트,2023
성북구,13400,길음동,4.0,20230401,월세,38.02,4767,3,2022.0,아파트,2023
성북구,13400,길음동,8.0,20230401,월세,38.02,2033,16,2022.0,아파트,2023
성북구,13500,종암동,,20230108,월세,16.5,1000,40,2011.0,단독다가구,2023
성북구,13600,하월곡동,,20230113,월세,15.0,500,39,2015.0,단독다가구,2023
성북구,13300,정릉동,,20230113,월세,15.0,1000,50,2017.0,단독다가구,2023
성북구,13300,정릉동,,20230113,월세,15.0,1000,45,2019.0,단독다가구,2023
성북구,13700,상월곡동,,20221225,월세,46.21,1000,65,1992.0,단독다가구,2023
성북구,13300,정릉동,12.0,20230325,월세,114.84,15000,120,2001.0,아파트,2023
성북구,13400,길음동,6.0,20230406,월세,84.82,30000,120,2010.0,아파트,2023
성북구,13300,정릉동,,20230111,월세,15.0,1000,43,2018.0,단독다가구,2023
성북구,13300,정릉동,,20230111,월세,15.0,1000,45,2019.0,단독다가구,2023
성북구,13400,길음동,6.0,20230612,월세,84.82,10000,180,2010.0,아파트,2023
성북구,13400,길음동,26.0,20230419,월세,59.99,20000,120,2019.0,아파트,2023
성북구,11400,삼선동4가,4.0,20230410,월세,13.88,1000,42,2010.0,연립다세대,2023
성북구,13400,길음동,3.0,20230419,월세,84.98,30000,150,2019.0,아파트,2023
성북구,13300,정릉동,,20230113,월세,16.0,1000,45,2022.0,단독다가구,2023
성북구,13900,석관동,6.0,20230313,월세,84.9,28000,30,1998.0,아파트,2023
성북구,13500,종암동,,20230108,월세,18.0,1500,28,2015.0,단독다가구,2023
성북구,13400,길음동,5.0,20230224,월세,38.02,2733,14,2022.0,아파트,2023
성북구,13400,길음동,4.0,20230422,월세,59.69,5000,190,2019.0,아파트,2023
성북구,13500,종암동,2.0,20231116,월세,37.9,10600,12,1986.0,연립다세대,2023
성북구,13500,종암동,2.0,20230119,월세,29.96,16000,10,2013.0,연립다세대,2023
성북구,12000,동선동5가,,20230111,월세,16.0,1000,50,2008.0,단독다가구,2023
성북구,12900,보문동7가,2.0,20230731,월세,13.92,1000,48,2012.0,연립다세대,2023
성북구,13600,하월곡동,,20230102,월세,30.0,300,29,1990.0,단독다가구,2023
성북구,12100,안암동1가,,20230102,월세,30.0,1000,80,1989.0,단독다가구,2023
성북구,13600,하월곡동,,20230113,월세,16.52,1000,50,2018.0,단독다가구,2023
성북구,11800,동선동3가,4.0,20230105,월세,39.72,3000,5,2002.0,연립다세대,2023
성북구,13900,석관동,9.0,20230427,월세,59.98,37800,8,2019.0,아파트,2023
성북구,13700,상월곡동,,20221230,월세,47.19,1000,50,1992.0,단독다가구,2023
성북구,13100,보문동2가,,20230113,월세,17.0,1000,63,2010.0,단독다가구,2023
성북구,13700,상월곡동,,20230113,월세,17.0,1000,50,2017.0,단독다가구,2023
성북구,13300,정릉동,,20230113,월세,17.0,1000,50,2018.0,단독다가구,2023
성북구,13500,종암동,,20221225,월세,65.0,5000,80,1997.0,단독다가구,2023
성북구,13500,종암동,11.0,20230302,월세,84.99,5000,195,2011.0,아파트,2023
성북구,13400,길음동,8.0,20230329,월세,38.02,2733,14,2022.0,아파트,2023
성북구,13400,길음동,5.0,20230329,월세,38.02,1093,18,2022.0,아파트,2023
성북구,13400,길음동,7.0,20230329,월세,38.02,1093,18,2022.0,아파트,2023
성북구,13400,길음동,8.0,20230329,월세,38.02,1093,18,2022.0,아파트,2023
성북구,13400,길음동,9.0,20230329,월세,38.02,1093,18,2022.0,아파트,2023
성북구,13400,길음동,10.0,20230329,월세,38.02,2733,14,2022.0,아파트,2023
성북구,13400,길음동,9.0,20230329,월세,38.02,2733,14,2022.0,아파트,2023
성북구,13400,길음동,3.0,20230329,월세,38.02,1093,18,2022.0,아파트,2023
성북구,13400,길음동,1.0,20230329,월세,38.02,1093,18,2022.0,아파트,2023
성북구,13400,길음동,9.0,20230329,월세,38.02,4767,3,2022.0,아파트,2023
성북구,13400,길음동,11.0,20230329,월세,38.02,1093,18,2022.0,아파트,2023
성북구,13400,길음동,2.0,20230329,월세,38.02,2733,14,2022.0,아파트,2023
성북구,13400,길음동,17.0,20230407,월세,59.69,3000,170,2019.0,아파트,2023
성북구,13400,길음동,3.0,20230407,월세,59.97,4923,8,2019.0,아파트,2023
성북구,13400,길음동,2.0,20230407,월세,59.97,4923,8,2019.0,아파트,2023
성북구,13800,장위동,3.0,20231002,월세,40.81,3000,30,1990.0,연립다세대,2023
성북구,13400,길음동,12.0,20230413,월세,49.18,2376,15,2019.0,아파트,2023
성북구,13400,길음동,13.0,20230413,월세,59.9,40000,40,2019.0,아파트,2023
성북구,13300,정릉동,,20230111,월세,17.0,1000,40,2013.0,단독다가구,2023
성북구,13300,정릉동,,20230111,월세,17.0,500,45,2018.0,단독다가구,2023
성북구,13300,정릉동,,20230111,월세,17.0,1000,30,2021.0,단독다가구,2023
성북구,11500,삼선동5가,,20230113,월세,18.0,1000,45,2009.0,단독다가구,2023
성북구,12300,안암동3가,,20230113,월세,18.0,3000,50,2016.0,단독다가구,2023
성북구,13300,정릉동,,20230113,월세,18.0,1000,55,2021.0,단독다가구,2023
성북구,13900,석관동,,20230321,월세,45.0,500,50,1983.0,단독다가구,2023
성북구,13800,장위동,,20230102,월세,33.0,300,30,1991.0,단독다가구,2023
성북구,13400,길음동,2.0,20230311,월세,84.77,1000,70,2022.0,아파트,2023
성북구,10300,돈암동,3.0,20230224,월세,49.61,16000,18,2001.0,연립다세대,2023
성북구,13600,하월곡동,5.0,20230520,월세,30.66,1000,85,2019.0,연립다세대,2023
성북구,10300,돈암동,10.0,20230314,월세,84.72,10000,100,1994.0,아파트,2023
성북구,10100,성북동,2.0,20230323,월세,66.0,24000,20,2006.0,연립다세대,2023
성북구,13400,길음동,22.0,20230317,월세,59.99,30000,70,2019.0,아파트,2023
성북구,13300,정릉동,,20221224,월세,27.0,1000,58,2017.0,단독다가구,2023
성북구,12500,안암동5가,,20230108,월세,20.0,500,50,1997.0,단독다가구,2023
성북구,10300,돈암동,,20221228,월세,41.87,2000,70,1965.0,단독다가구,2023
성북구,11700,동선동2가,,20230113,월세,18.15,1000,60,1990.0,단독다가구,2023
성북구,13700,상월곡동,2.0,20230314,월세,59.95,12500,50,2003.0,아파트,2023
성북구,13600,하월곡동,13.0,20230422,월세,114.68,15000,185,2006.0,아파트,2023
성북구,13600,하월곡동,5.0,20230718,월세,29.76,10000,50,2020.0,오피스텔,2023
성북구,13300,정릉동,,20230113,월세,19.0,1000,30,2021.0,단독다가구,2023
성북구,13300,정릉동,23.0,20230320,월세,109.75,30000,95,2008.0,아파트,2023
성북구,13300,정릉동,2.0,20231025,월세,30.58,10000,31,2006.0,연립다세대,2023
성북구,13800,장위동,4.0,20230712,월세,32.22,9280,34,2017.0,아파트,2023
성북구,13800,장위동,,20230102,월세,37.0,500,30,1994.0,단독다가구,2023
성북구,13400,길음동,7.0,20230410,월세,49.18,4030,6,2019.0,아파트,2023
성북구,12700,보문동5가,,20231114,월세,34.14,1000,40,1991.0,단독다가구,2023
성북구,13300,정릉동,5.0,20230508,월세,21.59,3000,50,2017.0,연립다세대,2023
성북구,13500,종암동,2.0,20230508,월세,34.84,7000,47,2008.0,연립다세대,2023
성북구,12500,안암동5가,,20230113,월세,19.8,1000,47,1991.0,단독다가구,2023
성북구,13900,석관동,6.0,20230407,월세,44.19,5308,8,2019.0,아파트,2023
성북구,13900,석관동,4.0,20230511,월세,75.9,1500,93,2009.0,연립다세대,2023
성북구,13400,길음동,11.0,20230227,월세,59.93,3000,180,2019.0,아파트,2023
성북구,13300,정릉동,3.0,20230518,월세,29.51,4000,55,2018.0,연립다세대,2023
성북구,13400,길음동,7.0,20230227,월세,38.02,2733,14,2022.0,아파트,2023
성북구,13400,길음동,4.0,20230227,월세,38.02,2733,14,2022.0,아파트,2023
성북구,13400,길음동,6.0,20230227,월세,38.02,4258,6,2022.0,아파트,2023
성북구,13400,길음동,7.0,20230227,월세,38.02,4767,3,2022.0,아파트,2023
성북구,13400,길음동,6.0,20230227,월세,38.02,2733,14,2022.0,아파트,2023
성북구,13400,길음동,3.0,20230227,월세,38.02,2733,14,2022.0,아파트,2023
성북구,13400,길음동,3.0,20230227,월세,38.02,4767,3,2022.0,아파트,2023
성북구,13400,길음동,4.0,20230227,월세,38.02,1093,18,2022.0,아파트,2023
성북구,13800,장위동,,20230113,월세,20.0,150,20,1958.0,단독다가구,2023
성북구,10300,돈암동,,20230113,월세,20.0,1000,40,1994.0,단독다가구,2023
성북구,11600,동선동1가,,20230113,월세,20.0,5000,30,2010.0,단독다가구,2023
성북구,13400,길음동,9.0,20230227,월세,43.63,4757,3,2022.0,아파트,2023
성북구,13400,길음동,9.0,20230227,월세,43.63,3120,16,2022.0,아파트,2023
성북구,13400,길음동,8.0,20230227,월세,43.63,3120,16,2022.0,아파트,2023
성북구,13300,정릉동,9.0,20230217,월세,43.11,2000,80,2001.0,아파트,2023
성북구,13800,장위동,1.0,20230105,월세,56.85,9000,20,2001.0,연립다세대,2023
성북구,13400,길음동,9.0,20230320,월세,59.97,12000,140,2019.0,아파트,2023
성북구,12000,동선동5가,1.0,20230713,월세,36.41,12000,40,2012.0,연립다세대,2023
성북구,10300,돈암동,11.0,20230105,월세,32.49,516,6,1998.0,아파트,2023
성북구,11700,동선동2가,,20230111,월세,20.0,500,40,2000.0,단독다가구,2023
성북구,13300,정릉동,,20230111,월세,20.0,500,50,2017.0,단독다가구,2023
성북구,13700,상월곡동,,20230111,월세,20.0,1000,50,2017.0,단독다가구,2023
성북구,12500,안암동5가,,20230111,월세,20.0,500,54,2000.0,단독다가구,2023
성북구,13900,석관동,,20230102,월세,41.58,6000,25,1994.0,단독다가구,2023
성북구,13800,장위동,,20231114,월세,35.0,500,40,1993.0,단독다가구,2023
성북구,13800,장위동,7.0,20230317,월세,84.94,25000,120,2020.0,아파트,2023
성북구,13100,보문동2가,2.0,20230502,월세,16.32,500,45,2010.0,연립다세대,2023
성북구,13600,하월곡동,7.0,20230406,월세,59.65,3000,135,2010.0,아파트,2023
성북구,13300,정릉동,,20230223,월세,49.58,1500,40,1997.0,단독다가구,2023
성북구,12500,안암동5가,,20230108,월세,23.14,500,50,1994.0,단독다가구,2023
성북구,12100,안암동1가,,20221224,월세,30.0,500,50,1988.0,단독다가구,2023
성북구,13600,하월곡동,4.0,20221222,월세,59.65,4000,120,2010.0,아파트,2023
성북구,13300,정릉동,2.0,20230128,월세,64.04,5000,90,2006.0,연립다세대,2023
성북구,13300,정릉동,,20230220,월세,140.42,18000,25,2002.0,단독다가구,2023
성북구,13400,길음동,4.0,20230428,월세,84.96,19000,80,2003.0,아파트,2023
성북구,10300,돈암동,10.0,20230125,월세,68.13,5000,120,1998.0,아파트,2023
성북구,11800,동선동3가,,20230113,월세,21.49,1000,70,1953.0,단독다가구,2023
성북구,13800,장위동,23.0,20230427,월세,59.92,30000,60,2021.0,아파트,2023
성북구,10300,돈암동,,20221228,월세,62.0,500,42,,단독다가구,2023
성북구,11000,동소문동7가,9.0,20230128,월세,59.91,5000,150,2004.0,아파트,2023
성북구,13500,종암동,4.0,20230227,월세,20.89,4000,90,2018.0,연립다세대,2023
성북구,13300,정릉동,,20230113,월세,22.53,500,40,2013.0,단독다가구,2023
성북구,12800,보문동6가,2.0,20230305,월세,59.87,35000,40,2017.0,아파트,2023
성북구,13400,길음동,,20230522,월세,47.0,500,60,1992.0,단독다가구,2023
성북구,13600,하월곡동,22.0,20230428,월세,84.91,5000,160,2011.0,아파트,2023
성북구,13800,장위동,10.0,20230410,월세,59.99,13000,100,2020.0,아파트,2023
성북구,13800,장위동,,20230116,월세,13.49,1100,20,1977.0,단독다가구,2023
성북구,13400,길음동,4.0,20230302,월세,38.02,2733,14,2022.0,아파트,2023
성북구,13400,길음동,6.0,20230302,월세,38.02,2733,14,2022.0,아파트,2023
성북구,13400,길음동,6.0,20230302,월세,38.02,1093,18,2022.0,아파트,2023
성북구,13400,길음동,4.0,20230302,월세,38.02,1093,18,2022.0,아파트,2023
성북구,12500,안암동5가,,20230102,월세,52.0,1000,100,1993.0,단독다가구,2023
성북구,13400,길음동,7.0,20230302,월세,43.63,3120,16,2022.0,아파트,2023
성북구,10300,돈암동,9.0,20230128,월세,59.58,5000,130,1998.0,아파트,2023
성북구,10300,돈암동,10.0,20230223,월세,32.49,2262,5,1999.0,아파트,2023
성북구,10300,돈암동,7.0,20230223,월세,32.23,2730,8,1999.0,아파트,2023
성북구,13300,정릉동,-1.0,20230203,월세,109.89,1000,60,1992.0,연립다세대,2023
성북구,13800,장위동,22.0,20230428,월세,59.5,20000,88,2017.0,아파트,2023
성북구,13600,하월곡동,11.0,20230428,월세,59.65,21000,65,2010.0,아파트,2023
성북구,13600,하월곡동,,20230113,월세,24.49,500,25,1993.0,단독다가구,2023
성북구,12100,안암동1가,,20230111,월세,23.1,500,30,1994.0,단독다가구,2023
성북구,13800,장위동,12.0,20230410,월세,59.92,10000,135,2021.0,아파트,2023
성북구,13300,정릉동,5.0,20230131,월세,32.76,1470,15,2005.0,아파트,2023
성북구,13400,길음동,13.0,20230415,월세,59.86,10000,85,2005.0,아파트,2023
성북구,13500,종암동,8.0,20230203,월세,59.4,3000,110,1996.0,아파트,2023
성북구,13400,길음동,13.0,20230412,월세,30.61,1780,16,2005.0,아파트,2023
성북구,13400,길음동,4.0,20230415,월세,84.64,20000,125,2005.0,아파트,2023
성북구,13000,보문동1가,14.0,20230308,월세,39.2,4353,6,2022.0,아파트,2023
성북구,13300,정릉동,,20231114,월세,36.0,10000,50,2012.0,단독다가구,2023
성북구,13800,장위동,11.0,20230320,월세,39.9,7978,29,2021.0,아파트,2023
성북구,13800,장위동,10.0,20230320,월세,39.9,8448,31,2021.0,아파트,2023
성북구,13800,장위동,7.0,20230320,월세,39.9,9094,24,2021.0,아파트,2023
성북구,13800,장위동,5.0,20230320,월세,42.79,2647,17,2021.0,아파트,2023
성북구,13800,장위동,1.0,20230320,월세,42.79,2647,17,2021.0,아파트,2023
성북구,13300,정릉동,7.0,20230621,월세,43.11,1000,100,2001.0,아파트,2023
성북구,11000,동소문동7가,,20230116,월세,16.5,3000,50,2018.0,단독다가구,2023
성북구,13800,장위동,24.0,20230323,월세,36.14,2423,15,2020.0,아파트,2023
성북구,13500,종암동,,20230119,월세,15.9,500,35,1971.0,단독다가구,2023
성북구,10200,성북동1가,5.0,20230105,월세,22.47,1000,75,2015.0,오피스텔,2023
성북구,13300,정릉동,3.0,20230226,월세,15.47,500,45,2001.0,연립다세대,2023
성북구,13600,하월곡동,,20230116,월세,16.52,1000,40,1991.0,단독다가구,2023
성북구,11700,동선동2가,,20231027,월세,55.47,8000,55,1990.0,단독다가구,2023
성북구,13100,보문동2가,,20230111,월세,26.42,2000,50,1996.0,단독다가구,2023
성북구,13500,종암동,,20230119,월세,16.5,300,40,1997.0,단독다가구,2023
성북구,13500,종암동,,20230113,월세,30.0,500,50,2004.0,단독다가구,2023
성북구,13800,장위동,9.0,20230106,월세,59.49,10000,150,2022.0,아파트,2023
성북구,13400,길음동,10.0,20230413,월세,38.02,1093,18,2022.0,아파트,2023
성북구,13600,하월곡동,3.0,20230106,월세,59.65,15000,75,2010.0,아파트,2023
성북구,13800,장위동,2.0,20230101,월세,32.22,7982,21,2017.0,아파트,2023
성북구,11200,삼선동2가,,20230116,월세,18.0,1000,45,1993.0,단독다가구,2023
성북구,10200,성북동1가,,20230116,월세,18.0,2000,42,2012.0,단독다가구,2023
성북구,12500,안암동5가,,20230116,월세,18.0,1000,48,1991.0,단독다가구,2023
성북구,11400,삼선동4가,2.0,20230103,월세,21.89,5000,55,2013.0,연립다세대,2023
성북구,13400,길음동,2.0,20230415,월세,60.0,30000,50,2003.0,아파트,2023
성북구,11800,동선동3가,,20230108,월세,33.4,7000,40,1996.0,단독다가구,2023
성북구,13900,석관동,,20230119,월세,17.0,500,40,2018.0,단독다가구,2023
성북구,13300,정릉동,,20230111,월세,29.0,500,40,1997.0,단독다가구,2023
성북구,13300,정릉동,,20230111,월세,29.0,1000,90,2018.0,단독다가구,2023
성북구,13500,종암동,,20230108,월세,35.0,1000,45,1993.0,단독다가구,2023
성북구,11500,삼선동5가,,20230111,월세,30.0,2000,115,2021.0,단독다가구,2023
성북구,13900,석관동,,20230111,월세,30.0,2000,40,1994.0,단독다가구,2023
성북구,13700,상월곡동,,20230119,월세,18.0,500,40,2019.0,단독다가구,2023
성북구,13900,석관동,,20230119,월세,18.0,2000,40,2018.0,단독다가구,2023
성북구,13300,정릉동,9.0,20230206,월세,84.96,20000,30,2003.0,아파트,2023
성북구,13300,정릉동,1.0,20230206,월세,19.7,5780,19,2020.0,연립다세대,2023
성북구,13300,정릉동,1.0,20230206,월세,19.7,2890,25,2020.0,연립다세대,2023
성북구,13300,정릉동,4.0,20230206,월세,22.26,6912,23,2020.0,연립다세대,2023
성북구,13300,정릉동,4.0,20230206,월세,36.33,11304,37,2020.0,연립다세대,2023
성북구,13300,정릉동,2.0,20230206,월세,36.33,10676,35,2020.0,연립다세대,2023
성북구,13300,정릉동,4.0,20230206,월세,36.33,14974,18,2020.0,연립다세대,2023
성북구,13300,정릉동,2.0,20230206,월세,36.33,14146,17,2020.0,연립다세대,2023
성북구,13500,종암동,2.0,20230322,월세,60.25,7000,40,1997.0,연립다세대,2023
성북구,11900,동선동4가,8.0,20230215,월세,20.87,1000,66,2017.0,오피스텔,2023
성북구,11100,삼선동1가,4.0,20230224,월세,40.5,13000,30,1988.0,연립다세대,2023
성북구,13500,종암동,,20230108,월세,37.28,1000,40,1993.0,단독다가구,2023
성북구,13400,길음동,8.0,20230410,월세,38.02,4767,3,2022.0,아파트,2023
성북구,13400,길음동,2.0,20230410,월세,38.02,1093,18,2022.0,아파트,2023
성북구,11700,동선동2가,,20230116,월세,18.53,1000,45,2012.0,단독다가구,2023
성북구,11900,동선동4가,,20221224,월세,30.25,2000,50,1995.0,단독다가구,2023
성북구,13500,종암동,11.0,20230206,월세,75.5,5000,120,1996.0,아파트,2023
성북구,12000,동선동5가,4.0,20230826,월세,29.96,10000,75,2019.0,연립다세대,2023
성북구,13600,하월곡동,,20230113,월세,34.31,1000,40,1995.0,단독다가구,2023
성북구,10300,돈암동,13.0,20230807,월세,59.4,5000,85,1999.0,아파트,2023
성북구,13800,장위동,8.0,20230314,월세,59.99,2000,20,2020.0,아파트,2023
성북구,13500,종암동,2.0,20230215,월세,59.99,5000,130,2004.0,아파트,2023
성북구,13600,하월곡동,,20230119,월세,19.0,8000,10,2016.0,단독다가구,2023
성북구,13900,석관동,16.0,20230304,월세,54.55,27300,15,1998.0,아파트,2023
성북구,13600,하월곡동,,20230116,월세,19.83,1000,55,2017.0,단독다가구,2023
성북구,10300,돈암동,11.0,20230528,월세,114.66,10000,145,1999.0,아파트,2023
성북구,12400,안암동4가,,20230116,월세,20.0,1000,50,2016.0,단독다가구,2023
성북구,13700,상월곡동,3.0,20230615,월세,59.95,3000,100,2003.0,아파트,2023
성북구,13500,종암동,,20230111,월세,35.0,8000,30,2002.0,단독다가구,2023
성북구,13100,보문동2가,,20230119,월세,19.8,1500,47,2000.0,단독다가구,2023
성북구,10300,돈암동,2.0,20230603,월세,32.23,3018,3,1999.0,아파트,2023
성북구,13400,길음동,4.0,20230425,월세,30.61,1723,16,2005.0,아파트,2023
성북구,13400,길음동,8.0,20230425,월세,30.61,1723,16,2005.0,아파트,2023
성북구,13400,길음동,16.0,20230425,월세,30.61,1723,16,2005.0,아파트,2023
성북구,13400,길음동,8.0,20230425,월세,30.61,3474,7,2005.0,아파트,2023
성북구,13600,하월곡동,7.0,20221218,월세,114.68,10000,180,2006.0,아파트,2023
성북구,13400,길음동,15.0,20230425,월세,59.99,5000,160,2005.0,아파트,2023
성북구,11400,삼선동4가,8.0,20230203,월세,84.87,30000,50,1999.0,아파트,2023
성북구,10700,동소문동4가,,20230119,월세,20.0,1000,55,2011.0,단독다가구,2023
성북구,12100,안암동1가,,20230119,월세,20.0,1000,45,2007.0,단독다가구,2023
성북구,11800,동선동3가,,20230111,월세,36.3,2000,60,1997.0,단독다가구,2023
성북구,13300,정릉동,6.0,20230425,월세,50.45,10000,80,1999.0,아파트,2023
성북구,13600,하월곡동,10.0,20230215,월세,15.54,1000,60,2013.0,아파트,2023
성북구,10700,동소문동4가,5.0,20230215,월세,60.27,500,40,2001.0,연립다세대,2023
성북구,10700,동소문동4가,,20230128,월세,13.0,1000,40,2011.0,단독다가구,2023
성북구,13300,정릉동,,20230128,월세,13.0,500,45,1996.0,단독다가구,2023
성북구,11800,동선동3가,,20230111,월세,38.48,2000,65,1997.0,단독다가구,2023
성북구,13900,석관동,,20230116,월세,20.6,1000,40,2019.0,단독다가구,2023
성북구,11800,동선동3가,,20230116,월세,21.0,1000,50,2006.0,단독다가구,2023
성북구,13300,정릉동,5.0,20230328,월세,59.98,4000,88,2001.0,아파트,2023
성북구,11800,동선동3가,2.0,20230203,월세,24.4,15000,70,2021.0,연립다세대,2023
성북구,10600,동소문동3가,,20221224,월세,33.0,2000,85,2020.0,단독다가구,2023
성북구,13300,정릉동,,20230128,월세,15.0,1000,45,2022.0,단독다가구,2023
성북구,13300,정릉동,,20230128,월세,15.0,1000,40,2017.0,단독다가구,2023
성북구,13900,석관동,,20230113,월세,41.58,500,30,1994.0,단독다가구,2023
성북구,13800,장위동,6.0,20230415,월세,59.1,10000,160,2022.0,아파트,2023
성북구,13300,정릉동,,20230125,월세,15.0,5000,20,2001.0,단독다가구,2023
성북구,13500,종암동,,20230113,월세,42.0,200,50,2009.0,단독다가구,2023
성북구,13400,길음동,3.0,20230331,월세,46.84,1000,90,,연립다세대,2023
성북구,13800,장위동,10.0,20230412,월세,59.99,20000,100,2008.0,아파트,2023
성북구,13800,장위동,10.0,20230425,월세,39.0,11681,30,2022.0,아파트,2023
성북구,13600,하월곡동,2.0,20230425,월세,59.65,15000,108,2010.0,아파트,2023
성북구,12500,안암동5가,,20230119,월세,21.0,500,48,1994.0,단독다가구,2023
성북구,11300,삼선동3가,,20230116,월세,23.0,500,50,1983.0,단독다가구,2023
성북구,11800,동선동3가,,20230113,월세,45.0,2000,100,2012.0,단독다가구,2023
성북구,12100,안암동1가,,20230116,월세,23.1,2000,35,1994.0,단독다가구,2023
성북구,13600,하월곡동,11.0,20230308,월세,15.54,1000,55,2013.0,아파트,2023
성북구,10300,돈암동,15.0,20230810,월세,114.66,15000,170,1999.0,아파트,2023
성북구,10300,돈암동,3.0,20230915,월세,51.47,1000,40,1981.0,아파트,2023
성북구,13800,장위동,,20230926,월세,33.66,300,45,1991.0,단독다가구,2023
성북구,13600,하월곡동,22.0,20230301,월세,133.74,58000,60,2011.0,아파트,2023
성북구,13700,상월곡동,,20230128,월세,16.49,1000,55,2019.0,단독다가구,2023
성북구,13600,하월곡동,,20230128,월세,16.5,500,39,2015.0,단독다가구,2023
성북구,13900,석관동,,20230128,월세,16.5,500,25,2010.0,단독다가구,2023
성북구,13500,종암동,,20230125,월세,16.5,300,40,1997.0,단독다가구,2023
성북구,13700,상월곡동,,20230125,월세,16.5,1000,45,2015.0,단독다가구,2023
성북구,12400,안암동4가,,20230125,월세,16.5,3000,55,2020.0,단독다가구,2023
성북구,10300,돈암동,19.0,20230401,월세,59.79,6000,95,1998.0,아파트,2023
성북구,13900,석관동,,20230125,월세,16.52,10000,10,2019.0,단독다가구,2023
성북구,13600,하월곡동,,20230128,월세,17.0,500,50,2015.0,단독다가구,2023
성북구,13800,장위동,,20230116,월세,25.48,5000,53,2020.0,단독다가구,2023
성북구,13900,석관동,4.0,20230320,월세,39.52,1021,21,2018.0,연립다세대,2023
성북구,10900,동소문동6가,16.0,20230221,월세,14.18,19000,7,2012.0,아파트,2023
성북구,13300,정릉동,,20230128,월세,18.0,1000,40,2018.0,단독다가구,2023
성북구,13500,종암동,1.0,20230527,월세,44.51,2000,65,1986.0,연립다세대,2023
성북구,13400,길음동,9.0,20230427,월세,38.02,4767,3,2022.0,아파트,2023
성북구,12100,안암동1가,,20230125,월세,17.63,1000,42,2018.0,단독다가구,2023
성북구,13100,보문동2가,,20230119,월세,26.0,8000,10,1996.0,단독다가구,2023
성북구,13600,하월곡동,8.0,20230807,월세,12.71,5000,40,2022.0,연립다세대,2023
성북구,13600,하월곡동,8.0,20230807,월세,12.71,1000,70,2022.0,연립다세대,2023
성북구,12000,동선동5가,4.0,20230527,월세,29.96,2000,90,2019.0,연립다세대,2023
성북구,13600,하월곡동,,20230108,월세,107.0,500,40,1991.0,단독다가구,2023
성북구,13900,석관동,2.0,20230301,월세,84.9,36750,35,1998.0,아파트,2023
성북구,13900,석관동,4.0,20230425,월세,26.24,20000,15,2022.0,연립다세대,2023
성북구,13400,길음동,14.0,20230826,월세,84.97,20000,120,2005.0,아파트,2023
성북구,13900,석관동,,20230113,월세,63.32,800,40,1993.0,단독다가구,2023
성북구,10300,돈암동,11.0,20230818,월세,32.49,916,14,1999.0,아파트,2023
성북구,13600,하월곡동,,20230116,월세,30.0,10000,35,2018.0,단독다가구,2023
성북구,13900,석관동,7.0,20230313,월세,39.01,9324,24,2019.0,아파트,2023
성북구,13400,길음동,4.0,20230106,월세,59.97,35000,60,2019.0,아파트,2023
성북구,12800,보문동6가,6.0,20230401,월세,59.81,10000,136,2017.0,아파트,2023
성북구,13600,하월곡동,22.0,20221226,월세,84.91,10000,135,2011.0,아파트,2023
성북구,13800,장위동,6.0,20230418,월세,39.0,9875,45,2022.0,아파트,2023
성북구,13800,장위동,8.0,20230418,월세,39.0,11681,30,2022.0,아파트,2023
성북구,13800,장위동,22.0,20230418,월세,39.0,11096,29,2022.0,아파트,2023
성북구,13800,장위동,11.0,20230418,월세,39.0,11681,30,2022.0,아파트,2023
성북구,13800,장위동,5.0,20230418,월세,39.0,11681,30,2022.0,아파트,2023
성북구,13800,장위동,1.0,20230418,월세,39.0,11096,29,2022.0,아파트,2023
성북구,13800,장위동,10.0,20230418,월세,39.0,11681,30,2022.0,아파트,2023
성북구,13800,장위동,11.0,20230418,월세,39.0,10512,27,2022.0,아파트,2023
성북구,13800,장위동,7.0,20230418,월세,39.0,11681,30,2022.0,아파트,2023
성북구,13800,장위동,8.0,20230418,월세,39.0,7467,37,2022.0,아파트,2023
성북구,13800,장위동,8.0,20230418,월세,39.0,8711,32,2022.0,아파트,2023
성북구,13400,길음동,17.0,20230826,월세,113.23,59000,70,2007.0,아파트,2023
성북구,13800,장위동,1.0,20230418,월세,40.47,12120,32,2022.0,아파트,2023
성북구,13800,장위동,3.0,20230418,월세,40.47,8610,43,2022.0,아파트,2023
성북구,11400,삼선동4가,3.0,20230615,월세,12.25,2000,24,2010.0,연립다세대,2023
성북구,13400,길음동,6.0,20230826,월세,59.99,39900,30,2010.0,아파트,2023
성북구,11500,삼선동5가,12.0,20230721,월세,27.69,1000,60,2003.0,오피스텔,2023
성북구,10300,돈암동,10.0,20230624,월세,84.82,7000,160,2006.0,아파트,2023
성북구,12200,안암동2가,,20230116,월세,32.38,1000,45,1994.0,단독다가구,2023
성북구,10900,동소문동6가,,20230128,월세,19.8,5000,37,2018.0,단독다가구,2023
성북구,13600,하월곡동,5.0,20230215,월세,50.21,3513,13,2017.0,연립다세대,2023
성북구,12100,안암동1가,,20230111,월세,75.6,1000,90,2004.0,단독다가구,2023
성북구,11900,동선동4가,,20230128,월세,20.0,500,35,1971.0,단독다가구,2023
성북구,10300,돈암동,10.0,20230131,월세,68.13,5000,130,1998.0,아파트,2023
성북구,13100,보문동2가,8.0,20230114,월세,15.84,1000,57,2018.0,연립다세대,2023
성북구,10100,성북동,,20230119,월세,32.93,8000,110,1954.0,단독다가구,2023
성북구,12300,안암동3가,,20230125,월세,20.0,3000,50,,단독다가구,2023
성북구,11700,동선동2가,,20230125,월세,20.0,1000,41,1994.0,단독다가구,2023
성북구,12000,동선동5가,,20230116,월세,34.7,500,40,1993.0,단독다가구,2023
성북구,11300,삼선동3가,2.0,20230221,월세,35.58,2012,20,2008.0,아파트,2023
성북구,12300,안암동3가,,20230116,월세,35.0,1000,60,1990.0,단독다가구,2023
성북구,10300,돈암동,3.0,20230203,월세,32.49,1335,2,1998.0,아파트,2023
성북구,10900,동소문동6가,19.0,20230519,월세,14.18,5000,61,2012.0,아파트,2023
성북구,13700,상월곡동,14.0,20230810,월세,59.95,5000,100,2003.0,아파트,2023
성북구,11400,삼선동4가,11.0,20230112,월세,27.09,10000,58,2014.0,오피스텔,2023
성북구,11400,삼선동4가,10.0,20230112,월세,28.11,14000,30,2014.0,오피스텔,2023
성북구,11500,삼선동5가,,20230503,월세,29.72,5000,75,1993.0,단독다가구,2023
성북구,10900,동소문동6가,12.0,20230227,월세,14.18,10000,47,2012.0,아파트,2023
성북구,10300,돈암동,5.0,20230624,월세,115.51,28000,100,2003.0,아파트,2023
성북구,13800,장위동,10.0,20230804,월세,49.63,8000,27,2022.0,아파트,2023
성북구,11300,삼선동3가,2.0,20230227,월세,29.98,2000,65,2012.0,연립다세대,2023
성북구,13900,석관동,,20230128,월세,21.0,500,40,2019.0,단독다가구,2023
성북구,13800,장위동,5.0,20230218,월세,14.71,1000,60,2019.0,아파트,2023
성북구,13800,장위동,7.0,20230218,월세,14.71,1000,60,2019.0,아파트,2023
성북구,10300,돈암동,11.0,20230609,월세,41.58,4000,70,1991.0,아파트,2023
성북구,10900,동소문동6가,7.0,20230206,월세,12.7,5000,42,2013.0,아파트,2023
성북구,10900,동소문동6가,7.0,20230206,월세,13.27,3000,50,2013.0,아파트,2023
성북구,13900,석관동,,20230128,월세,21.45,1000,44,2018.0,단독다가구,2023
성북구,13300,정릉동,1.0,20230209,월세,36.33,5652,48,2020.0,연립다세대,2023
성북구,13300,정릉동,1.0,20230209,월세,36.33,11304,37,2020.0,연립다세대,2023
성북구,13900,석관동,1.0,20230807,월세,24.0,13000,10,2023.0,연립다세대,2023
성북구,13400,길음동,2.0,20230901,월세,114.73,10000,190,2005.0,아파트,2023
성북구,12100,안암동1가,,20230128,월세,23.0,500,50,1993.0,단독다가구,2023
성북구,13900,석관동,3.0,20230515,월세,47.07,1000,95,2013.0,연립다세대,2023
성북구,13100,보문동2가,6.0,20231229,월세,16.16,12000,11,2018.0,연립다세대,2023
성북구,11700,동선동2가,2.0,20230227,월세,66.5,1000,40,2002.0,연립다세대,2023
성북구,13400,길음동,5.0,20230311,월세,59.94,6000,100,1998.0,아파트,2023
성북구,13400,길음동,14.0,20230804,월세,59.97,5000,175,2019.0,아파트,2023
성북구,12800,보문동6가,7.0,20230509,월세,29.96,10212,37,2017.0,아파트,2023
성북구,12800,보문동6가,11.0,20230509,월세,29.96,10212,37,2017.0,아파트,2023
성북구,12800,보문동6가,11.0,20230509,월세,29.96,11708,30,2017.0,아파트,2023
성북구,10300,돈암동,2.0,20230627,월세,59.4,5000,120,1999.0,아파트,2023
성북구,13500,종암동,1.0,20230121,월세,28.85,300,40,1993.0,연립다세대,2023
성북구,11700,동선동2가,3.0,20230519,월세,66.5,1000,55,2002.0,연립다세대,2023
성북구,13400,길음동,17.0,20230829,월세,59.99,5000,150,2003.0,아파트,2023
성북구,12800,보문동6가,,20230128,월세,23.14,5000,14,,단독다가구,2023
성북구,13500,종암동,20.0,20230311,월세,59.99,4000,106,2004.0,아파트,2023
성북구,13500,종암동,16.0,20230311,월세,84.95,10000,150,2004.0,아파트,2023
성북구,12800,보문동6가,11.0,20230302,월세,59.19,10000,160,2017.0,아파트,2023
성북구,13500,종암동,9.0,20230804,월세,59.98,28000,70,2011.0,아파트,2023
성북구,10300,돈암동,13.0,20230217,월세,32.23,2886,4,1999.0,아파트,2023
성북구,11300,삼선동3가,5.0,20230118,월세,19.77,1000,53,2018.0,연립다세대,2023
성북구,13500,종암동,7.0,20230506,월세,59.99,3000,130,2004.0,아파트,2023
성북구,13300,정릉동,1.0,20230913,월세,50.43,5000,50,1997.0,연립다세대,2023
성북구,13300,정릉동,,20221224,월세,15.0,1000,40,2022.0,단독다가구,2023
성북구,13800,장위동,10.0,20230615,월세,49.63,3088,51,2022.0,아파트,2023
성북구,13700,상월곡동,6.0,20230112,월세,26.62,3000,35,2015.0,연립다세대,2023
성북구,11300,삼선동3가,,20230128,월세,25.0,1000,55,1983.0,단독다가구,2023
성북구,13300,정릉동,,20230128,월세,25.0,1000,60,1992.0,단독다가구,2023
성북구,13900,석관동,10.0,20230810,월세,54.55,20000,35,1998.0,아파트,2023
성북구,13400,길음동,2.0,20230915,월세,33.28,2989,25,2010.0,아파트,2023
성북구,13300,정릉동,3.0,20230921,월세,56.76,5000,60,2002.0,연립다세대,2023
성북구,13600,하월곡동,14.0,20230401,월세,15.62,1000,65,2013.0,아파트,2023
성북구,13400,길음동,2.0,20230715,월세,84.96,20000,110,2003.0,아파트,2023
성북구,13300,정릉동,3.0,20230206,월세,58.89,1000,60,1990.0,연립다세대,2023
성북구,13600,하월곡동,7.0,20230311,월세,15.55,500,55,2013.0,아파트,2023
성북구,10100,성북동,2.0,20230114,월세,37.71,3000,88,1991.0,연립다세대,2023
성북구,13900,석관동,4.0,20230212,월세,28.88,17000,30,2018.0,연립다세대,2023
성북구,10300,돈암동,12.0,20230217,월세,84.8,17000,54,1991.0,아파트,2023
성북구,13400,길음동,26.0,20230615,월세,84.9,60000,70,2019.0,아파트,2023
성북구,11800,동선동3가,,20230128,월세,28.0,6000,25,1995.0,단독다가구,2023
성북구,13400,길음동,3.0,20230103,월세,59.37,5000,145,2007.0,아파트,2023
성북구,10700,동소문동4가,18.0,20230215,월세,58.59,10000,95,1998.0,아파트,2023
성북구,11800,동선동3가,5.0,20231228,월세,35.7,5000,54,2012.0,연립다세대,2023
성북구,13800,장위동,5.0,20230131,월세,56.36,8000,60,2004.0,연립다세대,2023
성북구,13900,석관동,16.0,20230624,월세,59.97,7000,100,1998.0,아파트,2023
성북구,13600,하월곡동,16.0,20230715,월세,84.96,5000,126,2011.0,아파트,2023
성북구,13500,종암동,,20221205,월세,19.0,1000,60,2017.0,단독다가구,2023
성북구,13800,장위동,24.0,20230812,월세,59.99,40000,20,2020.0,아파트,2023
성북구,13800,장위동,14.0,20230211,월세,84.97,20000,140,2021.0,아파트,2023
성북구,12200,안암동2가,,20230107,월세,34.2,2000,65,2002.0,단독다가구,2023
성북구,13400,길음동,8.0,20230913,월세,33.28,2989,25,2010.0,아파트,2023
성북구,13400,길음동,6.0,20230913,월세,33.28,2989,25,2010.0,아파트,2023
성북구,10300,돈암동,6.0,20230703,월세,59.4,3000,110,1999.0,아파트,2023
성북구,13500,종암동,2.0,20230209,월세,23.84,1000,100,2015.0,연립다세대,2023
성북구,13400,길음동,14.0,20230310,월세,59.93,20000,100,2019.0,아파트,2023
성북구,11400,삼선동4가,5.0,20230213,월세,28.11,15000,25,2014.0,오피스텔,2023
성북구,13300,정릉동,2.0,20230509,월세,51.13,8500,40,1996.0,연립다세대,2023
성북구,13900,석관동,2.0,20230826,월세,29.13,20000,10,2022.0,연립다세대,2023
성북구,13400,길음동,17.0,20230913,월세,59.75,20000,110,2006.0,아파트,2023
성북구,13400,길음동,14.0,20230531,월세,84.9,5000,250,2019.0,아파트,2023
성북구,13600,하월곡동,3.0,20230313,월세,59.75,5000,125,2006.0,아파트,2023
성북구,13800,장위동,7.0,20230715,월세,59.1,10000,160,2022.0,아파트,2023
성북구,13500,종암동,4.0,20230531,월세,84.99,15000,160,2011.0,아파트,2023
성북구,13900,석관동,,20230128,월세,33.0,300,28,1993.0,단독다가구,2023
성북구,13800,장위동,6.0,20230915,월세,84.87,0,200,2017.0,아파트,2023
성북구,13600,하월곡동,6.0,20230715,월세,114.61,5000,167,2010.0,아파트,2023
성북구,11400,삼선동4가,2.0,20221222,월세,84.87,30000,75,1999.0,아파트,2023
성북구,13300,정릉동,,20221224,월세,16.0,500,40,2019.0,단독다가구,2023
성북구,13400,길음동,15.0,20230904,월세,30.61,3560,7,2005.0,아파트,2023
성북구,13300,정릉동,2.0,20230218,월세,54.38,1000,70,2014.0,연립다세대,2023
성북구,13400,길음동,1.0,20230904,월세,33.28,1280,28,2010.0,아파트,2023
성북구,13900,석관동,3.0,20230609,월세,59.97,5000,110,1998.0,아파트,2023
성북구,10300,돈암동,21.0,20230913,월세,34.35,5456,1,2014.0,아파트,2023
성북구,10300,돈암동,8.0,20230913,월세,34.35,5334,2,2014.0,아파트,2023
성북구,10300,돈암동,18.0,20230913,월세,34.35,4091,6,2014.0,아파트,2023
성북구,10100,성북동,,20231114,월세,41.6,2000,60,1990.0,단독다가구,2023
성북구,10300,돈암동,6.0,20230913,월세,34.61,5140,1,2014.0,아파트,2023
성북구,10300,돈암동,10.0,20230913,월세,34.61,2651,15,2014.0,아파트,2023
성북구,13600,하월곡동,,20230203,월세,13.5,500,42,2015.0,단독다가구,2023
성북구,13700,상월곡동,,20230203,월세,13.74,1000,45,2019.0,단독다가구,2023
성북구,10900,동소문동6가,9.0,20230218,월세,14.01,3000,73,2015.0,아파트,2023
성북구,13800,장위동,1.0,20230103,월세,52.18,7000,40,2002.0,연립다세대,2023
성북구,13400,길음동,4.0,20230812,월세,59.6,5000,89,2018.0,연립다세대,2023
성북구,13300,정릉동,,20230203,월세,15.0,1000,50,2022.0,단독다가구,2023
성북구,13500,종암동,,20230203,월세,15.0,500,40,2006.0,단독다가구,2023
성북구,13300,정릉동,12.0,20230103,월세,43.11,5000,50,2001.0,아파트,2023
성북구,10700,동소문동4가,,20230131,월세,11.57,3000,20,2008.0,단독다가구,2023
성북구,13900,석관동,7.0,20230209,월세,84.87,10000,110,1999.0,아파트,2023
성북구,13900,석관동,6.0,20230603,월세,84.97,35500,100,2019.0,아파트,2023
성북구,13900,석관동,9.0,20230224,월세,59.9,10000,107,2009.0,아파트,2023
성북구,12800,보문동6가,9.0,20230522,월세,45.81,10000,140,2017.0,아파트,2023
성북구,13600,하월곡동,4.0,20230401,월세,59.34,5000,50,2007.0,연립다세대,2023
성북구,13400,길음동,9.0,20230918,월세,59.99,45650,8,2010.0,아파트,2023
성북구,13300,정릉동,,20230203,월세,16.0,500,40,1992.0,단독다가구,2023
성북구,13300,정릉동,,20230203,월세,16.0,1000,50,2019.0,단독다가구,2023
성북구,12700,보문동5가,,20230131,월세,15.0,2000,30,1993.0,단독다가구,2023
성북구,13800,장위동,16.0,20230913,월세,84.47,10000,210,2022.0,아파트,2023
성북구,13900,석관동,5.0,20230320,월세,33.15,10000,17,2003.0,오피스텔,2023
성북구,13400,길음동,24.0,20230718,월세,84.95,10000,190,2010.0,아파트,2023
성북구,10300,돈암동,1.0,20230921,월세,34.35,3282,11,2014.0,아파트,2023
성북구,13300,정릉동,19.0,20230714,월세,59.59,10000,80,1999.0,아파트,2023
성북구,11900,동선동4가,,20230517,월세,48.0,10000,40,1993.0,단독다가구,2023
성북구,11100,삼선동1가,3.0,20230206,월세,59.86,500,45,2005.0,연립다세대,2023
성북구,10300,돈암동,8.0,20230918,월세,34.35,5456,1,2014.0,아파트,2023
성북구,13600,하월곡동,18.0,20230515,월세,15.62,1000,57,2013.0,아파트,2023
성북구,13900,석관동,1.0,20230901,월세,29.95,22000,20,2021.0,연립다세대,2023
성북구,13400,길음동,1.0,20230907,월세,30.61,775,19,2005.0,아파트,2023
성북구,13400,길음동,14.0,20230907,월세,30.15,1438,14,2005.0,아파트,2023
성북구,10900,동소문동6가,13.0,20230410,월세,14.18,8000,53,2012.0,아파트,2023
성북구,12000,동선동5가,,20230131,월세,16.0,300,35,1993.0,단독다가구,2023
성북구,13400,길음동,8.0,20230907,월세,33.28,1280,28,2010.0,아파트,2023
성북구,11700,동선동2가,,20230203,월세,17.0,500,40,1997.0,단독다가구,2023
성북구,13800,장위동,2.0,20230904,월세,122.02,45000,55,2008.0,아파트,2023
성북구,13600,하월곡동,,20230128,월세,39.58,500,43,1995.0,단독다가구,2023
성북구,13800,장위동,3.0,20230603,월세,84.97,36750,37,2021.0,아파트,2023
성북구,13800,장위동,6.0,20230904,월세,59.1,8000,160,2022.0,아파트,2023
성북구,13600,하월곡동,,20231123,월세,43.6,2500,40,1968.0,단독다가구,2023
성북구,10900,동소문동6가,7.0,20230308,월세,18.44,1000,78,2015.0,오피스텔,2023
성북구,13900,석관동,5.0,20230323,월세,33.15,10000,17,2003.0,오피스텔,2023
성북구,11700,동선동2가,,20230626,월세,95.87,5000,70,1942.0,단독다가구,2023
성북구,13300,정릉동,,20230203,월세,18.0,1000,45,2022.0,단독다가구,2023
성북구,13400,길음동,18.0,20230907,월세,59.99,30000,70,2010.0,아파트,2023
성북구,13400,길음동,7.0,20230910,월세,33.99,3074,25,2010.0,아파트,2023
성북구,13600,하월곡동,1.0,20230821,월세,72.4,4000,50,1985.0,아파트,2023
성북구,13600,하월곡동,,20230131,월세,17.0,1000,55,2018.0,단독다가구,2023
성북구,13800,장위동,6.0,20230921,월세,39.0,11109,41,2022.0,아파트,2023
성북구,13800,장위동,4.0,20230921,월세,39.0,11109,41,2022.0,아파트,2023
성북구,12100,안암동1가,5.0,20230221,월세,24.32,8000,35,2001.0,연립다세대,2023
성북구,12600,보문동4가,,20230128,월세,42.0,3000,85,2003.0,단독다가구,2023
성북구,11300,삼선동3가,,20230131,월세,18.0,1000,45,1983.0,단독다가구,2023
성북구,13300,정릉동,,20230131,월세,18.0,500,50,2018.0,단독다가구,2023
성북구,13400,길음동,4.0,20230810,월세,84.66,35000,130,2019.0,아파트,2023
성북구,13300,정릉동,,20230206,월세,14.0,500,45,2018.0,단독다가구,2023
성북구,13400,길음동,13.0,20230724,월세,30.61,1723,16,2005.0,아파트,2023
성북구,11600,동선동1가,,20221208,월세,20.0,13000,15,2019.0,단독다가구,2023
성북구,13400,길음동,3.0,20230724,월세,33.99,2928,24,2010.0,아파트,2023
성북구,13300,정릉동,,20230206,월세,15.0,500,15,1985.0,단독다가구,2023
성북구,12500,안암동5가,,20230206,월세,15.0,1000,45,1995.0,단독다가구,2023
성북구,13300,정릉동,,20230105,월세,17.0,1000,45,2021.0,단독다가구,2023
성북구,10900,동소문동6가,7.0,20230209,월세,13.55,8000,23,2013.0,아파트,2023
성북구,13500,종암동,2.0,20230528,월세,9.52,500,42,2010.0,연립다세대,2023
성북구,11500,삼선동5가,,20230105,월세,18.0,1000,45,2009.0,단독다가구,2023
성북구,11300,삼선동3가,14.0,20230410,월세,59.94,20010,90,2012.0,아파트,2023
성북구,10100,성북동,3.0,20230921,월세,109.76,15000,100,1998.0,연립다세대,2023
성북구,13400,길음동,,20230128,월세,48.86,1000,60,1999.0,단독다가구,2023
성북구,11000,동소문동7가,,20230203,월세,19.81,1000,70,2016.0,단독다가구,2023
성북구,12100,안암동1가,6.0,20230218,월세,59.7,7000,140,2005.0,아파트,2023
성북구,12500,안암동5가,,20230131,월세,19.0,3000,60,2018.0,단독다가구,2023
성북구,13400,길음동,6.0,20230109,월세,30.61,1723,16,2005.0,아파트,2023
성북구,13400,길음동,5.0,20230109,월세,30.61,1723,16,2005.0,아파트,2023
성북구,13400,길음동,4.0,20230109,월세,30.61,1723,16,2005.0,아파트,2023
성북구,13400,길음동,2.0,20230109,월세,30.15,1370,13,2005.0,아파트,2023
성북구,13400,길음동,2.0,20230109,월세,30.15,2772,5,2005.0,아파트,2023
성북구,13400,길음동,1.0,20230109,월세,33.99,2928,24,2010.0,아파트,2023
성북구,13400,길음동,1.0,20230109,월세,33.99,5533,10,2010.0,아파트,2023
성북구,13400,길음동,2.0,20230109,월세,33.99,2928,24,2010.0,아파트,2023
성북구,12100,안암동1가,,20221208,월세,21.5,1000,50,1995.0,단독다가구,2023
성북구,13900,석관동,,20230203,월세,20.0,1000,50,2018.0,단독다가구,2023
성북구,11700,동선동2가,,20230203,월세,20.0,1000,50,2010.0,단독다가구,2023
성북구,12200,안암동2가,,20230203,월세,20.0,500,60,1958.0,단독다가구,2023
성북구,13500,종암동,7.0,20230428,월세,59.97,15000,110,2009.0,아파트,2023
성북구,13400,길음동,9.0,20230727,월세,84.97,30000,70,2005.0,아파트,2023
성북구,13400,길음동,4.0,20230109,월세,84.96,10000,160,2010.0,아파트,2023
성북구,13400,길음동,1.0,20230109,월세,30.88,2234,25,2008.0,아파트,2023
성북구,13400,길음동,12.0,20230109,월세,30.88,2234,25,2008.0,아파트,2023
성북구,13400,길음동,1.0,20230109,월세,30.88,4882,10,2008.0,아파트,2023
성북구,13400,길음동,12.0,20230109,월세,30.88,4882,10,2008.0,아파트,2023
성북구,10300,돈암동,14.0,20230109,월세,34.35,996,17,2014.0,아파트,2023
성북구,10300,돈암동,14.0,20230109,월세,34.35,2492,14,2014.0,아파트,2023
성북구,10300,돈암동,1.0,20230109,월세,34.61,3582,8,2014.0,아파트,2023
성북구,10300,돈암동,20.0,20230109,월세,34.61,2525,14,2014.0,아파트,2023
성북구,13500,종암동,,20221211,월세,18.5,1000,55,2017.0,단독다가구,2023
성북구,13500,종암동,,20230206,월세,16.5,500,48,2010.0,단독다가구,2023
성북구,13800,장위동,4.0,20230115,월세,49.28,12000,7,2002.0,연립다세대,2023
성북구,13600,하월곡동,,20230128,월세,51.15,12000,15,1999.0,단독다가구,2023
성북구,13400,길음동,13.0,20230804,월세,59.87,10000,180,2022.0,아파트,2023
성북구,10800,동소문동5가,6.0,20221215,월세,16.67,8000,30,2017.0,아파트,2023
성북구,13300,정릉동,4.0,20230330,월세,58.34,2000,147,2018.0,연립다세대,2023
성북구,13900,석관동,12.0,20230428,월세,59.98,5000,158,2019.0,아파트,2023
성북구,10300,돈암동,4.0,20230209,월세,68.13,15000,75,1998.0,아파트,2023
성북구,10300,돈암동,13.0,20230209,월세,132.96,50000,60,1998.0,아파트,2023
성북구,13600,하월곡동,12.0,20230413,월세,15.62,500,60,2013.0,아파트,2023
성북구,12500,안암동5가,,20230131,월세,20.0,2000,70,,단독다가구,2023
성북구,13300,정릉동,,20221211,월세,20.0,1000,50,2019.0,단독다가구,2023
성북구,13300,정릉동,4.0,20230212,월세,35.3,5000,120,2022.0,연립다세대,2023
성북구,11700,동선동2가,1.0,20230425,월세,25.3,1000,50,2003.0,연립다세대,2023
성북구,13300,정릉동,4.0,20231031,월세,58.34,2000,147,2018.0,연립다세대,2023
성북구,13900,석관동,,20221208,월세,25.1,2000,58,2021.0,단독다가구,2023
성북구,13800,장위동,,20230422,월세,110.99,5000,90,1996.0,단독다가구,2023
성북구,13700,상월곡동,,20230203,월세,21.0,2000,60,2019.0,단독다가구,2023
성북구,13900,석관동,1.0,20230329,월세,59.9,2360,23,2009.0,아파트,2023
성북구,13600,하월곡동,,20230206,월세,18.0,4000,10,1993.0,단독다가구,2023
성북구,13300,정릉동,,20230206,월세,18.0,500,30,2011.0,단독다가구,2023
성북구,12200,안암동2가,,20230206,월세,18.0,1000,45,2010.0,단독다가구,2023
성북구,13800,장위동,3.0,20230503,월세,18.03,500,52,2019.0,오피스텔,2023
성북구,13300,정릉동,,20230203,월세,21.4,500,45,1996.0,단독다가구,2023
성북구,13300,정릉동,,20221222,월세,13.0,1000,50,2021.0,단독다가구,2023
성북구,10300,돈암동,3.0,20230209,월세,59.58,15000,60,1998.0,아파트,2023
성북구,13500,종암동,,20221205,월세,115.54,4000,140,1998.0,단독다가구,2023
성북구,13600,하월곡동,14.0,20230314,월세,15.55,1000,60,2013.0,아파트,2023
성북구,13900,석관동,,20230203,월세,23.0,100,35,1993.0,단독다가구,2023
성북구,13300,정릉동,1.0,20231223,월세,15.22,500,43,2013.0,연립다세대,2023
성북구,13400,길음동,7.0,20230103,월세,84.93,40000,35,2019.0,아파트,2023
성북구,13400,길음동,4.0,20230112,월세,30.61,1723,16,2005.0,아파트,2023
성북구,13400,길음동,3.0,20230112,월세,33.99,5533,10,2010.0,아파트,2023
성북구,13400,길음동,6.0,20230112,월세,59.99,4000,170,2010.0,아파트,2023
성북구,13400,길음동,5.0,20230112,월세,84.78,30000,110,2010.0,아파트,2023
성북구,13400,길음동,21.0,20230112,월세,60.0,20000,110,2003.0,아파트,2023
성북구,13600,하월곡동,8.0,20230512,월세,79.25,30000,50,2004.0,아파트,2023
성북구,13800,장위동,6.0,20230727,월세,84.84,10000,130,2008.0,아파트,2023
성북구,13800,장위동,7.0,20230112,월세,59.1,20000,95,2022.0,아파트,2023
성북구,13800,장위동,15.0,20230112,월세,40.24,10572,28,2017.0,아파트,2023
성북구,13800,장위동,10.0,20230112,월세,59.35,7000,130,2017.0,아파트,2023
성북구,13800,장위동,,20221212,월세,49.13,2000,50,1993.0,단독다가구,2023
성북구,13600,하월곡동,8.0,20230621,월세,59.75,30000,35,2006.0,아파트,2023
성북구,13400,길음동,19.0,20230310,월세,84.77,300,35,2022.0,아파트,2023
성북구,13800,장위동,5.0,20230212,월세,39.65,5000,95,2022.0,아파트,2023
성북구,13400,길음동,20.0,20230524,월세,59.37,20000,67,2007.0,아파트,2023
성북구,11700,동선동2가,,20230131,월세,23.05,1000,45,1992.0,단독다가구,2023
성북구,13900,석관동,2.0,20230215,월세,44.43,17000,15,2002.0,연립다세대,2023
성북구,13800,장위동,13.0,20230810,월세,59.99,20000,100,2020.0,아파트,2023
성북구,11500,삼선동5가,,20221222,월세,18.0,1000,40,2009.0,단독다가구,2023
성북구,13500,종암동,14.0,20230425,월세,114.98,30000,140,2011.0,아파트,2023
성북구,13500,종암동,3.0,20230425,월세,114.98,5000,220,2011.0,아파트,2023
성북구,13600,하월곡동,10.0,20221218,월세,84.84,10000,140,2003.0,아파트,2023
성북구,13600,하월곡동,,20230203,월세,26.44,3000,55,2018.0,단독다가구,2023
성북구,13400,길음동,9.0,20230118,월세,59.98,14000,90,2010.0,아파트,2023
성북구,11800,동선동3가,,20230105,월세,24.76,500,55,1998.0,단독다가구,2023
성북구,13400,길음동,3.0,20230118,월세,84.96,34000,75,2010.0,아파트,2023
성북구,12500,안암동5가,,20230203,월세,28.0,1000,70,,단독다가구,2023
성북구,13800,장위동,2.0,20230121,월세,84.48,20000,140,2022.0,아파트,2023
성북구,11500,삼선동5가,4.0,20230218,월세,30.15,6000,25,2011.0,연립다세대,2023
성북구,10300,돈암동,2.0,20230224,월세,46.04,3000,160,2021.0,연립다세대,2023
성북구,13500,종암동,2.0,20230503,월세,58.02,25800,5,2014.0,연립다세대,2023
성북구,13500,종암동,6.0,20230425,월세,59.97,5000,150,2009.0,아파트,2023
성북구,13500,종암동,4.0,20230425,월세,84.99,10000,150,2009.0,아파트,2023
성북구,13800,장위동,18.0,20230810,월세,59.92,10000,92,2021.0,아파트,2023
성북구,13400,길음동,10.0,20230403,월세,59.99,10000,150,2010.0,아파트,2023
성북구,13800,장위동,11.0,20230810,월세,84.98,5000,200,2021.0,아파트,2023
성북구,11800,동선동3가,,20221222,월세,20.0,1000,45,2006.0,단독다가구,2023
성북구,13400,길음동,6.0,20231006,월세,59.99,25900,50,2005.0,아파트,2023
성북구,11200,삼선동2가,,20230327,월세,52.5,2000,50,1997.0,단독다가구,2023
성북구,13400,길음동,15.0,20230126,월세,59.77,4876,101,2005.0,아파트,2023
성북구,13400,길음동,2.0,20230126,월세,59.77,5000,130,2005.0,아파트,2023
성북구,10300,돈암동,2.0,20230221,월세,48.65,5000,145,2021.0,연립다세대,2023
성북구,12900,보문동7가,2.0,20230814,월세,13.92,2000,42,2012.0,연립다세대,2023
성북구,12900,보문동7가,2.0,20221213,월세,13.92,500,52,2012.0,연립다세대,2023
성북구,13500,종암동,8.0,20230823,월세,59.98,34000,60,2011.0,아파트,2023
성북구,11700,동선동2가,,20230203,월세,31.41,1000,60,1998.0,단독다가구,2023
성북구,13800,장위동,6.0,20230609,월세,39.9,7978,29,2021.0,아파트,2023
성북구,13900,석관동,4.0,20231228,월세,27.47,3000,110,2022.0,연립다세대,2023
성북구,13600,하월곡동,,20230124,월세,24.0,1000,40,2018.0,단독다가구,2023
성북구,11400,삼선동4가,2.0,20230201,월세,67.11,30000,40,2012.0,연립다세대,2023
성북구,12500,안암동5가,,20221222,월세,20.5,500,50,2000.0,단독다가구,2023
성북구,12300,안암동3가,2.0,20230913,월세,44.36,1000,65,1971.0,아파트,2023
성북구,12900,보문동7가,4.0,20230814,월세,41.78,13000,30,2004.0,연립다세대,2023
성북구,13400,길음동,6.0,20231020,월세,59.99,5000,160,2003.0,아파트,2023
성북구,12500,안암동5가,,20221222,월세,23.0,500,42,1998.0,단독다가구,2023
성북구,13400,길음동,3.0,20231020,월세,84.97,10000,97,2005.0,아파트,2023
성북구,13900,석관동,9.0,20230509,월세,59.9,10000,120,2009.0,아파트,2023
성북구,13400,길음동,19.0,20231020,월세,59.86,15000,80,2005.0,아파트,2023
성북구,13900,석관동,5.0,20230509,월세,84.84,5000,180,2009.0,아파트,2023
성북구,13300,정릉동,,20230206,월세,25.0,500,35,1997.0,단독다가구,2023
성북구,13300,정릉동,3.0,20230118,월세,43.11,5000,60,2001.0,아파트,2023
성북구,13500,종암동,19.0,20230823,월세,84.98,27250,100,2009.0,아파트,2023
성북구,11800,동선동3가,,20230203,월세,36.0,10000,50,1997.0,단독다가구,2023
성북구,11900,동선동4가,,20230209,월세,12.0,1000,30,1994.0,단독다가구,2023
성북구,13400,길음동,4.0,20231020,월세,84.96,30000,140,2010.0,아파트,2023
성북구,12800,보문동6가,3.0,20230311,월세,84.9,30000,12,1994.0,아파트,2023
성북구,13900,석관동,,20230206,월세,28.0,1000,55,1975.0,단독다가구,2023
성북구,13500,종암동,16.0,20230109,월세,59.98,20000,100,2011.0,아파트,2023
성북구,13800,장위동,31.0,20230818,월세,59.99,33000,50,2020.0,아파트,2023
성북구,13300,정릉동,14.0,20230715,월세,43.11,5000,68,2001.0,아파트,2023
성북구,13600,하월곡동,9.0,20230627,월세,59.75,6000,130,2006.0,아파트,2023
성북구,13800,장위동,23.0,20231006,월세,84.48,5000,230,2022.0,아파트,2023
성북구,13800,장위동,4.0,20230317,월세,61.73,10000,50,2003.0,연립다세대,2023
성북구,13600,하월곡동,11.0,20230524,월세,84.73,39000,15,2010.0,아파트,2023
성북구,13900,석관동,6.0,20230612,월세,39.01,9324,24,2019.0,아파트,2023
성북구,13500,종암동,4.0,20230311,월세,84.73,5000,150,2005.0,아파트,2023
성북구,11200,삼선동2가,,20230209,월세,15.15,500,40,1990.0,단독다가구,2023
성북구,10200,성북동1가,,20230206,월세,29.95,10000,100,2022.0,단독다가구,2023
성북구,13600,하월곡동,,20230206,월세,30.0,4000,10,1993.0,단독다가구,2023
성북구,10300,돈암동,13.0,20230218,월세,59.99,3000,150,2004.0,아파트,2023
성북구,13400,길음동,28.0,20230425,월세,84.77,10000,230,2022.0,아파트,2023
성북구,13300,정릉동,4.0,20230112,월세,17.3,500,45,2012.0,연립다세대,2023
성북구,12200,안암동2가,,20230605,월세,44.01,300,43,1993.0,단독다가구,2023
성북구,13500,종암동,,20230209,월세,16.5,1000,55,2017.0,단독다가구,2023
성북구,10300,돈암동,6.0,20230118,월세,32.49,2262,5,1999.0,아파트,2023
성북구,13800,장위동,8.0,20221226,월세,18.03,2000,45,2019.0,오피스텔,2023
성북구,10900,동소문동6가,10.0,20230103,월세,14.18,20000,6,2012.0,아파트,2023
성북구,10900,동소문동6가,18.0,20230103,월세,14.18,19000,7,2012.0,아파트,2023
성북구,12100,안암동1가,,20230203,월세,40.15,1500,60,1993.0,단독다가구,2023
성북구,13400,길음동,8.0,20230304,월세,59.97,7000,150,2019.0,아파트,2023
성북구,13400,길음동,7.0,20230304,월세,59.97,10000,150,2019.0,아파트,2023
성북구,13400,길음동,15.0,20230623,월세,59.86,3000,160,2005.0,아파트,2023
성북구,11900,동선동4가,,20230206,월세,31.0,2000,78,1990.0,단독다가구,2023
성북구,13400,길음동,14.0,20230927,월세,84.97,5000,200,2005.0,아파트,2023
성북구,13800,장위동,4.0,20230106,월세,25.04,500,40,2003.0,오피스텔,2023
성북구,13400,길음동,4.0,20230927,월세,59.99,10000,100,2005.0,아파트,2023
성북구,13400,길음동,11.0,20230527,월세,84.97,5000,122,2005.0,아파트,2023
성북구,13800,장위동,6.0,20231020,월세,39.0,10512,27,2022.0,아파트,2023
성북구,13800,장위동,4.0,20231020,월세,39.0,11434,31,2022.0,아파트,2023
성북구,12100,안암동1가,,20230502,월세,53.8,3000,80,1994.0,단독다가구,2023
성북구,13800,장위동,12.0,20231020,월세,39.0,10512,27,2022.0,아파트,2023
성북구,13800,장위동,9.0,20231020,월세,39.0,7051,35,2022.0,아파트,2023
성북구,13400,길음동,5.0,20230927,월세,59.37,25000,80,2007.0,아파트,2023
성북구,12300,안암동3가,,20230206,월세,33.0,1000,80,1994.0,단독다가구,2023
성북구,11700,동선동2가,,20230206,월세,33.0,2000,80,2021.0,단독다가구,2023
성북구,13300,정릉동,2.0,20231117,월세,29.73,2240,12,2014.0,연립다세대,2023
성북구,13300,정릉동,,20230209,월세,17.8,1000,40,1993.0,단독다가구,2023
성북구,11300,삼선동3가,,20230209,월세,18.0,1000,50,1983.0,단독다가구,2023
성북구,12100,안암동1가,,20230209,월세,18.0,1000,58,1997.0,단독다가구,2023
성북구,13100,보문동2가,6.0,20231023,월세,52.42,10000,70,2001.0,아파트,2023
성북구,13800,장위동,7.0,20230313,월세,39.9,9094,24,2021.0,아파트,2023
성북구,13400,길음동,7.0,20230802,월세,59.75,33000,50,2006.0,아파트,2023
성북구,13800,장위동,2.0,20230910,월세,37.92,6000,12,1996.0,연립다세대,2023
성북구,13400,길음동,1.0,20230623,월세,84.96,10000,180,2010.0,아파트,2023
성북구,13400,길음동,5.0,20230623,월세,60.0,3500,130,2003.0,아파트,2023
성북구,13800,장위동,2.0,20230829,월세,29.77,5000,45,2021.0,연립다세대,2023
성북구,13800,장위동,10.0,20230823,월세,84.94,10000,170,2020.0,아파트,2023
성북구,13800,장위동,12.0,20230612,월세,39.9,6838,34,2021.0,아파트,2023
성북구,13800,장위동,5.0,20230612,월세,39.9,9094,24,2021.0,아파트,2023
성북구,13800,장위동,25.0,20230612,월세,84.97,34000,8,2021.0,아파트,2023
성북구,13400,길음동,19.0,20230720,월세,84.82,10000,190,2010.0,아파트,2023
성북구,13400,길음동,3.0,20231221,월세,15.93,2000,46,2012.0,연립다세대,2023
성북구,13400,길음동,22.0,20230802,월세,84.82,5000,185,2010.0,아파트,2023
성북구,11400,삼선동4가,3.0,20230118,월세,12.25,2000,24,2010.0,연립다세대,2023
성북구,13300,정릉동,4.0,20230118,월세,12.07,500,45,2012.0,연립다세대,2023
성북구,13900,석관동,,20230206,월세,33.92,500,45,1994.0,단독다가구,2023
성북구,13400,길음동,,20230206,월세,33.93,500,30,1988.0,단독다가구,2023
성북구,13400,길음동,11.0,20230620,월세,32.36,2747,23,2010.0,아파트,2023
성북구,13400,길음동,11.0,20230620,월세,32.36,5253,9,2010.0,아파트,2023
성북구,13300,정릉동,3.0,20230308,월세,58.87,3000,93,2002.0,연립다세대,2023
성북구,13900,석관동,,20230203,월세,49.04,3000,45,1993.0,단독다가구,2023
성북구,13500,종암동,3.0,20230331,월세,35.65,1000,90,2017.0,연립다세대,2023
성북구,10300,돈암동,21.0,20230717,월세,59.5,10000,90,2014.0,아파트,2023
성북구,13800,장위동,6.0,20230215,월세,39.98,5000,100,2022.0,아파트,2023
성북구,11500,삼선동5가,,20230115,월세,179.8,2000,65,1998.0,단독다가구,2023
성북구,13600,하월곡동,13.0,20230103,월세,15.55,1000,50,2013.0,아파트,2023
성북구,13400,길음동,9.0,20230620,월세,84.96,10000,130,2003.0,아파트,2023
성북구,10100,성북동,,20230203,월세,50.0,13000,30,1995.0,단독다가구,2023
성북구,10700,동소문동4가,4.0,20230103,월세,63.21,1000,40,2001.0,연립다세대,2023
성북구,13600,하월곡동,,20230206,월세,35.0,500,40,1992.0,단독다가구,2023
성북구,13400,길음동,14.0,20230620,월세,84.97,4000,150,2005.0,아파트,2023
성북구,13300,정릉동,3.0,20230221,월세,14.11,500,37,2008.0,연립다세대,2023
성북구,11500,삼선동5가,3.0,20230612,월세,26.88,500,50,2001.0,연립다세대,2023
성북구,13600,하월곡동,7.0,20230419,월세,114.68,40000,20,2007.0,아파트,2023
성북구,12500,안암동5가,,20230107,월세,35.0,10000,20,1997.0,단독다가구,2023
성북구,13300,정릉동,1.0,20230320,월세,76.92,12000,15,1993.0,연립다세대,2023
성북구,13400,길음동,15.0,20230723,월세,84.97,20000,0,2005.0,아파트,2023
성북구,13300,정릉동,-1.0,20230509,월세,39.02,4000,35,1991.0,연립다세대,2023
성북구,13800,장위동,3.0,20230823,월세,42.79,2779,17,2021.0,아파트,2023
성북구,10300,돈암동,11.0,20230826,월세,80.54,10000,155,2003.0,아파트,2023
성북구,13500,종암동,,20230105,월세,46.28,5000,70,2004.0,단독다가구,2023
성북구,13500,종암동,25.0,20230218,월세,59.04,30000,20,1999.0,아파트,2023
성북구,13300,정릉동,,20230209,월세,19.8,1000,50,2019.0,단독다가구,2023
성북구,13800,장위동,9.0,20230623,월세,84.84,20000,110,2008.0,아파트,2023
성북구,13400,길음동,19.0,20230118,월세,59.9,36000,55,2019.0,아파트,2023
성북구,13300,정릉동,7.0,20221220,월세,59.59,4500,130,1999.0,아파트,2023
성북구,13400,길음동,16.0,20230620,월세,84.05,20000,60,2007.0,아파트,2023
성북구,13900,석관동,,20230203,월세,55.73,12000,10,1993.0,단독다가구,2023
성북구,13800,장위동,25.0,20230927,월세,59.1,20000,130,2022.0,아파트,2023
성북구,13600,하월곡동,,20230206,월세,36.8,1000,50,1995.0,단독다가구,2023
성북구,10100,성북동,,20230203,월세,56.27,15000,120,2019.0,단독다가구,2023
성북구,13600,하월곡동,8.0,20230126,월세,12.66,1000,70,2022.0,연립다세대,2023
성북구,13600,하월곡동,10.0,20230126,월세,26.84,3000,110,2022.0,연립다세대,2023
성북구,13800,장위동,21.0,20230623,월세,84.47,10000,210,2022.0,아파트,2023
성북구,13400,길음동,6.0,20230726,월세,32.36,6087,5,2010.0,아파트,2023
성북구,13400,길음동,2.0,20230112,월세,43.63,4860,6,2022.0,아파트,2023
성북구,13800,장위동,3.0,20230627,월세,52.07,20000,32,2016.0,연립다세대,2023
성북구,13400,길음동,6.0,20230726,월세,59.99,3000,93,2003.0,아파트,2023
성북구,13600,하월곡동,9.0,20230717,월세,59.65,21000,70,2010.0,아파트,2023
성북구,13400,길음동,18.0,20230729,월세,84.96,50000,5,2003.0,아파트,2023
성북구,13400,길음동,1.0,20230726,월세,84.96,25000,110,2003.0,아파트,2023
성북구,10300,돈암동,6.0,20230525,월세,59.79,20000,55,1998.0,아파트,2023
성북구,10300,돈암동,9.0,20230618,월세,84.92,20000,80,1998.0,아파트,2023
성북구,11200,삼선동2가,,20230206,월세,39.85,12000,19,1989.0,단독다가구,2023
성북구,11200,삼선동2가,,20230206,월세,39.85,12000,17,1989.0,단독다가구,2023
성북구,10100,성북동,,20230206,월세,39.9,2000,60,1989.0,단독다가구,2023
성북구,13400,길음동,20.0,20230726,월세,84.96,20000,120,2006.0,아파트,2023
성북구,10800,동소문동5가,18.0,20230901,월세,84.96,38000,70,2006.0,아파트,2023
성북구,13400,길음동,12.0,20230729,월세,59.99,17000,130,2010.0,아파트,2023
성북구,12800,보문동6가,,20230131,월세,24.0,500,35,1992.0,단독다가구,2023
성북구,11800,동선동3가,,20230209,월세,21.0,500,40,1996.0,단독다가구,2023
성북구,13900,석관동,3.0,20230217,월세,59.97,15000,80,1998.0,아파트,2023
성북구,13900,석관동,8.0,20230217,월세,59.97,5000,130,1998.0,아파트,2023
성북구,13900,석관동,,20230329,월세,52.43,13000,20,1997.0,단독다가구,2023
성북구,13900,석관동,,20230206,월세,41.1,1000,45,1993.0,단독다가구,2023
성북구,13300,정릉동,6.0,20221226,월세,29.93,5000,100,2022.0,연립다세대,2023
성북구,13300,정릉동,5.0,20221226,월세,29.93,3000,130,2022.0,연립다세대,2023
성북구,13900,석관동,2.0,20231006,월세,24.41,18000,15,2022.0,연립다세대,2023
성북구,13800,장위동,1.0,20230410,월세,45.63,0,15,1995.0,연립다세대,2023
성북구,11100,삼선동1가,,20230209,월세,22.84,500,40,1995.0,단독다가구,2023
성북구,13300,정릉동,3.0,20230515,월세,31.13,1000,100,2022.0,연립다세대,2023
성북구,13300,정릉동,1.0,20230515,월세,41.25,500,110,2022.0,연립다세대,2023
성북구,13400,길음동,23.0,20230126,월세,59.99,20000,120,2019.0,아파트,2023
성북구,13500,종암동,4.0,20230617,월세,21.5,500,50,2013.0,연립다세대,2023
성북구,11400,삼선동4가,8.0,20230204,월세,28.11,2000,90,2014.0,오피스텔,2023
성북구,13600,하월곡동,,20230516,월세,48.93,1500,30,1997.0,단독다가구,2023
성북구,13300,정릉동,2.0,20230612,월세,27.52,5000,60,2023.0,연립다세대,2023
성북구,10900,동소문동6가,14.0,20230512,월세,14.01,4000,60,2015.0,아파트,2023
성북구,13500,종암동,5.0,20230712,월세,59.98,10000,140,2011.0,아파트,2023
성북구,11500,삼선동5가,4.0,20230302,월세,29.04,3000,95,2018.0,연립다세대,2023
성북구,13600,하월곡동,4.0,20230204,월세,29.95,500,40,2003.0,연립다세대,2023
성북구,13900,석관동,12.0,20230826,월세,84.9,5000,150,1998.0,아파트,2023
성북구,11200,삼선동2가,1.0,20230204,월세,43.15,4000,60,1997.0,연립다세대,2023
성북구,13300,정릉동,,20221223,월세,15.0,1000,45,2018.0,단독다가구,2023
성북구,13300,정릉동,9.0,20230305,월세,84.68,20000,60,2005.0,아파트,2023
성북구,13800,장위동,15.0,20230706,월세,59.92,15000,130,2021.0,아파트,2023
성북구,13300,정릉동,,20221223,월세,16.0,1000,50,2022.0,단독다가구,2023
성북구,13900,석관동,,20230608,월세,64.8,3000,70,2005.0,단독다가구,2023
성북구,13800,장위동,9.0,20230821,월세,42.79,4559,7,2021.0,아파트,2023
성북구,12200,안암동2가,,20230206,월세,53.3,1000,70,1996.0,단독다가구,2023
성북구,13800,장위동,10.0,20230821,월세,51.57,5458,9,2021.0,아파트,2023
성북구,12500,안암동5가,,20230209,월세,28.9,5000,60,2023.0,단독다가구,2023
성북구,13300,정릉동,,20221223,월세,16.5,1000,50,2017.0,단독다가구,2023
성북구,13300,정릉동,8.0,20221213,월세,43.11,2000,70,2001.0,아파트,2023
성북구,10300,돈암동,14.0,20230307,월세,32.49,873,13,1999.0,아파트,2023
성북구,10300,돈암동,17.0,20230307,월세,32.49,873,13,1999.0,아파트,2023
성북구,12600,보문동4가,6.0,20230109,월세,82.03,10000,150,2011.0,아파트,2023
성북구,13400,길음동,13.0,20230629,월세,30.15,1370,13,2005.0,아파트,2023
성북구,12300,안암동3가,,20230209,월세,30.0,3500,54,2016.0,단독다가구,2023
성북구,11500,삼선동5가,4.0,20221217,월세,36.18,1000,50,2002.0,연립다세대,2023
성북구,13700,상월곡동,,20231023,월세,43.0,1000,50,1971.0,단독다가구,2023
성북구,10300,돈암동,9.0,20230101,월세,59.99,20000,70,2004.0,아파트,2023
성북구,13300,정릉동,1.0,20231103,월세,59.59,4000,120,1999.0,아파트,2023
성북구,13500,종암동,9.0,20230503,월세,59.61,10000,120,2005.0,아파트,2023
성북구,13800,장위동,3.0,20231002,월세,42.57,2000,30,1995.0,연립다세대,2023
성북구,13400,길음동,10.0,20230629,월세,59.37,5000,130,2007.0,아파트,2023
성북구,13800,장위동,10.0,20230221,월세,39.34,2047,16,2006.0,아파트,2023
성북구,13300,정릉동,3.0,20230224,월세,47.87,4731,8,2014.0,연립다세대,2023
성북구,13900,석관동,3.0,20230106,월세,25.2,15000,20,2019.0,연립다세대,2023
성북구,13400,길음동,3.0,20230629,월세,84.92,30000,85,2010.0,아파트,2023
성북구,13400,길음동,8.0,20230629,월세,114.99,5000,300,2010.0,아파트,2023
성북구,13500,종암동,,20230209,월세,32.72,1000,40,1971.0,단독다가구,2023
성북구,12200,안암동2가,,20230127,월세,45.09,1000,70,1994.0,단독다가구,2023
성북구,13300,정릉동,,20221223,월세,19.14,500,50,2017.0,단독다가구,2023
성북구,13300,정릉동,4.0,20230525,월세,66.45,5000,70,1999.0,연립다세대,2023
성북구,12500,안암동5가,,20221223,월세,20.0,1000,70,2019.0,단독다가구,2023
성북구,13500,종암동,,20221223,월세,20.0,1000,60,2017.0,단독다가구,2023
성북구,13900,석관동,,20230717,월세,43.48,500,33,1997.0,단독다가구,2023
성북구,13400,길음동,2.0,20230801,월세,84.82,15000,155,2010.0,아파트,2023
성북구,13300,정릉동,2.0,20230711,월세,56.07,15000,65,1994.0,연립다세대,2023
성북구,13500,종암동,,20230209,월세,33.61,10000,25,1993.0,단독다가구,2023
성북구,13600,하월곡동,16.0,20230109,월세,15.62,1000,55,2013.0,아파트,2023
성북구,10300,돈암동,4.0,20230227,월세,84.97,30000,70,2004.0,아파트,2023
성북구,10300,돈암동,10.0,20230227,월세,84.97,5000,170,2004.0,아파트,2023
성북구,10900,동소문동6가,17.0,20230428,월세,17.15,14000,27,2012.0,아파트,2023
성북구,11400,삼선동4가,11.0,20230210,월세,28.11,8000,64,2014.0,오피스텔,2023
성북구,13700,상월곡동,3.0,20230323,월세,29.98,12000,50,2019.0,연립다세대,2023
성북구,10300,돈암동,2.0,20230913,월세,59.4,25000,45,1999.0,아파트,2023
성북구,10300,돈암동,7.0,20230913,월세,84.59,5000,150,1999.0,아파트,2023
성북구,12000,동선동5가,4.0,20230210,월세,47.39,1000,53,2002.0,연립다세대,2023
성북구,10700,동소문동4가,6.0,20230210,월세,18.36,1000,73,2019.0,오피스텔,2023
성북구,10900,동소문동6가,4.0,20230218,월세,12.7,7000,24,2013.0,아파트,2023
성북구,13800,장위동,,20230327,월세,53.49,1000,40,1971.0,단독다가구,2023
성북구,13800,장위동,26.0,20230201,월세,59.1,15000,115,2022.0,아파트,2023
성북구,13400,길음동,6.0,20221213,월세,59.97,30000,65,2019.0,아파트,2023
성북구,13800,장위동,11.0,20230629,월세,39.0,9927,26,2022.0,아파트,2023
성북구,13100,보문동2가,5.0,20221226,월세,23.18,3000,40,2002.0,오피스텔,2023
성북구,12500,안암동5가,,20221223,월세,23.1,1000,65,1997.0,단독다가구,2023
성북구,13500,종암동,7.0,20230103,월세,59.68,2000,150,2005.0,아파트,2023
성북구,11900,동선동4가,3.0,20230531,월세,21.69,2000,53,2011.0,오피스텔,2023
성북구,13300,정릉동,3.0,20230311,월세,43.95,2000,55,1995.0,연립다세대,2023
성북구,13400,길음동,6.0,20230708,월세,84.97,3000,149,2005.0,아파트,2023
성북구,13400,길음동,15.0,20231004,월세,84.84,30000,90,2003.0,아파트,2023
성북구,13300,정릉동,4.0,20230204,월세,12.69,1000,44,2012.0,연립다세대,2023
성북구,13400,길음동,7.0,20230708,월세,114.88,30000,160,2005.0,아파트,2023
성북구,13400,길음동,13.0,20230618,월세,59.94,3000,120,1998.0,아파트,2023
성북구,12300,안암동3가,5.0,20230308,월세,59.91,10000,100,2016.0,연립다세대,2023
성북구,13900,석관동,1.0,20230210,월세,53.78,4000,65,1997.0,연립다세대,2023
성북구,13300,정릉동,3.0,20230210,월세,13.5,500,45,2013.0,연립다세대,2023
성북구,13800,장위동,3.0,20230503,월세,26.01,10000,47,2021.0,연립다세대,2023
성북구,13400,길음동,3.0,20230705,월세,84.96,10000,150,2003.0,아파트,2023
성북구,13400,길음동,11.0,20230708,월세,84.94,55000,20,2010.0,아파트,2023
성북구,10300,돈암동,17.0,20230401,월세,59.99,3000,163,2004.0,아파트,2023
성북구,11800,동선동3가,,20230119,월세,35.0,8000,27,1997.0,단독다가구,2023
성북구,13900,석관동,,20221223,월세,28.0,300,30,1994.0,단독다가구,2023
성북구,12500,안암동5가,,20221223,월세,28.0,2000,76,1977.0,단독다가구,2023
성북구,13400,길음동,20.0,20230708,월세,114.91,5000,150,2003.0,아파트,2023
성북구,13600,하월곡동,14.0,20230708,월세,84.96,2000,143,2011.0,아파트,2023
성북구,13000,보문동1가,15.0,20230118,월세,84.91,35000,150,2022.0,아파트,2023
성북구,12800,보문동6가,11.0,20230118,월세,29.96,9059,24,2017.0,아파트,2023
성북구,12800,보문동6가,,20230131,월세,24.98,500,37,1992.0,단독다가구,2023
성북구,12500,안암동5가,,20230131,월세,25.0,1000,50,2000.0,단독다가구,2023
성북구,12800,보문동6가,13.0,20230603,월세,84.99,30000,130,2017.0,아파트,2023
성북구,13400,길음동,17.0,20230626,월세,114.86,10000,240,2010.0,아파트,2023
성북구,13800,장위동,3.0,20230703,월세,45.26,5000,90,2022.0,연립다세대,2023
성북구,13400,길음동,14.0,20230705,월세,59.99,5000,132,2010.0,아파트,2023
성북구,13700,상월곡동,13.0,20230214,월세,114.66,30000,50,2003.0,아파트,2023
성북구,13700,상월곡동,7.0,20230325,월세,59.95,13000,80,2003.0,아파트,2023
성북구,13600,하월곡동,-1.0,20230802,월세,39.98,500,35,2001.0,연립다세대,2023
성북구,11700,동선동2가,,20230207,월세,19.81,1000,55,1996.0,단독다가구,2023
성북구,13400,길음동,4.0,20230705,월세,59.99,5000,150,2010.0,아파트,2023
성북구,13300,정릉동,18.0,20231009,월세,59.59,25000,40,1999.0,아파트,2023
성북구,13600,하월곡동,13.0,20221229,월세,84.99,5000,150,2003.0,아파트,2023
성북구,13900,석관동,6.0,20230308,월세,31.99,21000,16,2019.0,연립다세대,2023
성북구,13900,석관동,,20230207,월세,20.0,300,38,1994.0,단독다가구,2023
성북구,12200,안암동2가,,20230207,월세,20.0,1000,50,,단독다가구,2023
성북구,13400,길음동,3.0,20230301,월세,84.95,50000,80,2019.0,아파트,2023
성북구,11100,삼선동1가,3.0,20230227,월세,73.32,0,55,2008.0,연립다세대,2023
성북구,13800,장위동,18.0,20230708,월세,84.48,30000,130,2022.0,아파트,2023
성북구,13600,하월곡동,3.0,20230708,월세,59.65,29000,15,2010.0,아파트,2023
성북구,13800,장위동,,20230407,월세,54.0,500,35,1984.0,단독다가구,2023
성북구,13200,보문동3가,4.0,20230326,월세,84.77,40000,45,2013.0,아파트,2023
성북구,12800,보문동6가,,20230422,월세,142.15,20000,110,,단독다가구,2023
성북구,12500,안암동5가,,20221223,월세,37.74,1000,80,2017.0,단독다가구,2023
성북구,13800,장위동,6.0,20221217,월세,29.16,2000,85,2022.0,연립다세대,2023
성북구,13300,정릉동,17.0,20230217,월세,84.65,20000,140,2008.0,아파트,2023
성북구,13800,장위동,12.0,20230626,월세,39.0,10512,27,2022.0,아파트,2023
성북구,13500,종암동,6.0,20230428,월세,114.98,5000,180,2004.0,아파트,2023
성북구,13800,장위동,9.0,20230626,월세,39.0,10512,27,2022.0,아파트,2023
성북구,13800,장위동,16.0,20230626,월세,39.0,9224,34,2022.0,아파트,2023
성북구,13800,장위동,12.0,20230626,월세,39.0,8436,38,2022.0,아파트,2023
성북구,13800,장위동,6.0,20230626,월세,39.0,9736,36,2022.0,아파트,2023
성북구,11700,동선동2가,2.0,20230603,월세,66.5,1000,55,2002.0,연립다세대,2023
성북구,12500,안암동5가,,20230210,월세,33.0,2000,80,2002.0,단독다가구,2023
성북구,13000,보문동1가,12.0,20230812,월세,59.79,20000,160,2022.0,아파트,2023
성북구,13400,길음동,13.0,20231026,월세,59.97,20000,90,2005.0,아파트,2023
성북구,12600,보문동4가,11.0,20230812,월세,82.03,30000,110,2011.0,아파트,2023
성북구,13800,장위동,4.0,20230709,월세,59.98,5000,160,2022.0,연립다세대,2023
성북구,13300,정릉동,2.0,20230127,월세,14.65,3000,30,2012.0,연립다세대,2023
성북구,12600,보문동4가,2.0,20230812,월세,82.39,25000,90,2011.0,아파트,2023
성북구,13600,하월곡동,4.0,20230618,월세,15.62,1000,55,2013.0,아파트,2023
성북구,13300,정릉동,12.0,20230401,월세,114.35,10000,150,2009.0,아파트,2023
성북구,13500,종암동,6.0,20230515,월세,84.73,25000,70,2005.0,아파트,2023
성북구,13400,길음동,9.0,20230217,월세,84.95,50000,65,2019.0,아파트,2023
성북구,13300,정릉동,2.0,20230401,월세,84.09,4200,104,2005.0,아파트,2023
성북구,13500,종암동,5.0,20230422,월세,59.73,8000,100,2004.0,아파트,2023
성북구,11900,동선동4가,14.0,20230615,월세,21.13,1000,65,2011.0,오피스텔,2023
성북구,13300,정릉동,5.0,20230106,월세,94.59,5000,130,2004.0,아파트,2023
성북구,12200,안암동2가,1.0,20231012,월세,20.0,500,50,2013.0,연립다세대,2023
성북구,13300,정릉동,17.0,20231026,월세,50.45,5000,100,1999.0,아파트,2023
성북구,13400,길음동,6.0,20230929,월세,59.99,12500,124,2003.0,아파트,2023
성북구,12800,보문동6가,7.0,20230424,월세,45.96,4055,17,2017.0,아파트,2023
성북구,12800,보문동6가,5.0,20230424,월세,59.87,20000,135,2017.0,아파트,2023
성북구,13400,길음동,26.0,20230421,월세,84.9,30000,140,2019.0,아파트,2023
성북구,13400,길음동,15.0,20230603,월세,59.94,5000,90,1998.0,아파트,2023
성북구,13300,정릉동,13.0,20221229,월세,84.56,10000,150,2015.0,아파트,2023
성북구,10300,돈암동,20.0,20230718,월세,84.59,33000,20,1999.0,아파트,2023
성북구,13600,하월곡동,4.0,20230217,월세,84.59,10000,130,2006.0,아파트,2023
성북구,13600,하월곡동,,20221223,월세,65.83,5000,70,1965.0,단독다가구,2023
성북구,13500,종암동,2.0,20230422,월세,14.83,3000,32,2011.0,연립다세대,2023
성북구,11500,삼선동5가,3.0,20230515,월세,59.78,18000,40,2002.0,연립다세대,2023
성북구,13500,종암동,,20231101,월세,27.0,100,45,1997.0,단독다가구,2023
성북구,13400,길음동,5.0,20230711,월세,114.88,31000,125,2005.0,아파트,2023
성북구,10300,돈암동,4.0,20230106,월세,32.49,1248,2,1998.0,아파트,2023
성북구,12200,안암동2가,3.0,20221209,월세,42.28,7000,45,2003.0,연립다세대,2023
성북구,10700,동소문동4가,2.0,20230419,월세,56.88,4000,100,2002.0,연립다세대,2023
성북구,13900,석관동,20.0,20230913,월세,59.97,5000,110,1998.0,아파트,2023
성북구,13800,장위동,11.0,20231026,월세,84.84,30000,85,2008.0,아파트,2023
성북구,13400,길음동,3.0,20230711,월세,59.99,9000,140,2010.0,아파트,2023
성북구,13400,길음동,14.0,20230304,월세,59.78,30000,110,2022.0,아파트,2023
성북구,13400,길음동,20.0,20230304,월세,84.77,60000,60,2022.0,아파트,2023
성북구,13500,종암동,,20230626,월세,45.0,300,10,1989.0,단독다가구,2023
성북구,13900,석관동,2.0,20230202,월세,22.09,1000,45,2005.0,오피스텔,2023
성북구,13800,장위동,5.0,20230826,월세,59.99,35000,45,2020.0,아파트,2023
성북구,13400,길음동,11.0,20230225,월세,84.97,15000,80,2005.0,아파트,2023
성북구,13900,석관동,1.0,20230118,월세,59.9,1000,124,2009.0,아파트,2023
성북구,13300,정릉동,3.0,20230605,월세,12.32,2000,65,2022.0,아파트,2023
성북구,13300,정릉동,17.0,20230711,월세,45.77,4000,65,1999.0,아파트,2023
성북구,13300,정릉동,3.0,20230605,월세,12.85,2000,65,2022.0,아파트,2023
성북구,11500,삼선동5가,,20231114,월세,88.08,16000,50,1997.0,단독다가구,2023
성북구,12800,보문동6가,6.0,20230404,월세,21.18,2000,80,2015.0,연립다세대,2023
성북구,10800,동소문동5가,18.0,20230328,월세,84.96,32000,80,2006.0,아파트,2023
성북구,10300,돈암동,5.0,20230328,월세,32.23,1039,14,1999.0,아파트,2023
성북구,10300,돈암동,2.0,20230328,월세,32.23,1039,14,1999.0,아파트,2023
성북구,13900,석관동,16.0,20230214,월세,44.19,3143,20,2019.0,아파트,2023
성북구,13600,하월곡동,10.0,20230121,월세,84.14,20000,150,2007.0,아파트,2023
성북구,13900,석관동,6.0,20221224,월세,27.47,3000,110,2022.0,연립다세대,2023
성북구,10800,동소문동5가,8.0,20230118,월세,15.42,1000,95,2018.0,아파트,2023
성북구,13600,하월곡동,7.0,20230217,월세,15.95,3000,80,2019.0,연립다세대,2023
성북구,13300,정릉동,3.0,20230615,월세,64.64,500,30,2010.0,연립다세대,2023
성북구,13900,석관동,,20230502,월세,70.41,1000,50,1976.0,단독다가구,2023
성북구,13800,장위동,7.0,20230214,월세,84.98,40000,50,2020.0,아파트,2023
성북구,13300,정릉동,8.0,20230317,월세,84.96,12000,110,2000.0,아파트,2023
성북구,13300,정릉동,2.0,20230401,월세,58.89,2000,80,2003.0,연립다세대,2023
성북구,13600,하월곡동,4.0,20230311,월세,29.88,3000,70,2017.0,연립다세대,2023
성북구,13800,장위동,15.0,20230225,월세,84.48,20000,150,2022.0,아파트,2023
성북구,13700,상월곡동,,20231110,월세,51.8,1500,105,,단독다가구,2023
성북구,13800,장위동,4.0,20230711,월세,40.24,12603,46,2017.0,아파트,2023
성북구,13800,장위동,4.0,20230711,월세,40.24,14451,37,2017.0,아파트,2023
성북구,13400,길음동,1.0,20230303,월세,84.84,10000,130,2003.0,아파트,2023
성북구,13400,길음동,9.0,20230228,월세,84.84,4000,150,2003.0,아파트,2023
성북구,13800,장위동,26.0,20230216,월세,84.47,10000,185,2022.0,아파트,2023
성북구,13300,정릉동,2.0,20230328,월세,44.78,5000,45,2002.0,연립다세대,2023
성북구,13400,길음동,10.0,20230219,월세,84.05,5000,140,2007.0,아파트,2023
성북구,13800,장위동,4.0,20230207,월세,18.39,5000,23,2020.0,아파트,2023
성북구,13600,하월곡동,17.0,20230603,월세,15.54,500,57,2013.0,아파트,2023
성북구,13600,하월곡동,19.0,20230531,월세,15.54,500,60,2013.0,아파트,2023
성북구,13500,종암동,4.0,20230301,월세,12.61,300,32,2010.0,연립다세대,2023
성북구,13800,장위동,6.0,20230303,월세,84.48,5000,220,2022.0,아파트,2023
성북구,13900,석관동,5.0,20230109,월세,27.35,3000,75,2021.0,연립다세대,2023
성북구,13400,길음동,11.0,20230205,월세,84.97,32000,55,2005.0,아파트,2023
성북구,13800,장위동,7.0,20230220,월세,59.92,30000,55,2021.0,아파트,2023
성북구,11900,동선동4가,,20230106,월세,12.0,300,20,1994.0,단독다가구,2023
성북구,13300,정릉동,18.0,20230326,월세,84.95,7000,130,2005.0,아파트,2023
성북구,13300,정릉동,12.0,20230329,월세,114.75,15000,150,2005.0,아파트,2023
성북구,13300,정릉동,5.0,20230329,월세,32.76,1470,15,2005.0,아파트,2023
성북구,13300,정릉동,2.0,20221224,월세,49.83,2000,60,1996.0,연립다세대,2023
성북구,13400,길음동,10.0,20230208,월세,84.05,20000,137,2007.0,아파트,2023
성북구,13400,길음동,10.0,20230208,월세,59.9,5000,170,2010.0,아파트,2023
성북구,13300,정릉동,,20230106,월세,15.0,1000,45,2018.0,단독다가구,2023
성북구,10200,성북동1가,,20230106,월세,15.0,1000,35,2012.0,단독다가구,2023
성북구,13300,정릉동,,20230106,월세,15.0,1000,50,2017.0,단독다가구,2023
성북구,13800,장위동,25.0,20230202,월세,59.1,25000,90,2022.0,아파트,2023
성북구,13600,하월곡동,1.0,20230328,월세,59.88,10000,80,1998.0,아파트,2023
성북구,11000,동소문동7가,,20230207,월세,21.0,1000,55,2016.0,단독다가구,2023
성북구,13800,장위동,4.0,20230329,월세,28.82,2000,85,2022.0,연립다세대,2023
성북구,13300,정릉동,,20230106,월세,16.0,1000,50,2017.0,단독다가구,2023
성북구,12000,동선동5가,,20230106,월세,16.0,300,37,1993.0,단독다가구,2023
성북구,13100,보문동2가,3.0,20230315,월세,26.29,3000,110,2017.0,연립다세대,2023
성북구,11900,동선동4가,9.0,20230615,월세,22.85,1000,70,2017.0,오피스텔,2023
성북구,13800,장위동,11.0,20230901,월세,84.98,37800,50,2020.0,아파트,2023
성북구,12500,안암동5가,,20230106,월세,16.5,1000,47,2002.0,단독다가구,2023
성북구,13500,종암동,4.0,20230307,월세,59.98,5000,160,2011.0,아파트,2023
성북구,13400,길음동,17.0,20230322,월세,84.95,10000,180,2019.0,아파트,2023
성북구,13800,장위동,4.0,20230130,월세,27.2,2000,70,2021.0,연립다세대,2023
성북구,13800,장위동,5.0,20221231,월세,40.47,4366,6,2022.0,아파트,2023
성북구,13800,장위동,5.0,20230130,월세,24.57,2000,55,2021.0,연립다세대,2023
성북구,12000,동선동5가,,20230106,월세,16.54,300,37,1993.0,단독다가구,2023
성북구,13300,정릉동,6.0,20230410,월세,84.92,31500,12,2009.0,아파트,2023
성북구,10300,돈암동,12.0,20230724,월세,32.23,3018,3,1999.0,아파트,2023
성북구,10300,돈암동,10.0,20230724,월세,32.23,1039,14,1999.0,아파트,2023
성북구,13400,길음동,10.0,20231012,월세,59.37,28000,66,2007.0,아파트,2023
성북구,13500,종암동,7.0,20230115,월세,84.52,20000,85,2008.0,아파트,2023
성북구,13900,석관동,1.0,20230228,월세,20.16,500,25,1994.0,연립다세대,2023
성북구,11600,동선동1가,,20230106,월세,18.0,1000,55,2017.0,단독다가구,2023
성북구,10300,돈암동,12.0,20230211,월세,59.79,5000,100,1998.0,아파트,2023
성북구,13300,정릉동,,20230225,월세,41.88,1000,62,1993.0,단독다가구,2023
성북구,13800,장위동,2.0,20230323,월세,29.29,1000,60,2018.0,연립다세대,2023
성북구,13400,길음동,21.0,20230715,월세,84.95,20000,200,2019.0,아파트,2023
성북구,13300,정릉동,,20230118,월세,36.35,1000,70,2017.0,단독다가구,2023
성북구,13800,장위동,13.0,20230901,월세,84.97,5000,170,2021.0,아파트,2023
성북구,13400,길음동,6.0,20230130,월세,30.61,3474,7,2005.0,아파트,2023
성북구,13500,종암동,20.0,20230325,월세,84.99,27000,100,2009.0,아파트,2023
성북구,13400,길음동,14.0,20230130,월세,59.37,10000,130,2007.0,아파트,2023
성북구,13600,하월곡동,18.0,20230718,월세,126.6,30000,150,2011.0,아파트,2023
성북구,10800,동소문동5가,10.0,20230525,월세,14.09,1000,82,2018.0,아파트,2023
성북구,10900,동소문동6가,8.0,20230211,월세,14.18,18600,6,2012.0,아파트,2023
성북구,13500,종암동,,20230106,월세,18.38,500,40,1996.0,단독다가구,2023
성북구,13300,정릉동,,20230106,월세,18.5,1000,50,2018.0,단독다가구,2023
성북구,13000,보문동1가,,20230106,월세,18.5,500,43,2012.0,단독다가구,2023
성북구,13300,정릉동,5.0,20230512,월세,41.32,5000,70,2022.0,연립다세대,2023
성북구,13500,종암동,6.0,20230915,월세,59.98,41500,27,2011.0,아파트,2023
성북구,10900,동소문동6가,6.0,20230103,월세,13.2,6000,30,2013.0,아파트,2023
성북구,10300,돈암동,15.0,20230506,월세,84.97,10000,150,2004.0,아파트,2023
성북구,10100,성북동,1.0,20230130,월세,182.44,10000,400,1996.0,연립다세대,2023
성북구,13900,석관동,2.0,20230331,월세,84.9,35700,16,1998.0,아파트,2023
성북구,13300,정릉동,4.0,20230410,월세,27.83,2000,85,2017.0,연립다세대,2023
성북구,13300,정릉동,,20230106,월세,20.0,1000,50,2017.0,단독다가구,2023
성북구,12200,안암동2가,,20230106,월세,20.0,500,40,2011.0,단독다가구,2023
성북구,11700,동선동2가,,20230106,월세,20.0,1000,35,1991.0,단독다가구,2023
성북구,13400,길음동,3.0,20231018,월세,114.91,20000,190,2003.0,아파트,2023
성북구,12100,안암동1가,2.0,20230525,월세,48.84,6000,45,2001.0,연립다세대,2023
성북구,13800,장위동,12.0,20230307,월세,84.94,10000,180,2020.0,아파트,2023
성북구,13800,장위동,8.0,20230325,월세,84.94,30000,100,2020.0,아파트,2023
성북구,13400,길음동,8.0,20230617,월세,59.37,10000,130,2007.0,아파트,2023
성북구,13500,종암동,,20230207,월세,21.5,1000,50,2007.0,단독다가구,2023
성북구,13800,장위동,13.0,20230320,월세,39.34,4017,5,2006.0,아파트,2023
성북구,13800,장위동,11.0,20230320,월세,39.34,4742,1,2006.0,아파트,2023
성북구,13900,석관동,9.0,20230328,월세,84.9,5000,150,1998.0,아파트,2023
성북구,13400,길음동,8.0,20230617,월세,84.99,40000,80,2010.0,아파트,2023
성북구,13400,길음동,14.0,20231109,월세,30.15,4437,5,2005.0,아파트,2023
성북구,10300,돈암동,4.0,20230103,월세,84.87,5000,160,1998.0,아파트,2023
성북구,13800,장위동,8.0,20231106,월세,59.35,36750,4,2017.0,아파트,2023
성북구,13800,장위동,2.0,20231012,월세,39.0,10512,27,2022.0,아파트,2023
성북구,13400,길음동,3.0,20221224,월세,59.99,5000,150,2003.0,아파트,2023
성북구,13700,상월곡동,,20230106,월세,21.0,1000,55,,단독다가구,2023
성북구,11100,삼선동1가,,20230106,월세,21.0,500,35,1998.0,단독다가구,2023
성북구,13700,상월곡동,,20230106,월세,21.0,8000,30,2019.0,단독다가구,2023
성북구,13400,길음동,12.0,20230127,월세,84.05,18000,135,2007.0,아파트,2023
성북구,13800,장위동,11.0,20230325,월세,39.9,7978,29,2021.0,아파트,2023
성북구,13400,길음동,18.0,20230127,월세,84.82,15000,160,2010.0,아파트,2023
성북구,13400,길음동,10.0,20230127,월세,84.94,5000,180,2010.0,아파트,2023
성북구,13900,석관동,4.0,20230112,월세,12.8,500,45,2013.0,연립다세대,2023
성북구,13600,하월곡동,2.0,20230109,월세,49.69,25000,10,2018.0,연립다세대,2023
성북구,13400,길음동,7.0,20221224,월세,84.95,10000,175,2010.0,아파트,2023
성북구,13100,보문동2가,2.0,20230606,월세,59.97,5000,170,2023.0,오피스텔,2023
성북구,13600,하월곡동,23.0,20230112,월세,59.98,20000,100,2007.0,아파트,2023
성북구,11100,삼선동1가,3.0,20230115,월세,73.32,0,55,2008.0,연립다세대,2023
성북구,13900,석관동,1.0,20231020,월세,31.45,500,40,1991.0,연립다세대,2023
성북구,13300,정릉동,1.0,20230320,월세,19.7,4605,6,2020.0,연립다세대,2023
성북구,13300,정릉동,1.0,20230225,월세,84.83,5000,85,2001.0,아파트,2023
성북구,13500,종암동,,20230106,월세,21.5,1000,50,2007.0,단독다가구,2023
성북구,13300,정릉동,3.0,20230401,월세,29.9,1000,100,2021.0,연립다세대,2023
성북구,13100,보문동2가,3.0,20230208,월세,72.14,3000,100,2002.0,연립다세대,2023
성북구,10300,돈암동,14.0,20230409,월세,84.82,12000,130,2006.0,아파트,2023
성북구,12800,보문동6가,13.0,20230319,월세,72.97,15000,160,2017.0,아파트,2023
성북구,13800,장위동,2.0,20230322,월세,39.9,9628,25,2021.0,아파트,2023
성북구,10300,돈암동,7.0,20230409,월세,59.86,36000,30,2016.0,아파트,2023
성북구,13400,길음동,8.0,20231109,월세,59.99,10000,155,2010.0,아파트,2023
성북구,13900,석관동,6.0,20230621,월세,33.15,5000,50,2003.0,오피스텔,2023
성북구,10300,돈암동,9.0,20230202,월세,84.68,20000,62,1999.0,아파트,2023
성북구,10300,돈암동,3.0,20230202,월세,114.41,38000,8,1999.0,아파트,2023
성북구,13900,석관동,,20231023,월세,47.17,2000,55,1965.0,단독다가구,2023
성북구,13400,길음동,3.0,20230608,월세,33.28,2989,25,2010.0,아파트,2023
성북구,13400,길음동,3.0,20230608,월세,33.28,2847,24,2010.0,아파트,2023
성북구,13300,정릉동,5.0,20230109,월세,59.88,10000,80,2005.0,아파트,2023
성북구,13300,정릉동,11.0,20230109,월세,114.75,5000,180,2005.0,아파트,2023
성북구,13600,하월곡동,16.0,20230512,월세,84.65,15000,90,2003.0,아파트,2023
성북구,11400,삼선동4가,5.0,20221231,월세,13.27,4000,32,2010.0,연립다세대,2023
성북구,10100,성북동,,20230106,월세,25.0,4000,45,1968.0,단독다가구,2023
성북구,13800,장위동,,20230506,월세,28.0,200,25,1995.0,단독다가구,2023
성북구,13400,길음동,4.0,20231101,월세,33.28,2989,25,2010.0,아파트,2023
성북구,13300,정릉동,4.0,20230115,월세,114.75,5000,165,2005.0,아파트,2023
성북구,13600,하월곡동,,20230106,월세,26.0,500,30,1994.0,단독다가구,2023
성북구,13500,종암동,7.0,20230109,월세,59.86,18000,40,1999.0,아파트,2023
성북구,10900,동소문동6가,3.0,20230406,월세,28.47,12000,35,2003.0,오피스텔,2023
성북구,13600,하월곡동,18.0,20230509,월세,59.98,15000,100,2007.0,아파트,2023
성북구,13400,길음동,8.0,20221231,월세,59.97,20000,120,2019.0,아파트,2023
성북구,13600,하월곡동,9.0,20230211,월세,15.54,500,60,2013.0,아파트,2023
성북구,13300,정릉동,1.0,20230228,월세,73.88,3000,80,1980.0,연립다세대,2023
성북구,13300,정릉동,3.0,20230314,월세,26.39,7480,24,2020.0,연립다세대,2023
성북구,13300,정릉동,3.0,20230314,월세,26.39,5580,28,2020.0,연립다세대,2023
성북구,13400,길음동,8.0,20231101,월세,84.96,5000,130,2010.0,아파트,2023
성북구,11800,동선동3가,2.0,20230118,월세,24.48,500,55,2003.0,연립다세대,2023
성북구,13800,장위동,22.0,20230715,월세,59.92,10000,107,2021.0,아파트,2023
성북구,13800,장위동,27.0,20230715,월세,84.97,20000,160,2021.0,아파트,2023
성북구,11900,동선동4가,2.0,20230427,월세,21.69,3000,55,2011.0,오피스텔,2023
성북구,13400,길음동,18.0,20230921,월세,84.66,21000,150,2019.0,아파트,2023
성북구,11300,삼선동3가,4.0,20221224,월세,72.0,12000,19,1992.0,연립다세대,2023
성북구,13500,종암동,9.0,20230404,월세,114.75,40000,30,1999.0,아파트,2023
성북구,13400,길음동,16.0,20230614,월세,59.99,5000,140,2010.0,아파트,2023
성북구,13400,길음동,12.0,20230608,월세,34.88,1512,18,2003.0,아파트,2023
성북구,11700,동선동2가,3.0,20230720,월세,31.7,2000,58,2002.0,연립다세대,2023
성북구,10200,성북동1가,3.0,20230112,월세,48.5,8600,27,2002.0,연립다세대,2023
성북구,10300,돈암동,2.0,20230208,월세,34.06,5000,70,2016.0,연립다세대,2023
성북구,13300,정릉동,4.0,20230327,월세,20.41,1000,36,2020.0,연립다세대,2023
성북구,10300,돈암동,8.0,20231101,월세,84.88,5000,155,2014.0,아파트,2023
성북구,11200,삼선동2가,3.0,20230621,월세,114.65,40000,60,2008.0,아파트,2023
성북구,13300,정릉동,,20221209,월세,13.0,500,40,2018.0,단독다가구,2023
성북구,13300,정릉동,,20230103,월세,15.0,1000,45,2019.0,단독다가구,2023
성북구,13500,종암동,,20230103,월세,15.0,500,50,2009.0,단독다가구,2023
성북구,13300,정릉동,,20230103,월세,15.0,500,50,2014.0,단독다가구,2023
성북구,13800,장위동,,20230106,월세,34.93,1000,50,1991.0,단독다가구,2023
성북구,12800,보문동6가,1.0,20230818,월세,29.96,11708,30,2017.0,아파트,2023
성북구,13300,정릉동,-1.0,20230617,월세,60.33,1100,40,1991.0,연립다세대,2023
성북구,13300,정릉동,5.0,20230317,월세,29.69,500,90,2021.0,연립다세대,2023
성북구,11200,삼선동2가,,20230103,월세,15.3,1000,50,2019.0,단독다가구,2023
성북구,11800,동선동3가,,20230106,월세,36.3,2000,70,1997.0,단독다가구,2023
성북구,13300,정릉동,1.0,20230525,월세,40.75,1000,100,2022.0,연립다세대,2023
성북구,13300,정릉동,9.0,20230606,월세,52.89,5500,52,1977.0,아파트,2023
성북구,13600,하월곡동,15.0,20230208,월세,59.88,10000,80,1998.0,아파트,2023
성북구,13900,석관동,10.0,20230531,월세,59.9,2500,134,2009.0,아파트,2023
성북구,13600,하월곡동,2.0,20230913,월세,59.75,30000,35,2006.0,아파트,2023
성북구,10300,돈암동,16.0,20230118,월세,59.99,39000,8,2004.0,아파트,2023
성북구,13700,상월곡동,,20221209,월세,17.0,1000,55,2017.0,단독다가구,2023
성북구,13800,장위동,8.0,20230904,월세,39.9,11476,42,2021.0,아파트,2023
성북구,12500,안암동5가,,20230308,월세,13.2,1000,50,1997.0,단독다가구,2023
성북구,13400,길음동,8.0,20230331,월세,59.99,5000,160,2019.0,아파트,2023
성북구,13900,석관동,10.0,20230921,월세,30.0,4289,10,2009.0,아파트,2023
성북구,13900,석관동,8.0,20230921,월세,30.0,4288,10,2009.0,아파트,2023
성북구,13900,석관동,6.0,20230921,월세,30.01,5045,10,2009.0,아파트,2023
성북구,10300,돈암동,7.0,20230415,월세,59.4,10000,62,1999.0,아파트,2023
성북구,11400,삼선동4가,1.0,20221220,월세,122.76,10000,150,1993.0,연립다세대,2023
성북구,13300,정릉동,10.0,20230801,월세,84.83,23000,20,2001.0,아파트,2023
성북구,11500,삼선동5가,2.0,20230124,월세,15.05,8500,10,2011.0,연립다세대,2023
성북구,13900,석관동,3.0,20230918,월세,30.0,2478,24,2009.0,아파트,2023
성북구,13900,석관동,1.0,20230918,월세,30.0,2478,24,2009.0,아파트,2023
성북구,13900,석관동,4.0,20230918,월세,30.01,7001,2,2009.0,아파트,2023
성북구,10300,돈암동,4.0,20230927,월세,115.51,50000,10,2003.0,아파트,2023
성북구,13900,석관동,2.0,20230208,월세,45.82,10000,40,2002.0,연립다세대,2023
성북구,10300,돈암동,13.0,20230418,월세,84.76,50000,50,2016.0,아파트,2023
성북구,13500,종암동,10.0,20230924,월세,59.97,28000,75,2009.0,아파트,2023
성북구,12800,보문동6가,,20230106,월세,45.0,12000,20,1991.0,단독다가구,2023
성북구,13500,종암동,,20221209,월세,20.0,300,50,2009.0,단독다가구,2023
성북구,10200,성북동1가,,20230308,월세,16.0,500,35,1992.0,단독다가구,2023
성북구,10900,동소문동6가,8.0,20230427,월세,14.18,1000,83,2012.0,아파트,2023
성북구,13300,정릉동,2.0,20230404,월세,84.98,30000,70,2004.0,아파트,2023
성북구,12800,보문동6가,2.0,20230127,월세,21.12,1000,55,2014.0,연립다세대,2023
성북구,10300,돈암동,8.0,20230412,월세,68.76,2000,140,1991.0,아파트,2023
성북구,13500,종암동,14.0,20230316,월세,59.99,5000,115,2004.0,아파트,2023
성북구,13300,정릉동,9.0,20230118,월세,84.56,10000,170,2015.0,아파트,2023
성북구,13800,장위동,7.0,20230202,월세,59.92,10000,150,2021.0,아파트,2023
성북구,13300,정릉동,4.0,20230401,월세,39.52,3500,100,2022.0,오피스텔,2023
성북구,13500,종암동,5.0,20230727,월세,19.05,1000,60,2021.0,연립다세대,2023
성북구,13300,정릉동,6.0,20230404,월세,27.91,2000,57,2014.0,연립다세대,2023
성북구,10900,동소문동6가,16.0,20230217,월세,14.99,3000,75,2012.0,아파트,2023
성북구,13300,정릉동,,20230103,월세,18.25,2000,45,2019.0,단독다가구,2023
성북구,13100,보문동2가,,20221217,월세,15.0,1000,50,2010.0,단독다가구,2023
성북구,13300,정릉동,8.0,20230506,월세,84.98,30000,30,2004.0,아파트,2023
성북구,11500,삼선동5가,4.0,20230815,월세,37.31,1000,50,2002.0,연립다세대,2023
성북구,11100,삼선동1가,,20230106,월세,50.0,1000,65,1988.0,단독다가구,2023
성북구,13300,정릉동,,20230207,월세,24.7,1000,33,2019.0,단독다가구,2023
성북구,11800,동선동3가,2.0,20230915,월세,49.89,5000,100,2015.0,아파트,2023
성북구,13800,장위동,3.0,20221213,월세,39.98,7000,80,2022.0,아파트,2023
성북구,13500,종암동,8.0,20230118,월세,59.86,23000,40,1999.0,아파트,2023
성북구,13400,길음동,1.0,20231202,월세,84.97,48500,10,2005.0,아파트,2023
성북구,10300,돈암동,13.0,20230303,월세,84.59,37000,20,1999.0,아파트,2023
성북구,10300,돈암동,16.0,20230303,월세,32.49,2262,5,1999.0,아파트,2023
성북구,10300,돈암동,1.0,20230228,월세,32.23,2523,6,1999.0,아파트,2023
성북구,11700,동선동2가,,20221217,월세,16.0,1000,50,2016.0,단독다가구,2023
성북구,13300,정릉동,,20230305,월세,19.7,5000,30,2022.0,단독다가구,2023
성북구,10300,돈암동,9.0,20230303,월세,84.74,20000,120,2007.0,아파트,2023
성북구,13300,정릉동,3.0,20230323,월세,84.98,25000,100,2004.0,아파트,2023
성북구,12100,안암동1가,,20230207,월세,25.0,1000,40,1995.0,단독다가구,2023
성북구,10900,동소문동6가,15.0,20230223,월세,23.01,25000,2,2012.0,아파트,2023
성북구,13300,정릉동,2.0,20230225,월세,22.48,2000,40,2001.0,연립다세대,2023
성북구,13900,석관동,3.0,20230127,월세,16.0,1000,41,2012.0,연립다세대,2023
성북구,11800,동선동3가,,20230103,월세,20.0,1000,43,2007.0,단독다가구,2023
성북구,10400,동소문동1가,,20230103,월세,20.0,5000,35,2001.0,단독다가구,2023
성북구,13300,정릉동,,20221217,월세,17.0,500,40,2018.0,단독다가구,2023
성북구,13300,정릉동,,20221217,월세,17.0,1000,50,2017.0,단독다가구,2023
성북구,13300,정릉동,,20221217,월세,17.0,1000,48,2018.0,단독다가구,2023
성북구,10300,돈암동,13.0,20230216,월세,84.68,5000,130,1999.0,아파트,2023
성북구,13300,정릉동,,20221217,월세,18.0,1000,55,2002.0,단독다가구,2023
성북구,13700,상월곡동,12.0,20230225,월세,59.95,20000,30,2003.0,아파트,2023
성북구,13500,종암동,1.0,20230118,월세,133.98,500,40,1984.0,연립다세대,2023
성북구,13500,종암동,1.0,20230118,월세,133.98,1500,80,1984.0,연립다세대,2023
성북구,13400,길음동,20.0,20231202,월세,59.99,23500,100,2010.0,아파트,2023
성북구,13900,석관동,5.0,20231006,월세,59.97,20000,55,1998.0,아파트,2023
성북구,13700,상월곡동,13.0,20230222,월세,84.97,28000,50,2003.0,아파트,2023
성북구,13300,정릉동,13.0,20230410,월세,84.09,20000,60,2005.0,아파트,2023
성북구,13500,종암동,4.0,20230314,월세,29.95,1000,95,2017.0,연립다세대,2023
성북구,13300,정릉동,1.0,20230612,월세,59.7,2000,70,1990.0,연립다세대,2023
성북구,13900,석관동,5.0,20230331,월세,59.98,10000,150,2019.0,아파트,2023
성북구,13300,정릉동,1.0,20230310,월세,56.79,0,50,1990.0,연립다세대,2023
성북구,10300,돈암동,4.0,20230109,월세,132.96,30000,120,1998.0,아파트,2023
성북구,10300,돈암동,8.0,20230109,월세,32.49,516,6,1998.0,아파트,2023
성북구,13000,보문동1가,16.0,20230627,월세,59.79,30000,150,2022.0,아파트,2023
성북구,10900,동소문동6가,2.0,20230913,월세,29.51,19000,45,2021.0,연립다세대,2023
성북구,12800,보문동6가,3.0,20230627,월세,45.96,5075,7,2017.0,아파트,2023
성북구,13900,석관동,7.0,20230127,월세,59.98,30000,60,2019.0,아파트,2023
성북구,13600,하월곡동,,20230327,월세,63.88,14000,21,2002.0,단독다가구,2023
성북구,11000,동소문동7가,2.0,20230401,월세,84.95,30000,80,2004.0,아파트,2023
성북구,13500,종암동,2.0,20230204,월세,20.05,1000,60,2013.0,연립다세대,2023
성북구,13500,종암동,,20230308,월세,18.12,500,30,1988.0,단독다가구,2023
성북구,13500,종암동,,20230308,월세,18.23,500,50,2007.0,단독다가구,2023
성북구,13400,길음동,,20230103,월세,23.0,100,150,1995.0,단독다가구,2023
성북구,13300,정릉동,15.0,20230512,월세,84.09,5000,140,2005.0,아파트,2023
성북구,13400,길음동,3.0,20230602,월세,84.82,20000,100,2010.0,아파트,2023
성북구,11700,동선동2가,,20230103,월세,24.0,1000,50,2016.0,단독다가구,2023
성북구,13800,장위동,9.0,20230211,월세,18.03,1000,54,2019.0,오피스텔,2023
성북구,13800,장위동,9.0,20230211,월세,18.03,500,55,2019.0,오피스텔,2023
성북구,13800,장위동,10.0,20230211,월세,15.21,1000,58,2019.0,아파트,2023
성북구,12500,안암동5가,,20230103,월세,24.79,2000,40,1994.0,단독다가구,2023
성북구,13600,하월곡동,6.0,20230127,월세,15.95,2000,65,2019.0,연립다세대,2023
성북구,13800,장위동,11.0,20230331,월세,39.9,7682,37,2021.0,아파트,2023
성북구,10300,돈암동,5.0,20230602,월세,59.5,15000,100,2014.0,아파트,2023
성북구,11500,삼선동5가,3.0,20231118,월세,18.15,500,40,2002.0,연립다세대,2023
성북구,13300,정릉동,1.0,20230107,월세,15.43,500,40,2013.0,연립다세대,2023
성북구,13900,석관동,12.0,20230208,월세,59.98,5000,158,2019.0,아파트,2023
성북구,12500,안암동5가,,20221217,월세,23.0,500,41,1998.0,단독다가구,2023
성북구,12500,안암동5가,,20221217,월세,23.0,1000,100,1998.0,단독다가구,2023
성북구,13400,길음동,10.0,20230130,월세,43.63,4860,6,2022.0,아파트,2023
성북구,13400,길음동,9.0,20230127,월세,84.77,7000,260,2022.0,아파트,2023
성북구,13900,석관동,12.0,20230225,월세,59.97,5000,100,1998.0,아파트,2023
성북구,13900,석관동,8.0,20230225,월세,59.97,4000,135,1998.0,아파트,2023
성북구,10300,돈암동,11.0,20230720,월세,84.72,3000,150,1994.0,아파트,2023
성북구,13900,석관동,15.0,20230225,월세,134.97,30000,111,1998.0,아파트,2023
성북구,10300,돈암동,10.0,20230726,월세,56.7,21000,25,1991.0,아파트,2023
성북구,12500,안암동5가,,20221217,월세,24.0,4000,60,2016.0,단독다가구,2023
성북구,13500,종암동,2.0,20221231,월세,59.99,3000,116,2004.0,아파트,2023
성북구,12100,안암동1가,,20230605,월세,54.21,3000,75,1992.0,단독다가구,2023
성북구,13900,석관동,2.0,20230222,월세,54.55,4000,100,1998.0,아파트,2023
성북구,13900,석관동,9.0,20230210,월세,26.44,3000,110,2021.0,연립다세대,2023
성북구,11300,삼선동3가,,20230103,월세,30.0,1000,45,2000.0,단독다가구,2023
성북구,10700,동소문동4가,,20230103,월세,30.0,1000,50,2002.0,단독다가구,2023
성북구,13500,종암동,,20221206,월세,46.28,5000,70,2004.0,단독다가구,2023
성북구,12100,안암동1가,,20230308,월세,20.0,400,30,1992.0,단독다가구,2023
성북구,13600,하월곡동,,20230308,월세,20.0,1000,55,2022.0,단독다가구,2023
성북구,11900,동선동4가,,20230430,월세,14.0,2000,40,1994.0,단독다가구,2023
성북구,13600,하월곡동,,20221217,월세,27.0,1000,50,2017.0,단독다가구,2023
성북구,13100,보문동2가,3.0,20230630,월세,59.97,5000,170,2023.0,오피스텔,2023
성북구,13400,길음동,14.0,20231208,월세,84.82,30000,110,2010.0,아파트,2023
성북구,13600,하월곡동,6.0,20230815,월세,15.62,2000,58,2013.0,아파트,2023
성북구,13400,길음동,6.0,20230427,월세,59.94,8000,80,1998.0,아파트,2023
성북구,11400,삼선동4가,2.0,20230107,월세,30.56,3000,90,2017.0,연립다세대,2023
성북구,13900,석관동,,20221220,월세,15.0,500,40,2019.0,단독다가구,2023
성북구,12800,보문동6가,10.0,20230220,월세,29.96,3745,5,2017.0,아파트,2023
성북구,12800,보문동6가,10.0,20230220,월세,29.96,2415,12,2017.0,아파트,2023
성북구,12800,보문동6가,13.0,20230220,월세,84.99,10000,223,2017.0,아파트,2023
성북구,10900,동소문동6가,19.0,20230220,월세,14.18,19000,6,2012.0,아파트,2023
성북구,10300,돈암동,3.0,20230213,월세,54.78,12000,20,1972.0,아파트,2023
성북구,11900,동선동4가,,20230430,월세,16.0,1000,45,2010.0,단독다가구,2023
성북구,13900,석관동,,20221217,월세,32.0,1000,40,1994.0,단독다가구,2023
성북구,13300,정릉동,4.0,20230320,월세,29.79,1000,100,2021.0,연립다세대,2023
성북구,13500,종암동,,20230207,월세,26.26,1000,50,1985.0,단독다가구,2023
성북구,10100,성북동,,20230103,월세,34.15,12000,20,1992.0,단독다가구,2023
성북구,11200,삼선동2가,,20221220,월세,16.5,1000,50,2016.0,단독다가구,2023
성북구,10900,동소문동6가,,20221220,월세,16.5,300,35,1973.0,단독다가구,2023
성북구,13500,종암동,,20221220,월세,16.5,500,45,2008.0,단독다가구,2023
성북구,13300,정릉동,,20230109,월세,12.9,500,35,2019.0,단독다가구,2023
성북구,13300,정릉동,,20230109,월세,13.0,1000,45,2018.0,단독다가구,2023
성북구,12400,안암동4가,2.0,20230107,월세,12.68,1000,45,2011.0,연립다세대,2023
성북구,13500,종암동,1.0,20230515,월세,58.03,1000,105,2003.0,연립다세대,2023
성북구,13500,종암동,,20230103,월세,35.6,1000,44,1976.0,단독다가구,2023
성북구,11200,삼선동2가,,20221220,월세,17.0,1000,45,2019.0,단독다가구,2023
성북구,11500,삼선동5가,,20230103,월세,36.0,3000,70,1991.0,단독다가구,2023
성북구,13300,정릉동,,20230109,월세,14.8,500,40,2018.0,단독다가구,2023
성북구,12500,안암동5가,,20230308,월세,21.0,1000,73,1998.0,단독다가구,2023
성북구,13700,상월곡동,,20230626,월세,48.97,12000,30,1969.0,단독다가구,2023
성북구,13300,정릉동,,20230109,월세,15.0,1000,50,2018.0,단독다가구,2023
성북구,12500,안암동5가,4.0,20230107,월세,28.19,2000,165,2022.0,연립다세대,2023
성북구,12500,안암동5가,,20221220,월세,18.0,500,50,2001.0,단독다가구,2023
성북구,13400,길음동,20.0,20230530,월세,84.05,42000,50,2007.0,아파트,2023
성북구,11700,동선동2가,2.0,20230216,월세,24.13,1000,50,2001.0,연립다세대,2023
성북구,12600,보문동4가,5.0,20230301,월세,21.78,1000,40,1972.0,오피스텔,2023
성북구,11500,삼선동5가,,20230407,월세,55.0,5000,80,2003.0,단독다가구,2023
성북구,13300,정릉동,,20230115,월세,15.0,500,45,2018.0,단독다가구,2023
성북구,13300,정릉동,,20230109,월세,16.0,5000,30,2022.0,단독다가구,2023
성북구,13400,길음동,22.0,20230530,월세,84.82,5000,160,2010.0,아파트,2023
성북구,13400,길음동,11.0,20230406,월세,33.46,2269,7,2019.0,아파트,2023
성북구,13400,길음동,3.0,20230406,월세,33.46,2767,4,2019.0,아파트,2023
성북구,13400,길음동,18.0,20230406,월세,33.46,2767,4,2019.0,아파트,2023
성북구,13400,길음동,2.0,20230406,월세,49.18,4030,6,2019.0,아파트,2023
성북구,13400,길음동,17.0,20230406,월세,49.18,4030,6,2019.0,아파트,2023
성북구,13400,길음동,19.0,20230406,월세,49.18,2376,15,2019.0,아파트,2023
성북구,13400,길음동,14.0,20230406,월세,49.18,4030,6,2019.0,아파트,2023
성북구,10300,돈암동,14.0,20230118,월세,84.87,10000,160,1998.0,아파트,2023
성북구,13400,길음동,11.0,20230406,월세,49.18,2376,15,2019.0,아파트,2023
성북구,13400,길음동,3.0,20230406,월세,59.97,4923,8,2019.0,아파트,2023
성북구,13400,길음동,2.0,20230406,월세,59.97,4923,8,2019.0,아파트,2023
성북구,13800,장위동,1.0,20230410,월세,57.5,5000,50,1993.0,연립다세대,2023
성북구,13300,정릉동,2.0,20230626,월세,73.88,5000,60,1980.0,연립다세대,2023
성북구,13300,정릉동,3.0,20230301,월세,59.7,1000,100,1990.0,연립다세대,2023
성북구,13100,보문동2가,,20230115,월세,15.57,5000,45,,단독다가구,2023
성북구,13300,정릉동,,20230115,월세,16.0,500,45,2019.0,단독다가구,2023
성북구,13300,정릉동,,20230115,월세,16.0,1000,50,2021.0,단독다가구,2023
성북구,10200,성북동1가,7.0,20230112,월세,17.8,1000,70,2015.0,오피스텔,2023
성북구,13500,종암동,5.0,20230313,월세,84.95,10000,140,2004.0,아파트,2023
성북구,11800,동선동3가,,20221220,월세,20.0,3000,30,2010.0,단독다가구,2023
성북구,13800,장위동,16.0,20231208,월세,40.24,4140,7,2017.0,아파트,2023
성북구,11800,동선동3가,3.0,20230419,월세,47.33,15000,25,2002.0,연립다세대,2023
성북구,11200,삼선동2가,2.0,20230301,월세,84.83,10000,110,2008.0,아파트,2023
성북구,13400,길음동,5.0,20230328,월세,38.02,3809,6,2022.0,아파트,2023
성북구,13400,길음동,10.0,20230328,월세,38.02,1093,18,2022.0,아파트,2023
성북구,13400,길음동,2.0,20230328,월세,38.02,2733,14,2022.0,아파트,2023
성북구,13400,길음동,4.0,20230328,월세,38.02,1093,18,2022.0,아파트,2023
성북구,13400,길음동,6.0,20230328,월세,38.02,2733,14,2022.0,아파트,2023
성북구,13400,길음동,11.0,20230328,월세,38.02,2733,14,2022.0,아파트,2023
성북구,13400,길음동,11.0,20230328,월세,38.02,4258,6,2022.0,아파트,2023
성북구,13400,길음동,5.0,20230328,월세,38.02,2733,14,2022.0,아파트,2023
성북구,13400,길음동,2.0,20230328,월세,38.02,1093,18,2022.0,아파트,2023
성북구,13400,길음동,10.0,20230328,월세,38.02,2733,14,2022.0,아파트,2023
성북구,13400,길음동,10.0,20230328,월세,38.02,4767,3,2022.0,아파트,2023
성북구,13400,길음동,3.0,20230328,월세,38.02,2733,14,2022.0,아파트,2023
성북구,13400,길음동,6.0,20230328,월세,38.02,4767,3,2022.0,아파트,2023
성북구,11600,동선동1가,7.0,20230726,월세,21.96,1000,53,2002.0,오피스텔,2023
성북구,13400,길음동,12.0,20230627,월세,59.94,5000,98,1998.0,아파트,2023
성북구,12500,안암동5가,,20230109,월세,18.0,1500,60,2002.0,단독다가구,2023
성북구,13600,하월곡동,4.0,20230304,월세,36.61,15000,25,2015.0,연립다세대,2023
성북구,10700,동소문동4가,,20230115,월세,17.0,500,40,2002.0,단독다가구,2023
성북구,13500,종암동,,20230308,월세,23.0,500,28,1992.0,단독다가구,2023
성북구,13600,하월곡동,11.0,20230202,월세,56.97,35000,30,2020.0,아파트,2023
성북구,13400,길음동,12.0,20231130,월세,84.97,5000,185,2005.0,아파트,2023
성북구,13700,상월곡동,,20230112,월세,14.0,1000,45,2015.0,단독다가구,2023
성북구,13400,길음동,13.0,20230225,월세,59.99,35000,60,2019.0,아파트,2023
성북구,11500,삼선동5가,,20230115,월세,18.0,1000,45,2009.0,단독다가구,2023
성북구,13500,종암동,2.0,20230220,월세,59.99,22000,45,2004.0,아파트,2023
성북구,13600,하월곡동,,20221217,월세,49.34,5000,60,1994.0,단독다가구,2023
성북구,13500,종암동,6.0,20230301,월세,59.99,2000,170,2004.0,아파트,2023
성북구,13500,종암동,11.0,20230301,월세,84.95,5000,160,2004.0,아파트,2023
성북구,13300,정릉동,,20230112,월세,15.0,1000,30,2021.0,단독다가구,2023
성북구,13600,하월곡동,,20230112,월세,15.0,500,35,2019.0,단독다가구,2023
성북구,13600,하월곡동,,20230112,월세,15.0,1000,55,2019.0,단독다가구,2023
성북구,13400,길음동,18.0,20231130,월세,59.75,10000,150,2006.0,아파트,2023
성북구,10800,동소문동5가,18.0,20230804,월세,14.09,1000,85,2018.0,아파트,2023
성북구,12800,보문동6가,11.0,20230202,월세,59.81,30000,65,2017.0,아파트,2023
성북구,12200,안암동2가,,20230112,월세,15.1,500,40,2010.0,단독다가구,2023
성북구,13400,길음동,15.0,20230222,월세,59.97,5000,185,2019.0,아파트,2023
성북구,13300,정릉동,,20230112,월세,15.84,1000,45,2022.0,단독다가구,2023
성북구,12500,안암동5가,,20230112,월세,16.0,500,40,1998.0,단독다가구,2023
성북구,13600,하월곡동,,20230103,월세,57.82,2000,65,2001.0,단독다가구,2023
성북구,13100,보문동2가,,20230516,월세,50.46,2000,60,1996.0,단독다가구,2023
성북구,13800,장위동,3.0,20221231,월세,29.16,3000,80,2022.0,연립다세대,2023
성북구,13400,길음동,17.0,20230228,월세,59.9,5000,180,2019.0,아파트,2023
성북구,13400,길음동,14.0,20230228,월세,59.9,40000,35,2019.0,아파트,2023
성북구,13600,하월곡동,,20230103,월세,59.27,1900,45,1984.0,단독다가구,2023
성북구,13400,길음동,10.0,20230228,월세,59.97,5000,165,2019.0,아파트,2023
성북구,12200,안암동2가,,20230109,월세,19.8,1000,49,1989.0,단독다가구,2023
성북구,13600,하월곡동,,20230112,월세,16.35,500,29,2004.0,단독다가구,2023
성북구,13900,석관동,18.0,20230406,월세,44.19,5308,8,2019.0,아파트,2023
성북구,13900,석관동,6.0,20230406,월세,44.19,5308,8,2019.0,아파트,2023
성북구,13900,석관동,17.0,20230406,월세,44.19,5308,8,2019.0,아파트,2023
성북구,13900,석관동,2.0,20230406,월세,44.19,3143,20,2019.0,아파트,2023
성북구,13900,석관동,4.0,20230406,월세,59.96,6678,10,2019.0,아파트,2023
성북구,13900,석관동,3.0,20230406,월세,59.96,6678,10,2019.0,아파트,2023
성북구,13600,하월곡동,,20221220,월세,27.0,1000,65,2018.0,단독다가구,2023
성북구,12200,안암동2가,,20230109,월세,20.0,3000,55,2003.0,단독다가구,2023
성북구,11600,동선동1가,,20230109,월세,20.0,4000,35,2010.0,단독다가구,2023
성북구,10700,동소문동4가,,20230109,월세,20.0,3000,40,2008.0,단독다가구,2023
성북구,10700,동소문동4가,4.0,20221227,월세,18.48,2000,55,2013.0,연립다세대,2023
성북구,13400,길음동,36.0,20230415,월세,59.99,5000,190,2019.0,아파트,2023
성북구,13300,정릉동,,20230112,월세,17.0,3000,28,2013.0,단독다가구,2023
성북구,12300,안암동3가,,20230305,월세,30.0,3000,60,1994.0,단독다가구,2023
성북구,13800,장위동,10.0,20230406,월세,59.99,20000,95,2020.0,아파트,2023
성북구,13700,상월곡동,,20230112,월세,18.0,1000,50,2017.0,단독다가구,2023
성북구,13300,정릉동,,20230112,월세,18.0,10000,10,2019.0,단독다가구,2023
성북구,13500,종암동,8.0,20230213,월세,84.96,14000,100,2000.0,아파트,2023
성북구,11900,동선동4가,12.0,20230130,월세,21.77,13200,10,2011.0,오피스텔,2023
성북구,13900,석관동,,20230308,월세,25.0,0,25,1993.0,단독다가구,2023
성북구,13400,길음동,36.0,20230216,월세,84.66,60000,60,2019.0,아파트,2023
성북구,13600,하월곡동,2.0,20230214,월세,49.99,1800,23,2017.0,연립다세대,2023
성북구,13800,장위동,11.0,20230316,월세,14.71,1000,60,2019.0,아파트,2023
성북구,13400,길음동,6.0,20230210,월세,30.61,3474,7,2005.0,아파트,2023
성북구,10900,동소문동6가,5.0,20230718,월세,57.91,2000,120,2021.0,연립다세대,2023
성북구,13400,길음동,3.0,20230210,월세,84.97,2000,220,2005.0,아파트,2023
성북구,13500,종암동,6.0,20230303,월세,59.97,5000,150,2009.0,아파트,2023
성북구,13400,길음동,2.0,20230210,월세,84.05,40000,30,2007.0,아파트,2023
성북구,13600,하월곡동,19.0,20230427,월세,15.54,1000,65,2013.0,아파트,2023
성북구,13400,길음동,18.0,20230412,월세,33.46,1630,11,2019.0,아파트,2023
성북구,13400,길음동,2.0,20230412,월세,49.18,4030,6,2019.0,아파트,2023
성북구,13400,길음동,8.0,20230418,월세,59.97,20000,105,2019.0,아파트,2023
성북구,13400,길음동,7.0,20230412,월세,59.97,5000,185,2019.0,아파트,2023
성북구,13400,길음동,11.0,20230412,월세,59.97,20000,115,2019.0,아파트,2023
성북구,13300,정릉동,,20230115,월세,21.0,2000,30,1966.0,단독다가구,2023
성북구,13400,길음동,20.0,20230412,월세,84.66,60000,50,2019.0,아파트,2023
성북구,13900,석관동,5.0,20230512,월세,114.84,10000,150,1999.0,아파트,2023
성북구,13300,정릉동,12.0,20230210,월세,59.59,15000,46,1999.0,아파트,2023
성북구,13300,정릉동,,20230703,월세,56.67,5000,55,1992.0,단독다가구,2023
성북구,12700,보문동5가,,20221220,월세,35.66,5000,65,2017.0,단독다가구,2023
성북구,13600,하월곡동,15.0,20230225,월세,59.75,3000,140,2006.0,아파트,2023
성북구,13300,정릉동,,20230118,월세,12.9,500,45,2019.0,단독다가구,2023
성북구,13300,정릉동,,20230118,월세,13.0,1000,50,2018.0,단독다가구,2023
성북구,10300,돈암동,4.0,20230503,월세,132.96,20000,150,1998.0,아파트,2023
성북구,11700,동선동2가,,20230311,월세,16.5,1000,50,1990.0,단독다가구,2023
성북구,13300,정릉동,2.0,20230703,월세,39.46,3000,110,2022.0,연립다세대,2023
성북구,13900,석관동,10.0,20230228,월세,59.98,5000,110,2019.0,아파트,2023
성북구,13300,정릉동,,20230118,월세,14.87,1000,40,,단독다가구,2023
성북구,13300,정릉동,,20230118,월세,15.0,5000,30,2022.0,단독다가구,2023
성북구,13300,정릉동,,20230118,월세,15.0,500,40,1993.0,단독다가구,2023
성북구,13500,종암동,11.0,20230415,월세,84.99,10000,150,2009.0,아파트,2023
성북구,12300,안암동3가,,20230109,월세,25.0,1000,55,1990.0,단독다가구,2023
성북구,13300,정릉동,,20230112,월세,19.83,1000,50,2017.0,단독다가구,2023
성북구,13900,석관동,8.0,20230727,월세,59.98,20000,120,2019.0,아파트,2023
성북구,13800,장위동,4.0,20230522,월세,49.33,4401,10,2006.0,아파트,2023
성북구,13800,장위동,6.0,20230522,월세,49.33,1792,24,2006.0,아파트,2023
성북구,13800,장위동,11.0,20230522,월세,49.33,1792,24,2006.0,아파트,2023
성북구,12500,안암동5가,,20230112,월세,20.0,500,48,,단독다가구,2023
성북구,11600,동선동1가,,20230112,월세,20.0,2000,45,2010.0,단독다가구,2023
성북구,11700,동선동2가,,20230112,월세,20.0,500,41,1968.0,단독다가구,2023
성북구,12100,안암동1가,3.0,20230729,월세,27.32,1000,99,2015.0,연립다세대,2023
성북구,12600,보문동4가,4.0,20230711,월세,18.16,1000,55,2016.0,연립다세대,2023
성북구,11700,동선동2가,,20230109,월세,26.0,500,45,1996.0,단독다가구,2023
성북구,13600,하월곡동,12.0,20230222,월세,84.59,20000,80,2006.0,아파트,2023
성북구,12500,안암동5가,,20230115,월세,25.0,2000,75,,단독다가구,2023
성북구,13400,길음동,7.0,20230107,월세,84.97,34000,60,2005.0,아파트,2023
성북구,13400,길음동,8.0,20230107,월세,59.86,30000,20,2005.0,아파트,2023
성북구,13400,길음동,11.0,20230107,월세,59.97,33600,25,2005.0,아파트,2023
성북구,13400,길음동,8.0,20230107,월세,59.75,12000,112,2006.0,아파트,2023
성북구,13900,석관동,8.0,20230415,월세,84.98,20000,150,2019.0,아파트,2023
성북구,13900,석관동,5.0,20230519,월세,59.94,5000,90,1999.0,아파트,2023
성북구,13000,보문동1가,14.0,20230307,월세,39.2,2838,14,2022.0,아파트,2023
성북구,13400,길음동,6.0,20230107,월세,114.91,30000,110,2003.0,아파트,2023
성북구,12500,안암동5가,,20230118,월세,16.5,1000,65,2018.0,단독다가구,2023
성북구,13300,정릉동,5.0,20230316,월세,55.39,6000,20,2004.0,연립다세대,2023
성북구,13600,하월곡동,13.0,20230530,월세,59.65,10000,100,2010.0,아파트,2023
성북구,13100,보문동2가,,20230115,월세,26.0,500,52,2000.0,단독다가구,2023
성북구,13800,장위동,8.0,20230107,월세,59.1,25000,80,2022.0,아파트,2023
성북구,13800,장위동,13.0,20230107,월세,84.47,30000,80,2022.0,아파트,2023
성북구,13500,종암동,2.0,20230211,월세,84.98,10000,139,2004.0,아파트,2023
성북구,13500,종암동,3.0,20230211,월세,84.98,6000,142,2004.0,아파트,2023
성북구,13500,종암동,3.0,20230211,월세,59.68,30000,35,2005.0,아파트,2023
성북구,13400,길음동,,20230109,월세,30.0,1000,40,,단독다가구,2023
성북구,13600,하월곡동,,20230109,월세,30.0,300,25,1991.0,단독다가구,2023
성북구,11000,동소문동7가,20.0,20230506,월세,59.91,5000,109,2004.0,아파트,2023
성북구,10300,돈암동,5.0,20230503,월세,113.67,3000,190,1998.0,아파트,2023
성북구,10300,돈암동,5.0,20230503,월세,113.67,10000,170,1998.0,아파트,2023
성북구,13300,정릉동,,20230118,월세,17.16,500,45,2017.0,단독다가구,2023
성북구,13900,석관동,,20230118,월세,17.16,7000,5,2019.0,단독다가구,2023
성북구,13300,정릉동,3.0,20230316,월세,59.54,6000,100,2012.0,연립다세대,2023
성북구,12500,안암동5가,,20230118,월세,17.52,2000,40,2001.0,단독다가구,2023
성북구,13900,석관동,7.0,20230307,월세,33.15,1000,70,2003.0,오피스텔,2023
성북구,13900,석관동,10.0,20230418,월세,44.19,5308,8,2019.0,아파트,2023
성북구,13600,하월곡동,6.0,20221227,월세,24.32,5000,110,2022.0,연립다세대,2023
성북구,13800,장위동,11.0,20230621,월세,14.71,1000,58,2019.0,아파트,2023
성북구,11700,동선동2가,,20230115,월세,30.0,500,50,1996.0,단독다가구,2023
성북구,12500,안암동5가,,20230115,월세,30.0,500,50,1997.0,단독다가구,2023
성북구,13900,석관동,13.0,20230216,월세,59.96,32000,50,2019.0,아파트,2023
성북구,13200,보문동3가,4.0,20230124,월세,59.29,20000,100,2003.0,아파트,2023
성북구,12500,안암동5가,,20230112,월세,24.0,500,46,1998.0,단독다가구,2023
성북구,11800,동선동3가,,20230112,월세,24.0,500,40,1996.0,단독다가구,2023
성북구,11900,동선동4가,8.0,20230703,월세,19.39,1000,56,2017.0,오피스텔,2023
성북구,12100,안암동1가,,20230115,월세,33.0,500,45,1991.0,단독다가구,2023
성북구,11100,삼선동1가,,20230109,월세,52.96,5000,40,1997.0,단독다가구,2023
성북구,13500,종암동,8.0,20230603,월세,84.73,10000,145,2005.0,아파트,2023
성북구,13800,장위동,6.0,20230412,월세,39.9,10838,40,2021.0,아파트,2023
성북구,13300,정릉동,,20221218,월세,22.0,1000,40,1994.0,단독다가구,2023
성북구,11300,삼선동3가,1.0,20230307,월세,84.94,30000,95,2012.0,아파트,2023
성북구,13900,석관동,4.0,20230606,월세,29.78,2000,60,2018.0,연립다세대,2023
성북구,11100,삼선동1가,,20221215,월세,33.0,11000,45,1948.0,단독다가구,2023
성북구,13300,정릉동,,20230118,월세,19.8,1000,45,2018.0,단독다가구,2023
성북구,10200,성북동1가,3.0,20230208,월세,29.06,10000,30,2015.0,연립다세대,2023
성북구,13500,종암동,,20230308,월세,30.0,50,60,1993.0,단독다가구,2023
성북구,13500,종암동,,20230109,월세,60.0,1500,100,1996.0,단독다가구,2023
성북구,13800,장위동,13.0,20230202,월세,18.03,1000,60,2019.0,오피스텔,2023
성북구,13800,장위동,6.0,20230202,월세,14.71,1000,60,2019.0,아파트,2023
성북구,11900,동선동4가,13.0,20230826,월세,21.69,3000,55,2011.0,오피스텔,2023
성북구,11900,동선동4가,14.0,20230826,월세,22.69,1000,70,2011.0,오피스텔,2023
성북구,13400,길음동,7.0,20231220,월세,84.97,41000,48,2005.0,아파트,2023
성북구,13100,보문동2가,2.0,20230217,월세,27.72,1000,70,2002.0,연립다세대,2023
성북구,12100,안암동1가,,20230228,월세,32.0,500,43,1992.0,단독다가구,2023
성북구,12800,보문동6가,2.0,20230712,월세,29.96,10212,37,2017.0,아파트,2023
성북구,12800,보문동6가,2.0,20230712,월세,29.96,11708,30,2017.0,아파트,2023
성북구,12300,안암동3가,,20230109,월세,70.0,5000,65,,단독다가구,2023
성북구,11100,삼선동1가,,20230109,월세,70.0,6000,40,1993.0,단독다가구,2023
성북구,13300,정릉동,3.0,20230217,월세,43.04,400,50,2009.0,연립다세대,2023
성북구,13600,하월곡동,6.0,20231006,월세,84.59,10000,150,2006.0,아파트,2023
성북구,10300,돈암동,6.0,20230708,월세,80.54,34080,29,2003.0,아파트,2023
성북구,13300,정릉동,,20230311,월세,19.0,300,30,1965.0,단독다가구,2023
성북구,13900,석관동,2.0,20230313,월세,59.9,25000,55,2009.0,아파트,2023
성북구,13300,정릉동,2.0,20230410,월세,29.99,1000,100,2021.0,연립다세대,2023
성북구,10100,성북동,,20230109,월세,90.48,20000,120,,단독다가구,2023
성북구,10300,돈암동,4.0,20230107,월세,41.58,1000,90,1991.0,아파트,2023
성북구,13600,하월곡동,9.0,20230629,월세,12.66,1000,70,2022.0,연립다세대,2023
성북구,13600,하월곡동,8.0,20230629,월세,12.87,1000,70,2022.0,연립다세대,2023
성북구,13900,석관동,3.0,20230114,월세,25.85,3000,100,2022.0,연립다세대,2023
성북구,10900,동소문동6가,,20230125,월세,21.0,2000,55,2020.0,단독다가구,2023
성북구,13300,정릉동,,20230125,월세,21.0,500,50,2017.0,단독다가구,2023
성북구,13500,종암동,9.0,20221227,월세,59.98,20000,80,2010.0,아파트,2023
성북구,13800,장위동,4.0,20230328,월세,53.92,3000,60,2002.0,연립다세대,2023
성북구,13600,하월곡동,5.0,20231009,월세,72.43,2000,40,1985.0,아파트,2023
성북구,12500,안암동5가,,20230118,월세,21.5,500,50,1990.0,단독다가구,2023
성북구,12500,안암동5가,6.0,20231217,월세,16.84,1000,70,2019.0,연립다세대,2023
성북구,13600,하월곡동,,20230311,월세,20.0,1000,45,1991.0,단독다가구,2023
성북구,13300,정릉동,12.0,20231220,월세,59.42,6000,107,1999.0,아파트,2023
성북구,13300,정릉동,1.0,20230801,월세,48.95,13000,10,2002.0,연립다세대,2023
성북구,11100,삼선동1가,,20230119,월세,37.0,2000,70,1989.0,단독다가구,2023
성북구,13400,길음동,2.0,20230303,월세,43.63,3120,16,2022.0,아파트,2023
성북구,13900,석관동,8.0,20230107,월세,54.55,6000,85,1998.0,아파트,2023
성북구,13900,석관동,12.0,20230107,월세,59.97,5000,100,1998.0,아파트,2023
성북구,12100,안암동1가,4.0,20230410,월세,37.81,6000,50,2002.0,연립다세대,2023
성북구,13300,정릉동,2.0,20230114,월세,93.88,500,50,2001.0,연립다세대,2023
성북구,13400,길음동,13.0,20231220,월세,68.14,5000,75,1988.0,아파트,2023
성북구,13900,석관동,,20230308,월세,33.0,300,30,1994.0,단독다가구,2023
성북구,13400,길음동,8.0,20230222,월세,84.98,10000,230,2022.0,아파트,2023
성북구,13400,길음동,2.0,20230228,월세,38.02,2733,14,2022.0,아파트,2023
성북구,13400,길음동,7.0,20230228,월세,38.02,2733,14,2022.0,아파트,2023
성북구,13400,길음동,2.0,20230228,월세,38.02,1093,18,2022.0,아파트,2023
성북구,12500,안암동5가,,20230125,월세,23.0,3000,60,2009.0,단독다가구,2023
성북구,13300,정릉동,,20230104,월세,13.0,1000,50,2018.0,단독다가구,2023
성북구,13400,길음동,18.0,20230228,월세,84.77,50000,90,2022.0,아파트,2023
성북구,11600,동선동1가,11.0,20230422,월세,84.15,25000,100,2010.0,아파트,2023
성북구,13400,길음동,21.0,20230228,월세,84.98,10000,240,2022.0,아파트,2023
성북구,12500,안암동5가,,20230119,월세,39.0,2000,80,2018.0,단독다가구,2023
성북구,11700,동선동2가,2.0,20230110,월세,27.43,4000,35,2002.0,연립다세대,2023
성북구,12500,안암동5가,,20230118,월세,22.0,1000,60,2000.0,단독다가구,2023
성북구,12100,안암동1가,2.0,20230623,월세,13.09,3000,42,2015.0,연립다세대,2023
성북구,13400,길음동,14.0,20230204,월세,59.99,5000,140,2005.0,아파트,2023
성북구,13400,길음동,3.0,20230204,월세,84.64,30000,90,2005.0,아파트,2023
성북구,13400,길음동,1.0,20230204,월세,84.64,30000,80,2005.0,아파트,2023
성북구,13900,석관동,,20230305,월세,38.04,1000,15,1995.0,단독다가구,2023
성북구,11000,동소문동7가,3.0,20230708,월세,66.52,9000,60,2003.0,연립다세대,2023
성북구,13400,길음동,13.0,20230204,월세,113.23,10000,174,2007.0,아파트,2023
성북구,10300,돈암동,3.0,20221224,월세,84.98,20000,100,2005.0,아파트,2023
성북구,13300,정릉동,,20230116,월세,44.0,1000,50,1992.0,단독다가구,2023
성북구,13400,길음동,7.0,20230204,월세,59.99,32000,65,2010.0,아파트,2023
성북구,13900,석관동,2.0,20230213,월세,42.69,3000,40,1998.0,연립다세대,2023
성북구,13400,길음동,2.0,20230204,월세,84.82,20000,130,2010.0,아파트,2023
성북구,13400,길음동,6.0,20230204,월세,60.0,20000,80,2003.0,아파트,2023
성북구,13800,장위동,10.0,20230612,월세,18.03,5000,35,2019.0,오피스텔,2023
성북구,11300,삼선동3가,2.0,20230410,월세,26.23,1500,83,2016.0,연립다세대,2023
성북구,13300,정릉동,1.0,20230727,월세,37.56,500,30,1989.0,연립다세대,2023
성북구,13800,장위동,11.0,20230204,월세,59.99,10000,100,2008.0,아파트,2023
성북구,13100,보문동2가,,20230308,월세,34.03,1000,50,1997.0,단독다가구,2023
성북구,13600,하월곡동,7.0,20230307,월세,15.52,1000,55,2013.0,아파트,2023
성북구,13600,하월곡동,6.0,20230204,월세,59.65,10000,100,2010.0,아파트,2023
성북구,13600,하월곡동,9.0,20230204,월세,59.65,10000,103,2010.0,아파트,2023
성북구,13900,석관동,,20230305,월세,40.0,1000,45,1998.0,단독다가구,2023
성북구,13400,길음동,10.0,20230107,월세,59.97,15000,130,2019.0,아파트,2023
성북구,13500,종암동,17.0,20230107,월세,59.98,30000,60,2011.0,아파트,2023
성북구,10300,돈암동,16.0,20230404,월세,59.58,5000,110,1998.0,아파트,2023
성북구,11500,삼선동5가,,20230204,월세,30.0,2000,60,1992.0,단독다가구,2023
성북구,13500,종암동,,20230204,월세,30.0,500,45,1987.0,단독다가구,2023
성북구,10300,돈암동,10.0,20230512,월세,132.96,45000,20,1998.0,아파트,2023
성북구,13500,종암동,22.0,20230107,월세,84.98,10000,165,2009.0,아파트,2023
성북구,13900,석관동,,20230116,월세,50.41,14000,15,1997.0,단독다가구,2023
성북구,13900,석관동,1.0,20230107,월세,59.98,30000,60,2019.0,아파트,2023
성북구,13400,길음동,13.0,20230724,월세,59.93,3000,190,2019.0,아파트,2023
성북구,13600,하월곡동,10.0,20230107,월세,84.59,15000,120,2006.0,아파트,2023
성북구,13600,하월곡동,4.0,20230107,월세,84.59,40900,30,2006.0,아파트,2023
성북구,13800,장위동,20.0,20230107,월세,59.99,5000,160,2020.0,아파트,2023
성북구,13800,장위동,22.0,20230107,월세,84.94,25000,110,2020.0,아파트,2023
성북구,13600,하월곡동,,20230118,월세,23.0,500,40,1991.0,단독다가구,2023
성북구,13800,장위동,21.0,20230107,월세,84.97,22000,100,2021.0,아파트,2023
성북구,13400,길음동,5.0,20230724,월세,43.63,3120,16,2022.0,아파트,2023
성북구,11700,동선동2가,,20230311,월세,24.9,1500,25,1992.0,단독다가구,2023
성북구,13300,정릉동,,20230119,월세,47.56,5000,62,2000.0,단독다가구,2023
성북구,11100,삼선동1가,3.0,20230717,월세,57.32,22000,10,2020.0,연립다세대,2023
성북구,13000,보문동1가,13.0,20230322,월세,59.79,30000,140,2022.0,아파트,2023
성북구,13000,보문동1가,13.0,20230322,월세,59.79,15000,160,2022.0,아파트,2023
성북구,13300,정릉동,,20230326,월세,15.0,500,40,2020.0,단독다가구,2023
성북구,13600,하월곡동,16.0,20230525,월세,84.84,33000,40,2003.0,아파트,2023
성북구,13500,종암동,,20230926,월세,40.0,1500,60,1990.0,단독다가구,2023
성북구,13400,길음동,6.0,20230104,월세,84.97,7000,160,2005.0,아파트,2023
성북구,13300,정릉동,,20230119,월세,50.0,1000,115,2019.0,단독다가구,2023
성북구,13400,길음동,9.0,20230104,월세,84.94,5000,220,2010.0,아파트,2023
성북구,10800,동소문동5가,17.0,20230612,월세,14.09,6000,62,2018.0,아파트,2023
성북구,13400,길음동,5.0,20230207,월세,84.96,20000,100,2003.0,아파트,2023
성북구,12700,보문동5가,,20230311,월세,26.33,1000,25,1994.0,단독다가구,2023
성북구,11800,동선동3가,2.0,20230413,월세,38.05,2000,70,2003.0,연립다세대,2023
성북구,13400,길음동,7.0,20230207,월세,114.73,20000,130,2005.0,아파트,2023
성북구,13500,종암동,3.0,20230602,월세,29.14,1000,90,2018.0,연립다세대,2023
성북구,13400,길음동,19.0,20230207,월세,84.64,39000,55,2005.0,아파트,2023
성북구,13400,길음동,2.0,20230207,월세,84.64,39900,40,2005.0,아파트,2023
성북구,13800,장위동,9.0,20230104,월세,59.1,10000,120,2022.0,아파트,2023
성북구,13600,하월곡동,,20230401,월세,18.0,1000,45,2009.0,단독다가구,2023
성북구,10900,동소문동6가,7.0,20221227,월세,12.7,6000,34,2013.0,아파트,2023
성북구,13800,장위동,,20230116,월세,85.02,9000,50,1991.0,단독다가구,2023
성북구,13900,석관동,9.0,20230615,월세,115.58,20000,125,2011.0,아파트,2023
성북구,10300,돈암동,3.0,20230210,월세,32.49,2262,5,1999.0,아파트,2023
성북구,13500,종암동,11.0,20230802,월세,59.97,20000,85,2009.0,아파트,2023
성북구,13800,장위동,22.0,20230201,월세,59.99,20000,90,2020.0,아파트,2023
성북구,10300,돈암동,2.0,20230711,월세,32.49,1649,8,1999.0,아파트,2023
성북구,13500,종암동,,20230117,월세,21.0,1000,55,2001.0,단독다가구,2023
성북구,13500,종암동,,20230124,월세,16.5,500,40,2008.0,단독다가구,2023
성북구,10300,돈암동,12.0,20230711,월세,32.23,2574,6,1999.0,아파트,2023
성북구,13300,정릉동,4.0,20230609,월세,35.5,6000,35,2014.0,연립다세대,2023
성북구,13800,장위동,29.0,20230927,월세,84.94,30000,110,2020.0,아파트,2023
성북구,13700,상월곡동,,20230311,월세,30.0,1000,50,1993.0,단독다가구,2023
성북구,13300,정릉동,,20230317,월세,18.0,200,33,2000.0,단독다가구,2023
성북구,11800,동선동3가,2.0,20230512,월세,43.34,10000,40,2002.0,연립다세대,2023
성북구,11700,동선동2가,,20230326,월세,18.0,1000,45,2008.0,단독다가구,2023
성북구,13300,정릉동,4.0,20230120,월세,15.51,1000,44,2012.0,연립다세대,2023
성북구,13300,정릉동,4.0,20230120,월세,15.51,1000,47,2012.0,연립다세대,2023
성북구,13400,길음동,2.0,20231205,월세,33.99,2928,24,2010.0,아파트,2023
성북구,13800,장위동,5.0,20230829,월세,24.23,2000,110,2022.0,연립다세대,2023
성북구,10900,동소문동6가,8.0,20230422,월세,12.7,3000,53,2013.0,아파트,2023
성북구,11200,삼선동2가,5.0,20230712,월세,84.83,45000,15,2008.0,아파트,2023
성북구,13600,하월곡동,9.0,20230210,월세,12.87,1000,70,2022.0,연립다세대,2023
성북구,13900,석관동,14.0,20230224,월세,59.94,10000,100,1999.0,아파트,2023
성북구,13600,하월곡동,2.0,20230818,월세,28.58,1000,75,2021.0,오피스텔,2023
성북구,12600,보문동4가,5.0,20230617,월세,18.16,1000,54,2016.0,연립다세대,2023
성북구,11100,삼선동1가,,20230125,월세,35.0,2000,70,1989.0,단독다가구,2023
성북구,13900,석관동,,20230401,월세,20.0,200,30,1994.0,단독다가구,2023
성북구,11400,삼선동4가,3.0,20230623,월세,12.03,3000,23,2010.0,연립다세대,2023
성북구,13600,하월곡동,3.0,20221231,월세,16.81,1000,52,2016.0,연립다세대,2023
성북구,13300,정릉동,,20230311,월세,32.9,1000,45,1993.0,단독다가구,2023
성북구,10900,동소문동6가,8.0,20221231,월세,13.27,3000,50,2013.0,아파트,2023
성북구,13500,종암동,,20230311,월세,33.0,500,50,1993.0,단독다가구,2023
성북구,10100,성북동,1.0,20230515,월세,59.64,12400,13,2004.0,연립다세대,2023
성북구,13400,길음동,3.0,20231205,월세,84.64,30100,110,2005.0,아파트,2023
성북구,13100,보문동2가,6.0,20230901,월세,59.97,10000,170,2023.0,오피스텔,2023
성북구,13500,종암동,9.0,20230720,월세,114.99,60000,20,2009.0,아파트,2023
성북구,13200,보문동3가,11.0,20230407,월세,59.65,25000,40,2003.0,아파트,2023
성북구,10300,돈암동,6.0,20231012,월세,46.52,6524,8,2016.0,아파트,2023
성북구,13300,정릉동,,20230919,월세,75.11,1000,105,1973.0,단독다가구,2023
성북구,13600,하월곡동,9.0,20230213,월세,12.66,1000,70,2022.0,연립다세대,2023
성북구,13600,하월곡동,8.0,20230213,월세,12.66,1000,70,2022.0,연립다세대,2023
성북구,13300,정릉동,,20230308,월세,48.0,500,78,1990.0,단독다가구,2023
성북구,12400,안암동4가,3.0,20231004,월세,46.24,5000,50,2022.0,연립다세대,2023
성북구,13500,종암동,,20230308,월세,48.6,4000,80,1996.0,단독다가구,2023
성북구,13500,종암동,8.0,20230227,월세,59.4,10000,90,1996.0,아파트,2023
성북구,11700,동선동2가,,20230326,월세,20.0,1000,45,2002.0,단독다가구,2023
성북구,13500,종암동,18.0,20230227,월세,84.72,30000,50,1999.0,아파트,2023
성북구,13900,석관동,7.0,20230114,월세,26.44,2000,120,2021.0,연립다세대,2023
성북구,11800,동선동3가,4.0,20230708,월세,47.71,1000,52,2008.0,연립다세대,2023
성북구,13900,석관동,12.0,20230213,월세,84.9,32000,40,1998.0,아파트,2023
성북구,10300,돈암동,6.0,20230204,월세,41.58,1000,85,1991.0,아파트,2023
성북구,10200,성북동1가,,20230503,월세,15.0,1000,60,2010.0,단독다가구,2023
성북구,12700,보문동5가,,20230503,월세,15.0,500,45,2009.0,단독다가구,2023
성북구,13300,정릉동,1.0,20230407,월세,58.81,4000,75,1997.0,연립다세대,2023
성북구,11900,동선동4가,,20230401,월세,21.6,500,22,1992.0,단독다가구,2023
성북구,10300,돈암동,1.0,20230204,월세,115.51,10000,200,2003.0,아파트,2023
성북구,13800,장위동,11.0,20230302,월세,39.0,2578,16,2022.0,아파트,2023
성북구,13800,장위동,11.0,20230302,월세,39.0,1031,19,2022.0,아파트,2023
성북구,13400,길음동,10.0,20231205,월세,59.99,10000,190,2010.0,아파트,2023
성북구,13800,장위동,9.0,20230302,월세,39.0,2578,16,2022.0,아파트,2023
성북구,10800,동소문동5가,22.0,20230527,월세,84.85,35000,95,2006.0,아파트,2023
성북구,13900,석관동,2.0,20230204,월세,16.72,500,45,2013.0,연립다세대,2023
성북구,13900,석관동,,20230305,월세,80.01,5000,75,2004.0,단독다가구,2023
성북구,13300,정릉동,,20230320,월세,10.0,200,10,1985.0,단독다가구,2023
성북구,13600,하월곡동,2.0,20230428,월세,20.2,1000,65,2020.0,오피스텔,2023
성북구,13100,보문동2가,,20230326,월세,21.5,2000,58,2010.0,단독다가구,2023
성북구,13600,하월곡동,2.0,20230528,월세,21.37,1000,67,2020.0,오피스텔,2023
성북구,13400,길음동,,20230317,월세,23.1,2000,60,2019.0,단독다가구,2023
성북구,13900,석관동,5.0,20230210,월세,59.98,20000,110,2019.0,아파트,2023
성북구,13300,정릉동,,20230329,월세,17.46,500,38,1987.0,단독다가구,2023
성북구,13900,석관동,6.0,20230204,월세,84.9,5000,145,1998.0,아파트,2023
성북구,13800,장위동,,20230612,월세,58.07,1000,40,1991.0,단독다가구,2023
성북구,13400,길음동,7.0,20230403,월세,43.63,5441,3,2022.0,아파트,2023
성북구,12100,안암동1가,,20230322,월세,19.68,1000,48,2008.0,단독다가구,2023
성북구,11700,동선동2가,,20230322,월세,19.8,1500,40,1992.0,단독다가구,2023
성북구,13400,길음동,15.0,20230729,월세,84.95,50000,80,2019.0,아파트,2023
성북구,13400,길음동,19.0,20230114,월세,59.37,10000,120,2007.0,아파트,2023
성북구,13300,정릉동,11.0,20230114,월세,59.59,13000,80,1999.0,아파트,2023
성북구,13400,길음동,21.0,20230114,월세,84.84,5000,105,2003.0,아파트,2023
성북구,13600,하월곡동,7.0,20230114,월세,84.91,30000,45,2011.0,아파트,2023
성북구,13800,장위동,19.0,20230114,월세,59.1,10000,140,2022.0,아파트,2023
성북구,13300,정릉동,,20221227,월세,16.5,1000,50,2019.0,단독다가구,2023
성북구,13900,석관동,,20230730,월세,60.5,2000,55,1978.0,단독다가구,2023
성북구,13500,종암동,22.0,20230213,월세,59.98,10000,140,2011.0,아파트,2023
성북구,13500,종암동,1.0,20230213,월세,84.99,13000,145,2011.0,아파트,2023
성북구,12000,동선동5가,,20221224,월세,42.0,1000,70,1994.0,단독다가구,2023
성북구,10900,동소문동6가,18.0,20230216,월세,14.18,20000,6,2012.0,아파트,2023
성북구,10300,돈암동,13.0,20230207,월세,32.23,2523,6,1999.0,아파트,2023
성북구,12200,안암동2가,,20230401,월세,27.0,1000,50,1993.0,단독다가구,2023
성북구,12800,보문동6가,13.0,20230219,월세,84.99,15000,200,2017.0,아파트,2023
성북구,13100,보문동2가,,20230506,월세,16.5,6000,15,2010.0,단독다가구,2023
성북구,12100,안암동1가,,20230329,월세,19.0,300,35,1994.0,단독다가구,2023
성북구,11000,동소문동7가,,20221227,월세,18.0,1000,50,2018.0,단독다가구,2023
성북구,11800,동선동3가,,20230401,월세,28.0,500,40,1990.0,단독다가구,2023
성북구,13500,종암동,11.0,20230126,월세,84.95,10000,145,2004.0,아파트,2023
성북구,13300,정릉동,6.0,20230107,월세,52.89,3000,80,1977.0,아파트,2023
성북구,13400,길음동,16.0,20230210,월세,59.78,300,40,2022.0,아파트,2023
성북구,13600,하월곡동,24.0,20230207,월세,84.78,8000,88,1998.0,아파트,2023
성북구,11700,동선동2가,,20230320,월세,16.62,500,40,1993.0,단독다가구,2023
성북구,13400,길음동,7.0,20230110,월세,30.15,1370,13,2005.0,아파트,2023
성북구,13400,길음동,3.0,20230110,월세,30.15,1370,13,2005.0,아파트,2023
성북구,13400,길음동,7.0,20230110,월세,30.15,2183,9,2005.0,아파트,2023
성북구,13400,길음동,2.0,20230110,월세,30.15,1370,13,2005.0,아파트,2023
성북구,13400,길음동,11.0,20230110,월세,32.36,2747,23,2010.0,아파트,2023
성북구,13400,길음동,11.0,20230110,월세,32.36,5253,9,2010.0,아파트,2023
성북구,11600,동선동1가,3.0,20230626,월세,21.46,11000,18,2002.0,오피스텔,2023
성북구,13400,길음동,12.0,20230107,월세,59.94,15000,70,1998.0,아파트,2023
성북구,13400,길음동,15.0,20230107,월세,59.94,3500,100,1998.0,아파트,2023
성북구,13800,장위동,15.0,20230627,월세,15.21,1000,60,2019.0,아파트,2023
성북구,13900,석관동,2.0,20230627,월세,59.9,4000,160,2009.0,아파트,2023
성북구,13500,종암동,,20230323,월세,13.64,300,38,1998.0,단독다가구,2023
성북구,13100,보문동2가,3.0,20230303,월세,20.08,13000,20,2015.0,연립다세대,2023
성북구,13400,길음동,13.0,20230204,월세,84.98,5000,270,2019.0,아파트,2023
성북구,13300,정릉동,2.0,20230201,월세,41.16,12000,30,2002.0,연립다세대,2023
성북구,13200,보문동3가,3.0,20230410,월세,59.65,4000,160,2003.0,아파트,2023
성북구,12800,보문동6가,2.0,20230225,월세,45.81,10000,130,2017.0,아파트,2023
성북구,13500,종암동,4.0,20230210,월세,8.48,300,32,2010.0,연립다세대,2023
성북구,13800,장위동,4.0,20230104,월세,59.99,10000,125,2020.0,아파트,2023
성북구,13500,종암동,,20230320,월세,18.0,1500,25,2018.0,단독다가구,2023
성북구,11300,삼선동3가,3.0,20230225,월세,29.98,2000,60,2012.0,연립다세대,2023
성북구,13300,정릉동,,20221231,월세,13.0,1000,40,2019.0,단독다가구,2023
성북구,13600,하월곡동,,20221227,월세,18.44,1000,55,2017.0,단독다가구,2023
성북구,13300,정릉동,,20221224,월세,62.75,3000,60,1990.0,단독다가구,2023
성북구,12100,안암동1가,,20221227,월세,19.0,1000,55,2018.0,단독다가구,2023
성북구,12200,안암동2가,,20230401,월세,30.0,500,45,1992.0,단독다가구,2023
성북구,13500,종암동,3.0,20230403,월세,8.48,100,35,2010.0,연립다세대,2023
성북구,13500,종암동,3.0,20230403,월세,9.52,300,40,2010.0,연립다세대,2023
성북구,13900,석관동,,20230221,월세,45.0,1000,60,1998.0,단독다가구,2023
성북구,13800,장위동,,20230317,월세,30.0,2000,40,1994.0,단독다가구,2023
성북구,11000,동소문동7가,2.0,20230829,월세,59.96,5000,130,2010.0,아파트,2023
성북구,10900,동소문동6가,13.0,20230222,월세,14.18,20000,5,2012.0,아파트,2023
성북구,13700,상월곡동,,20230131,월세,26.0,500,40,1994.0,단독다가구,2023
성북구,11800,동선동3가,,20221227,월세,19.8,1000,55,2001.0,단독다가구,2023
성북구,12500,안암동5가,,20221227,월세,19.8,1000,50,2001.0,단독다가구,2023
성북구,13600,하월곡동,2.0,20230204,월세,84.59,5000,150,2006.0,아파트,2023
성북구,10300,돈암동,3.0,20231018,월세,27.26,15000,7,2015.0,연립다세대,2023
성북구,12000,동선동5가,,20230323,월세,16.51,500,45,2007.0,단독다가구,2023
성북구,10900,동소문동6가,16.0,20230228,월세,14.18,20000,5,2012.0,아파트,2023
성북구,10900,동소문동6가,9.0,20230228,월세,14.18,20000,6,2012.0,아파트,2023
성북구,13300,정릉동,,20221231,월세,16.0,1000,50,2021.0,단독다가구,2023
성북구,13800,장위동,12.0,20231205,월세,32.22,10476,28,2017.0,아파트,2023
성북구,13800,장위동,16.0,20231205,월세,40.24,13600,41,2017.0,아파트,2023
성북구,11500,삼선동5가,,20230317,월세,30.51,6000,22,1990.0,단독다가구,2023
성북구,11900,동선동4가,,20230317,월세,31.0,1000,80,1990.0,단독다가구,2023
성북구,13600,하월곡동,5.0,20230603,월세,59.86,12000,100,2003.0,아파트,2023
성북구,13900,석관동,,20230401,월세,31.0,500,30,1992.0,단독다가구,2023
성북구,11800,동선동3가,2.0,20230425,월세,24.48,500,55,2003.0,연립다세대,2023
성북구,10400,동소문동1가,,20230503,월세,19.83,500,30,1988.0,단독다가구,2023
성북구,13100,보문동2가,2.0,20230306,월세,22.45,3000,105,2017.0,연립다세대,2023
성북구,10300,돈암동,3.0,20230505,월세,59.5,15000,100,2014.0,아파트,2023
성북구,10200,성북동1가,,20230407,월세,15.0,6000,40,2010.0,단독다가구,2023
성북구,13300,정릉동,4.0,20230603,월세,17.92,1000,47,2004.0,오피스텔,2023
성북구,13300,정릉동,2.0,20230228,월세,64.64,500,43,2010.0,연립다세대,2023
성북구,13800,장위동,,20230401,월세,32.0,1000,20,1998.0,단독다가구,2023
성북구,10300,돈암동,3.0,20230120,월세,84.8,30000,80,2014.0,아파트,2023
성북구,13900,석관동,,20230320,월세,20.0,500,34,1993.0,단독다가구,2023
성북구,13400,길음동,11.0,20230225,월세,59.94,20000,80,1998.0,아파트,2023
성북구,11200,삼선동2가,10.0,20230225,월세,84.71,20000,90,2009.0,아파트,2023
성북구,11500,삼선동5가,,20230329,월세,22.84,8000,8,1994.0,단독다가구,2023
성북구,13400,길음동,10.0,20230204,월세,59.87,20000,135,2022.0,아파트,2023
성북구,13300,정릉동,2.0,20230222,월세,52.89,12000,34,1977.0,아파트,2023
성북구,13700,상월곡동,,20230207,월세,30.25,3000,20,1991.0,단독다가구,2023
성북구,13400,길음동,16.0,20230207,월세,59.97,5000,170,2019.0,아파트,2023
성북구,13900,석관동,5.0,20231004,월세,84.98,1000,50,2019.0,아파트,2023
성북구,13400,길음동,32.0,20230207,월세,84.66,50400,50,2019.0,아파트,2023
성북구,13500,종암동,25.0,20230302,월세,59.04,30100,20,1999.0,아파트,2023
성북구,13500,종암동,25.0,20230302,월세,59.04,30000,20,1999.0,아파트,2023
성북구,13500,종암동,25.0,20230302,월세,59.04,31000,20,1999.0,아파트,2023
성북구,13900,석관동,,20230221,월세,45.24,2000,50,1992.0,단독다가구,2023
성북구,13800,장위동,,20230605,월세,69.78,15000,30,1988.0,단독다가구,2023
성북구,13800,장위동,2.0,20230921,월세,55.86,3000,70,2003.0,연립다세대,2023
성북구,11500,삼선동5가,13.0,20230120,월세,32.78,14000,50,2014.0,연립다세대,2023
성북구,11300,삼선동3가,8.0,20230222,월세,59.97,5000,175,2012.0,아파트,2023
성북구,11900,동선동4가,,20230317,월세,33.05,3000,36,2002.0,단독다가구,2023
성북구,10100,성북동,,20230317,월세,33.06,8500,25,1993.0,단독다가구,2023
성북구,13300,정릉동,,20230404,월세,17.86,1000,60,2020.0,단독다가구,2023
성북구,11800,동선동3가,,20230404,월세,18.0,500,40,1993.0,단독다가구,2023
성북구,10100,성북동,,20230320,월세,20.02,7000,30,2020.0,단독다가구,2023
성북구,13500,종암동,14.0,20230207,월세,59.97,5000,160,2009.0,아파트,2023
성북구,11800,동선동3가,,20221231,월세,16.5,1000,50,2019.0,단독다가구,2023
성북구,11700,동선동2가,,20230320,월세,21.0,500,45,1990.0,단독다가구,2023
성북구,13500,종암동,,20230320,월세,21.0,300,39,2018.0,단독다가구,2023
성북구,13800,장위동,11.0,20230107,월세,18.03,1000,55,2019.0,오피스텔,2023
성북구,13600,하월곡동,,20230407,월세,18.0,500,45,2011.0,단독다가구,2023
성북구,13600,하월곡동,10.0,20230225,월세,15.62,1000,55,2013.0,아파트,2023
성북구,13300,정릉동,,20230101,월세,15.0,500,40,2019.0,단독다가구,2023
성북구,13300,정릉동,12.0,20230428,월세,84.56,18000,100,2015.0,아파트,2023
성북구,13800,장위동,3.0,20230107,월세,51.3,7000,30,2001.0,연립다세대,2023
성북구,10300,돈암동,2.0,20230110,월세,59.4,13000,70,1999.0,아파트,2023
성북구,10300,돈암동,11.0,20230110,월세,32.23,1039,14,1999.0,아파트,2023
성북구,11200,삼선동2가,,20230320,월세,23.0,500,45,1992.0,단독다가구,2023
성북구,12700,보문동5가,,20230401,월세,35.89,1050,22,1993.0,단독다가구,2023
성북구,11200,삼선동2가,10.0,20230829,월세,84.71,30000,80,2009.0,아파트,2023
성북구,13800,장위동,,20230317,월세,36.95,500,40,1993.0,단독다가구,2023
성북구,10300,돈암동,2.0,20231002,월세,21.32,500,30,1965.0,연립다세대,2023
성북구,13400,길음동,5.0,20230207,월세,59.93,5000,153,2019.0,아파트,2023
성북구,13600,하월곡동,8.0,20230129,월세,15.62,1000,55,2013.0,아파트,2023
성북구,12100,안암동1가,,20230329,월세,27.09,500,45,1992.0,단독다가구,2023
성북구,13900,석관동,12.0,20230110,월세,59.97,5000,100,1998.0,아파트,2023
성북구,12300,안암동3가,,20231119,월세,50.2,2000,50,1996.0,단독다가구,2023
성북구,10800,동소문동5가,19.0,20230630,월세,14.02,18450,5,2018.0,아파트,2023
성북구,13400,길음동,13.0,20230114,월세,59.97,10000,155,2019.0,아파트,2023
성북구,11500,삼선동5가,,20230207,월세,30.4,1000,40,2000.0,단독다가구,2023
성북구,13400,길음동,10.0,20230117,월세,59.97,5000,150,2005.0,아파트,2023
성북구,13400,길음동,10.0,20230117,월세,113.23,10000,200,2007.0,아파트,2023
성북구,13400,길음동,16.0,20230117,월세,59.99,4000,150,2010.0,아파트,2023
성북구,11500,삼선동5가,,20230317,월세,40.0,3000,70,2003.0,단독다가구,2023
성북구,11800,동선동3가,,20230323,월세,23.0,1000,50,1973.0,단독다가구,2023
성북구,13800,장위동,10.0,20230117,월세,84.47,40000,60,2022.0,아파트,2023
성북구,10300,돈암동,1.0,20231109,월세,37.74,400,30,1991.0,연립다세대,2023
성북구,12800,보문동6가,5.0,20230904,월세,29.96,10212,37,2017.0,아파트,2023
성북구,12800,보문동6가,10.0,20230904,월세,29.96,10212,37,2017.0,아파트,2023
성북구,13800,장위동,17.0,20230114,월세,59.99,5000,160,2020.0,아파트,2023
성북구,11400,삼선동4가,2.0,20230210,월세,14.8,3000,30,2013.0,연립다세대,2023
성북구,10300,돈암동,12.0,20230522,월세,59.58,10000,70,1998.0,아파트,2023
성북구,10100,성북동,1.0,20230501,월세,23.5,2000,90,2022.0,연립다세대,2023
성북구,13800,장위동,7.0,20230114,월세,84.97,20000,140,2021.0,아파트,2023
성북구,11800,동선동3가,,20230317,월세,40.96,1000,75,1993.0,단독다가구,2023
성북구,13800,장위동,4.0,20230216,월세,15.21,1000,60,2019.0,아파트,2023
성북구,13100,보문동2가,,20230519,월세,12.0,500,35,2007.0,단독다가구,2023
성북구,13400,길음동,15.0,20230110,월세,59.99,16000,160,2019.0,아파트,2023
성북구,12300,안암동3가,,20231101,월세,28.0,300,40,1990.0,단독다가구,2023
성북구,13300,정릉동,,20230320,월세,28.0,1000,35,1988.0,단독다가구,2023
성북구,13800,장위동,4.0,20230219,월세,15.21,1000,60,2019.0,아파트,2023
성북구,13500,종암동,17.0,20230829,월세,59.99,4000,130,2004.0,아파트,2023
성북구,12800,보문동6가,8.0,20230104,월세,29.96,10331,38,2017.0,아파트,2023
성북구,12800,보문동6가,12.0,20230421,월세,45.96,5668,7,2017.0,아파트,2023
성북구,12800,보문동6가,10.0,20230421,월세,51.58,4090,21,2017.0,아파트,2023
성북구,12800,보문동6가,5.0,20230104,월세,43.19,2205,29,2018.0,연립다세대,2023
성북구,13800,장위동,,20230416,월세,37.56,300,32,1991.0,단독다가구,2023
성북구,13300,정릉동,,20230519,월세,15.0,400,25,1991.0,단독다가구,2023
성북구,13700,상월곡동,,20230519,월세,15.0,500,40,1990.0,단독다가구,2023
성북구,12100,안암동1가,,20230329,월세,30.3,3000,63,1992.0,단독다가구,2023
성북구,10900,동소문동6가,7.0,20230421,월세,14.18,1000,82,2012.0,아파트,2023
성북구,13400,길음동,16.0,20230114,월세,59.88,10000,180,2022.0,아파트,2023
성북구,13400,길음동,18.0,20230114,월세,59.88,300,40,2022.0,아파트,2023
성북구,13400,길음동,23.0,20230114,월세,84.77,20000,220,2022.0,아파트,2023
성북구,13500,종암동,2.0,20230624,월세,59.73,25000,65,2004.0,아파트,2023
성북구,11800,동선동3가,,20230407,월세,21.0,1000,60,2023.0,단독다가구,2023
성북구,13500,종암동,12.0,20230325,월세,59.99,5000,130,2004.0,아파트,2023
성북구,13500,종암동,16.0,20230325,월세,84.95,5000,110,2004.0,아파트,2023
성북구,13500,종암동,15.0,20230528,월세,114.75,15000,130,1999.0,아파트,2023
성북구,12300,안암동3가,,20230329,월세,32.23,14000,35,1957.0,단독다가구,2023
성북구,10300,돈암동,15.0,20230531,월세,143.51,20000,130,2005.0,아파트,2023
성북구,13900,석관동,,20230303,월세,33.06,3000,30,1992.0,단독다가구,2023
성북구,13300,정릉동,3.0,20230207,월세,73.46,5000,80,2001.0,연립다세대,2023
성북구,12800,보문동6가,,20230416,월세,39.87,500,55,1996.0,단독다가구,2023
성북구,13400,길음동,15.0,20230123,월세,59.37,5000,150,2007.0,아파트,2023
성북구,13400,길음동,12.0,20231009,월세,59.97,20000,150,2019.0,아파트,2023
성북구,13800,장위동,,20230717,월세,52.29,13000,5,1997.0,단독다가구,2023
성북구,10400,동소문동1가,,20230101,월세,21.48,1500,40,,단독다가구,2023
성북구,13800,장위동,10.0,20230225,월세,14.71,1000,60,2019.0,아파트,2023
성북구,13500,종암동,16.0,20230717,월세,114.99,15000,180,2009.0,아파트,2023
성북구,11100,삼선동1가,,20230317,월세,48.84,1000,60,1995.0,단독다가구,2023
성북구,13600,하월곡동,14.0,20230104,월세,15.54,1000,50,2013.0,아파트,2023
성북구,10700,동소문동4가,4.0,20230104,월세,49.3,10000,50,2001.0,연립다세대,2023
성북구,11800,동선동3가,,20221226,월세,30.0,1000,60,1998.0,단독다가구,2023
성북구,13300,정릉동,,20230314,월세,20.0,500,30,1994.0,단독다가구,2023
성북구,13700,상월곡동,,20230314,월세,20.0,500,35,1994.0,단독다가구,2023
성북구,11200,삼선동2가,,20221229,월세,15.0,500,40,1998.0,단독다가구,2023
성북구,13300,정릉동,,20221229,월세,15.0,1000,45,2019.0,단독다가구,2023
성북구,10300,돈암동,1.0,20230611,월세,84.96,45000,60,2016.0,아파트,2023
성북구,13400,길음동,21.0,20230120,월세,59.9,15000,130,2019.0,아파트,2023
성북구,13400,길음동,10.0,20230120,월세,59.99,10000,125,2019.0,아파트,2023
성북구,10300,돈암동,2.0,20231112,월세,113.16,30000,170,2016.0,아파트,2023
성북구,13300,정릉동,10.0,20230425,월세,59.88,5000,90,2005.0,아파트,2023
성북구,13900,석관동,,20230311,월세,41.58,500,30,1994.0,단독다가구,2023
성북구,13800,장위동,,20230317,월세,50.0,1000,45,1994.0,단독다가구,2023
성북구,13600,하월곡동,12.0,20230901,월세,15.52,10000,5,2013.0,아파트,2023
성북구,13600,하월곡동,15.0,20230129,월세,84.69,15000,95,2007.0,아파트,2023
성북구,13600,하월곡동,8.0,20230703,월세,84.14,15000,140,2007.0,아파트,2023
성북구,13300,정릉동,,20230329,월세,34.03,9000,30,1993.0,단독다가구,2023
성북구,12800,보문동6가,10.0,20230213,월세,59.81,24000,70,2017.0,아파트,2023
성북구,11100,삼선동1가,,20230519,월세,17.0,300,30,1949.0,단독다가구,2023
성북구,12800,보문동6가,8.0,20230204,월세,45.81,10000,140,2017.0,아파트,2023
성북구,13300,정릉동,,20221229,월세,16.17,500,40,2018.0,단독다가구,2023
성북구,12100,안암동1가,,20230221,월세,49.65,5000,50,1993.0,단독다가구,2023
성북구,12800,보문동6가,8.0,20230907,월세,29.96,10212,37,2017.0,아파트,2023
성북구,12800,보문동6가,8.0,20230907,월세,29.96,11708,30,2017.0,아파트,2023
성북구,13300,정릉동,3.0,20230213,월세,29.95,1000,50,2016.0,연립다세대,2023
성북구,13800,장위동,,20230317,월세,54.0,2000,45,1958.0,단독다가구,2023
성북구,11800,동선동3가,,20230419,월세,15.0,500,30,1990.0,단독다가구,2023
성북구,10800,동소문동5가,16.0,20230703,월세,14.09,2000,77,2018.0,아파트,2023
성북구,10900,동소문동6가,7.0,20230117,월세,30.3,4000,55,2003.0,오피스텔,2023
성북구,12000,동선동5가,,20230317,월세,54.53,10030,17,1997.0,단독다가구,2023
성북구,12000,동선동5가,,20230317,월세,54.53,10300,35,1997.0,단독다가구,2023
성북구,13300,정릉동,,20230515,월세,16.5,500,40,2011.0,단독다가구,2023
성북구,13300,정릉동,,20230519,월세,18.0,500,30,1991.0,단독다가구,2023
성북구,10300,돈암동,4.0,20230117,월세,41.58,1000,80,1991.0,아파트,2023
성북구,13300,정릉동,,20230422,월세,15.8,1000,30,2019.0,단독다가구,2023
성북구,11400,삼선동4가,,20230413,월세,20.0,1000,50,2001.0,단독다가구,2023
성북구,13800,장위동,,20221226,월세,37.85,500,35,1995.0,단독다가구,2023
성북구,12800,보문동6가,15.0,20230913,월세,84.99,10000,190,2017.0,아파트,2023
성북구,13800,장위동,2.0,20230609,월세,47.14,6038,7,2019.0,연립다세대,2023
성북구,13900,석관동,4.0,20230821,월세,44.94,3000,72,2016.0,연립다세대,2023
성북구,11500,삼선동5가,,20221226,월세,40.0,5000,50,2000.0,단독다가구,2023
성북구,13300,정릉동,14.0,20230603,월세,84.89,5000,140,2005.0,아파트,2023
성북구,13300,정릉동,6.0,20230603,월세,60.0,11000,80,2005.0,아파트,2023
성북구,13900,석관동,16.0,20230717,월세,59.98,35000,45,2019.0,아파트,2023
성북구,13300,정릉동,2.0,20230531,월세,19.7,5780,19,2020.0,연립다세대,2023
성북구,13700,상월곡동,,20230404,월세,28.14,3000,30,1997.0,단독다가구,2023
성북구,13500,종암동,3.0,20230225,월세,59.49,24000,6,2003.0,연립다세대,2023
성북구,13800,장위동,4.0,20231106,월세,51.99,9500,20,2001.0,연립다세대,2023
성북구,10800,동소문동5가,18.0,20230201,월세,14.09,1000,68,2018.0,아파트,2023
성북구,13400,길음동,12.0,20230309,월세,33.99,2928,24,2010.0,아파트,2023
성북구,13300,정릉동,,20230515,월세,18.0,500,55,1957.0,단독다가구,2023
성북구,13600,하월곡동,,20230317,월세,62.8,2000,69,2001.0,단독다가구,2023
성북구,13900,석관동,,20230515,월세,18.0,500,35,2021.0,단독다가구,2023
성북구,12500,안암동5가,,20221229,월세,18.5,500,49,1998.0,단독다가구,2023
성북구,13400,길음동,6.0,20230309,월세,59.99,20000,100,2010.0,아파트,2023
성북구,11400,삼선동4가,2.0,20230117,월세,12.25,7000,2,2010.0,연립다세대,2023
성북구,12500,안암동5가,,20221229,월세,19.5,500,50,1990.0,단독다가구,2023
성북구,13800,장위동,,20230401,월세,51.74,1000,45,1997.0,단독다가구,2023
성북구,13500,종암동,20.0,20230213,월세,59.99,3000,120,2004.0,아파트,2023
성북구,13900,석관동,2.0,20230104,월세,59.9,18000,90,2009.0,아파트,2023
성북구,10300,돈암동,,20230407,월세,28.66,1000,40,1959.0,단독다가구,2023
성북구,12100,안암동1가,,20221229,월세,20.0,500,40,1991.0,단독다가구,2023
성북구,11700,동선동2가,,20221229,월세,20.0,1000,50,2016.0,단독다가구,2023
성북구,10900,동소문동6가,,20221229,월세,20.0,1000,45,1990.0,단독다가구,2023
성북구,10900,동소문동6가,,20221229,월세,20.0,1000,50,,단독다가구,2023
성북구,13500,종암동,16.0,20230603,월세,59.04,5000,115,1999.0,아파트,2023
성북구,11000,동소문동7가,,20230329,월세,39.39,5000,45,1991.0,단독다가구,2023
성북구,13500,종암동,1.0,20230531,월세,73.82,1000,80,1980.0,연립다세대,2023
성북구,13600,하월곡동,17.0,20230204,월세,15.62,1000,65,2013.0,아파트,2023
성북구,13000,보문동1가,17.0,20230207,월세,39.2,2838,14,2022.0,아파트,2023
성북구,13900,석관동,,20230323,월세,33.36,10000,17,1993.0,단독다가구,2023
성북구,11900,동선동4가,9.0,20230921,월세,21.69,1000,70,2011.0,오피스텔,2023
성북구,12400,안암동4가,,20230519,월세,20.0,4000,10,1997.0,단독다가구,2023
성북구,12500,안암동5가,,20230101,월세,37.11,500,55,1992.0,단독다가구,2023
성북구,13400,길음동,36.0,20230117,월세,59.9,36700,50,2019.0,아파트,2023
성북구,13900,석관동,,20230410,월세,23.0,300,25,1992.0,단독다가구,2023
성북구,13400,길음동,11.0,20230117,월세,59.97,10000,150,2019.0,아파트,2023
성북구,13900,석관동,7.0,20231009,월세,84.98,1000,55,2019.0,아파트,2023
성북구,13300,정릉동,4.0,20230312,월세,59.59,5000,110,1999.0,아파트,2023
성북구,12500,안암동5가,,20221229,월세,22.0,500,55,1994.0,단독다가구,2023
성북구,11700,동선동2가,,20230101,월세,39.63,2000,100,2015.0,단독다가구,2023
성북구,13600,하월곡동,3.0,20230107,월세,47.02,7000,60,2000.0,연립다세대,2023
성북구,13500,종암동,,20230410,월세,23.14,300,45,1993.0,단독다가구,2023
성북구,13800,장위동,,20230404,월세,32.83,5000,6,1979.0,단독다가구,2023
성북구,13500,종암동,,20221231,월세,18.0,500,30,2018.0,단독다가구,2023
성북구,11600,동선동1가,,20230515,월세,20.0,2000,45,2010.0,단독다가구,2023
성북구,10100,성북동,1.0,20230603,월세,48.73,13000,15,1972.0,아파트,2023
성북구,10300,돈암동,1.0,20230608,월세,84.68,5000,140,1999.0,아파트,2023
성북구,13300,정릉동,2.0,20230225,월세,54.49,1000,65,2022.0,연립다세대,2023
성북구,13300,정릉동,3.0,20230222,월세,37.27,3000,70,2014.0,연립다세대,2023
성북구,13300,정릉동,2.0,20230222,월세,53.62,12000,15,2002.0,연립다세대,2023
성북구,13100,보문동2가,3.0,20230823,월세,31.12,1000,80,2002.0,연립다세대,2023
성북구,13500,종암동,,20230422,월세,20.0,200,31,,단독다가구,2023
성북구,13400,길음동,,20230314,월세,22.0,500,47,2016.0,단독다가구,2023
성북구,13600,하월곡동,2.0,20231009,월세,84.59,30000,85,2006.0,아파트,2023
성북구,13500,종암동,,20221227,월세,30.0,5000,20,2002.0,단독다가구,2023
성북구,13500,종암동,18.0,20230114,월세,59.99,20000,85,2004.0,아파트,2023
성북구,13500,종암동,4.0,20230114,월세,84.95,30000,65,2004.0,아파트,2023
성북구,13500,종암동,,20230419,월세,20.0,500,30,1993.0,단독다가구,2023
성북구,13400,길음동,3.0,20230306,월세,30.61,1723,16,2005.0,아파트,2023
성북구,13400,길음동,3.0,20230306,월세,30.61,689,18,2005.0,아파트,2023
성북구,13400,길음동,8.0,20230306,월세,33.99,2928,24,2010.0,아파트,2023
성북구,13300,정릉동,9.0,20230603,월세,84.68,20000,90,2005.0,아파트,2023
성북구,13400,길음동,3.0,20230306,월세,84.97,21000,110,2005.0,아파트,2023
성북구,13400,길음동,4.0,20230306,월세,30.88,2234,25,2008.0,아파트,2023
성북구,12300,안암동3가,,20230320,월세,42.4,1200,50,1992.0,단독다가구,2023
성북구,13900,석관동,,20230413,월세,27.0,200,25,1993.0,단독다가구,2023
성북구,13600,하월곡동,,20221231,월세,19.83,1000,55,2018.0,단독다가구,2023
성북구,11800,동선동3가,,20230515,월세,21.0,1000,40,1996.0,단독다가구,2023
성북구,10900,동소문동6가,,20230107,월세,35.24,10000,20,1996.0,단독다가구,2023
성북구,13500,종암동,,20221231,월세,20.0,500,45,2007.0,단독다가구,2023
성북구,12800,보문동6가,2.0,20230918,월세,29.96,7121,19,2017.0,아파트,2023
성북구,12800,보문동6가,3.0,20230918,월세,29.96,7665,20,2017.0,아파트,2023
성북구,12800,보문동6가,7.0,20230921,월세,29.96,8578,23,2017.0,아파트,2023
성북구,12800,보문동6가,3.0,20230918,월세,45.96,5951,8,2017.0,아파트,2023
성북구,13800,장위동,15.0,20230306,월세,59.35,20000,80,2017.0,아파트,2023
성북구,13600,하월곡동,,20230314,월세,23.0,1000,50,2018.0,단독다가구,2023
성북구,12500,안암동5가,,20230314,월세,23.0,1000,75,2002.0,단독다가구,2023
성북구,13900,석관동,8.0,20230225,월세,59.69,20000,70,2011.0,아파트,2023
성북구,12000,동선동5가,,20230410,월세,27.48,1000,50,1998.0,단독다가구,2023
성북구,12200,안암동2가,,20230422,월세,20.5,1000,58,2017.0,단독다가구,2023
성북구,13600,하월곡동,,20230329,월세,47.32,15000,20,1993.0,단독다가구,2023
성북구,13600,하월곡동,22.0,20231109,월세,133.74,10000,300,2011.0,아파트,2023
성북구,13400,길음동,4.0,20230318,월세,13.51,500,52,2012.0,연립다세대,2023
성북구,10900,동소문동6가,6.0,20230303,월세,18.44,7000,50,2015.0,오피스텔,2023
성북구,13800,장위동,4.0,20230225,월세,56.36,3000,60,2003.0,연립다세대,2023
성북구,13600,하월곡동,14.0,20230110,월세,15.62,1000,55,2013.0,아파트,2023
성북구,13300,정릉동,3.0,20230107,월세,84.89,20000,75,2005.0,아파트,2023
성북구,13300,정릉동,5.0,20230107,월세,84.96,33000,30,2003.0,아파트,2023
성북구,13600,하월곡동,,20221231,월세,23.0,1000,65,1970.0,단독다가구,2023
성북구,13600,하월곡동,,20230422,월세,23.0,1000,65,2018.0,단독다가구,2023
성북구,13600,하월곡동,,20230416,월세,65.8,5000,55,1992.0,단독다가구,2023
성북구,13300,정릉동,,20221231,월세,23.1,1000,60,2017.0,단독다가구,2023
성북구,13500,종암동,3.0,20230126,월세,51.06,17000,10,2012.0,연립다세대,2023
성북구,13100,보문동2가,,20230519,월세,26.0,1500,53,2008.0,단독다가구,2023
성북구,13300,정릉동,,20230512,월세,12.0,300,28,2008.0,단독다가구,2023
성북구,13500,종암동,18.0,20230107,월세,59.98,10000,130,2010.0,아파트,2023
성북구,13600,하월곡동,5.0,20230107,월세,16.12,1000,65,2022.0,오피스텔,2023
성북구,13400,길음동,26.0,20230315,월세,84.92,35000,65,2010.0,아파트,2023
성북구,13300,정릉동,1.0,20230312,월세,43.11,1500,55,2001.0,아파트,2023
성북구,10300,돈암동,15.0,20230614,월세,32.23,2523,6,1999.0,아파트,2023
성북구,11600,동선동1가,,20230422,월세,23.46,300,35,1978.0,단독다가구,2023
성북구,12100,안암동1가,,20221231,월세,25.0,2000,50,1995.0,단독다가구,2023
성북구,13000,보문동1가,,20221231,월세,25.0,2000,63,2021.0,단독다가구,2023
성북구,12600,보문동4가,,20230410,월세,29.0,1000,55,1993.0,단독다가구,2023
성북구,13600,하월곡동,,20230407,월세,35.39,12000,10,1991.0,단독다가구,2023
성북구,13300,정릉동,1.0,20230222,월세,87.06,4000,70,1985.0,연립다세대,2023
성북구,13800,장위동,1.0,20230812,월세,55.86,3000,60,2001.0,연립다세대,2023
성북구,13700,상월곡동,2.0,20230219,월세,13.64,500,40,2012.0,연립다세대,2023
성북구,10300,돈암동,7.0,20230126,월세,59.99,4000,122,2004.0,아파트,2023
성북구,13600,하월곡동,3.0,20230615,월세,66.48,25000,40,2007.0,아파트,2023
성북구,13600,하월곡동,15.0,20230615,월세,114.93,55000,20,2007.0,아파트,2023
성북구,13700,상월곡동,,20230512,월세,14.0,3000,35,2019.0,단독다가구,2023
성북구,11800,동선동3가,,20230410,월세,29.04,500,35,1992.0,단독다가구,2023
성북구,10200,성북동1가,,20230416,월세,96.91,10000,150,1968.0,단독다가구,2023
성북구,11300,삼선동3가,3.0,20230120,월세,84.94,30000,110,2012.0,아파트,2023
성북구,11300,삼선동3가,3.0,20230120,월세,84.94,38000,70,2012.0,아파트,2023
성북구,13800,장위동,11.0,20230114,월세,18.03,500,53,2019.0,오피스텔,2023
성북구,13800,장위동,15.0,20230114,월세,14.71,1000,60,2019.0,아파트,2023
성북구,13800,장위동,,20230320,월세,55.93,1000,50,1988.0,단독다가구,2023
성북구,13500,종암동,2.0,20230501,월세,84.96,500,140,2000.0,아파트,2023
성북구,13800,장위동,,20230410,월세,29.52,100,25,1992.0,단독다가구,2023
성북구,13400,길음동,,20230405,월세,36.0,1000,40,1988.0,단독다가구,2023
성북구,13500,종암동,,20230519,월세,30.0,500,30,1991.0,단독다가구,2023
성북구,13300,정릉동,,20230522,월세,17.0,1000,70,2023.0,단독다가구,2023
성북구,12900,보문동7가,,20230422,월세,26.88,1000,60,1992.0,단독다가구,2023
성북구,11900,동선동4가,,20221231,월세,31.0,1000,60,2002.0,단독다가구,2023
성북구,13600,하월곡동,,20230515,월세,27.1,5000,70,1995.0,단독다가구,2023
성북구,13500,종암동,4.0,20230818,월세,84.73,10000,160,2005.0,아파트,2023
성북구,13400,길음동,28.0,20230620,월세,84.66,10500,280,2019.0,아파트,2023
성북구,13600,하월곡동,,20230320,월세,59.28,1000,50,1993.0,단독다가구,2023
성북구,10300,돈암동,6.0,20231202,월세,59.4,27500,10,1999.0,아파트,2023
성북구,11200,삼선동2가,2.0,20230228,월세,62.56,5000,88,1995.0,연립다세대,2023
성북구,13600,하월곡동,16.0,20230120,월세,15.54,500,60,2013.0,아파트,2023
성북구,13600,하월곡동,,20230413,월세,30.0,500,30,1991.0,단독다가구,2023
성북구,13300,정릉동,2.0,20230126,월세,84.71,15000,30,1999.0,아파트,2023
성북구,13500,종암동,3.0,20230225,월세,14.74,1000,40,2011.0,연립다세대,2023
성북구,13300,정릉동,,20230323,월세,50.0,300,15,,단독다가구,2023
성북구,13500,종암동,13.0,20230623,월세,59.92,25000,70,2009.0,아파트,2023
성북구,13600,하월곡동,23.0,20230617,월세,84.78,5000,130,1998.0,아파트,2023
성북구,13100,보문동2가,4.0,20230204,월세,54.99,5000,100,2002.0,연립다세대,2023
성북구,13300,정릉동,3.0,20230204,월세,40.5,5000,50,2004.0,연립다세대,2023
성북구,12500,안암동5가,3.0,20230107,월세,12.96,2000,63,2012.0,연립다세대,2023
성북구,10700,동소문동4가,,20230515,월세,29.69,12000,30,,단독다가구,2023
성북구,13800,장위동,3.0,20230703,월세,80.78,13000,50,2002.0,연립다세대,2023
성북구,10100,성북동,2.0,20230417,월세,71.64,500,55,1997.0,연립다세대,2023
성북구,13700,상월곡동,2.0,20230201,월세,13.64,300,40,2012.0,연립다세대,2023
성북구,13500,종암동,,20221229,월세,33.0,1000,75,2002.0,단독다가구,2023
성북구,13500,종암동,,20230320,월세,72.36,10000,40,1992.0,단독다가구,2023
성북구,10100,성북동,,20230519,월세,32.0,3500,20,1992.0,단독다가구,2023
성북구,10300,돈암동,5.0,20230224,월세,59.58,15000,50,1998.0,아파트,2023
성북구,13400,길음동,3.0,20230402,월세,59.37,5000,150,2007.0,아파트,2023
성북구,13600,하월곡동,4.0,20230216,월세,26.96,5000,105,2022.0,오피스텔,2023
성북구,13300,정릉동,,20230419,월세,30.0,1000,25,1994.0,단독다가구,2023
성북구,13300,정릉동,5.0,20230213,월세,41.64,4500,80,2013.0,연립다세대,2023
성북구,13400,길음동,14.0,20231103,월세,112.51,30000,280,2022.0,아파트,2023
성북구,13000,보문동1가,15.0,20230117,월세,59.79,25000,130,2022.0,아파트,2023
성북구,12100,안암동1가,,20221229,월세,35.54,2000,60,1994.0,단독다가구,2023
성북구,13500,종암동,,20230320,월세,89.99,7000,75,2006.0,단독다가구,2023
성북구,13300,정릉동,20.0,20230126,월세,84.68,6000,160,2005.0,아파트,2023
성북구,13600,하월곡동,2.0,20230107,월세,16.81,500,51,2016.0,연립다세대,2023
성북구,13400,길음동,13.0,20231018,월세,59.97,20000,142,2019.0,아파트,2023
성북구,10300,돈암동,7.0,20230306,월세,59.4,5000,85,1999.0,아파트,2023
성북구,13400,길음동,27.0,20231018,월세,84.98,30000,180,2019.0,아파트,2023
성북구,10300,돈암동,7.0,20230306,월세,32.49,873,13,1999.0,아파트,2023
성북구,10300,돈암동,6.0,20230306,월세,32.49,873,13,1999.0,아파트,2023
성북구,10300,돈암동,10.0,20230306,월세,32.49,873,13,1999.0,아파트,2023
성북구,10300,돈암동,10.0,20230306,월세,32.49,2262,5,1999.0,아파트,2023
성북구,13300,정릉동,2.0,20230826,월세,60.89,5000,50,1997.0,연립다세대,2023
성북구,11900,동선동4가,,20221229,월세,39.42,2000,50,2003.0,단독다가구,2023
성북구,13600,하월곡동,,20230926,월세,42.02,10000,15,1996.0,단독다가구,2023
성북구,13000,보문동1가,18.0,20230718,월세,59.79,30000,130,2022.0,아파트,2023
성북구,12500,안암동5가,4.0,20230510,월세,15.48,1000,55,2016.0,연립다세대,2023
성북구,13600,하월곡동,4.0,20230708,월세,84.59,20000,100,2006.0,아파트,2023
성북구,13600,하월곡동,5.0,20230708,월세,84.59,15000,100,2006.0,아파트,2023
성북구,11200,삼선동2가,12.0,20230117,월세,84.71,20000,100,2009.0,아파트,2023
성북구,13600,하월곡동,,20230522,월세,20.0,500,45,1989.0,단독다가구,2023
성북구,11500,삼선동5가,,20221229,월세,42.3,5000,50,1993.0,단독다가구,2023
성북구,10300,돈암동,15.0,20230216,월세,59.99,5000,126,2004.0,아파트,2023
성북구,13900,석관동,17.0,20230309,월세,84.98,1000,55,2019.0,아파트,2023
성북구,13600,하월곡동,9.0,20230306,월세,12.6,1000,70,2022.0,연립다세대,2023
성북구,13500,종암동,13.0,20230204,월세,84.73,20000,100,2005.0,아파트,2023
성북구,13400,길음동,18.0,20230408,월세,59.99,5000,135,2005.0,아파트,2023
성북구,13400,길음동,11.0,20230408,월세,114.73,40000,90,2005.0,아파트,2023
성북구,13600,하월곡동,6.0,20230606,월세,59.98,30000,40,2007.0,아파트,2023
성북구,13600,하월곡동,1.0,20230606,월세,84.88,10000,140,2007.0,아파트,2023
성북구,13400,길음동,7.0,20230408,월세,84.64,5000,175,2005.0,아파트,2023
성북구,10300,돈암동,16.0,20230107,월세,32.49,1214,2,1998.0,아파트,2023
성북구,13900,석관동,1.0,20230501,월세,20.16,300,30,1994.0,연립다세대,2023
성북구,13800,장위동,7.0,20230309,월세,39.9,8448,31,2021.0,아파트,2023
성북구,13900,석관동,2.0,20230711,월세,15.4,1000,40,2012.0,연립다세대,2023
성북구,13800,장위동,4.0,20230726,월세,59.98,3000,170,2022.0,연립다세대,2023
성북구,13600,하월곡동,9.0,20230907,월세,15.62,1000,60,2013.0,아파트,2023
성북구,11400,삼선동4가,11.0,20230126,월세,59.94,10000,130,1999.0,아파트,2023
성북구,13800,장위동,1.0,20230321,월세,42.14,10000,25,1997.0,연립다세대,2023
성북구,12500,안암동5가,,20221229,월세,55.0,17000,30,2002.0,단독다가구,2023
성북구,13400,길음동,14.0,20230405,월세,30.15,2772,5,2005.0,아파트,2023
성북구,13400,길음동,8.0,20230405,월세,32.36,2747,23,2010.0,아파트,2023
성북구,13400,길음동,12.0,20230405,월세,32.36,5253,9,2010.0,아파트,2023
성북구,13800,장위동,19.0,20230708,월세,84.98,20000,160,2020.0,아파트,2023
성북구,13400,길음동,9.0,20230414,월세,84.96,20000,110,2003.0,아파트,2023
성북구,12700,보문동5가,,20230422,월세,35.0,1200,59,1994.0,단독다가구,2023
성북구,13400,길음동,5.0,20230414,월세,84.64,5000,179,2005.0,아파트,2023
성북구,13300,정릉동,1.0,20230129,월세,59.77,29000,23,2006.0,아파트,2023
성북구,13400,길음동,24.0,20230405,월세,114.98,20000,200,2010.0,아파트,2023
성북구,13400,길음동,16.0,20230405,월세,84.78,25000,121,2010.0,아파트,2023
성북구,13300,정릉동,4.0,20230812,월세,19.18,1280,79,2023.0,연립다세대,2023
성북구,13400,길음동,8.0,20230414,월세,84.96,10000,156,2010.0,아파트,2023
성북구,13800,장위동,3.0,20230408,월세,84.48,5000,200,2022.0,아파트,2023
성북구,10200,성북동1가,,20230519,월세,37.35,3000,50,1997.0,단독다가구,2023
성북구,10300,돈암동,14.0,20230414,월세,59.84,5000,140,2014.0,아파트,2023
성북구,13800,장위동,9.0,20230104,월세,39.98,3000,110,2022.0,아파트,2023
성북구,10900,동소문동6가,,20231023,월세,39.76,1000,65,1999.0,단독다가구,2023
성북구,13500,종암동,,20230314,월세,30.0,1000,40,1975.0,단독다가구,2023
성북구,13800,장위동,3.0,20230414,월세,59.99,5000,110,2008.0,아파트,2023
성북구,13500,종암동,,20230419,월세,36.0,500,50,1994.0,단독다가구,2023
성북구,12800,보문동6가,,20221231,월세,57.9,2000,70,1989.0,단독다가구,2023
성북구,13300,정릉동,10.0,20230219,월세,84.97,10000,150,2008.0,아파트,2023
성북구,13400,길음동,7.0,20230510,월세,59.99,15000,28,2005.0,아파트,2023
성북구,12300,안암동3가,,20221231,월세,60.0,7000,60,1990.0,단독다가구,2023
성북구,10300,돈암동,11.0,20230425,월세,152.25,15000,70,1998.0,아파트,2023
성북구,13400,길음동,15.0,20230513,월세,59.77,20000,75,2005.0,아파트,2023
성북구,13400,길음동,16.0,20230510,월세,59.37,35000,25,2007.0,아파트,2023
성북구,13400,길음동,,20230519,월세,40.0,1000,40,1992.0,단독다가구,2023
성북구,13400,길음동,13.0,20230513,월세,59.86,8000,115,2005.0,아파트,2023
성북구,13400,길음동,8.0,20230513,월세,84.64,26000,90,2005.0,아파트,2023
성북구,13300,정릉동,3.0,20230210,월세,29.76,1000,62,2013.0,연립다세대,2023
성북구,13400,길음동,3.0,20230411,월세,84.64,40000,50,2005.0,아파트,2023
성북구,13400,길음동,10.0,20230513,월세,59.99,20000,85,2010.0,아파트,2023
성북구,13400,길음동,6.0,20230411,월세,84.96,30000,115,2010.0,아파트,2023
성북구,13400,길음동,18.0,20230510,월세,60.0,5000,130,2003.0,아파트,2023
성북구,12200,안암동2가,,20231023,월세,40.0,200,42,,단독다가구,2023
성북구,13500,종암동,26.0,20230219,월세,84.72,5000,150,1999.0,아파트,2023
성북구,10900,동소문동6가,8.0,20230603,월세,13.27,3000,50,2013.0,아파트,2023
성북구,13600,하월곡동,12.0,20230225,월세,84.88,10000,160,2007.0,아파트,2023
성북구,13500,종암동,16.0,20230306,월세,114.99,15000,180,2009.0,아파트,2023
성북구,13800,장위동,20.0,20230510,월세,32.22,9280,34,2017.0,아파트,2023
성북구,13800,장위동,6.0,20230510,월세,40.24,12603,46,2017.0,아파트,2023
성북구,13800,장위동,6.0,20230510,월세,40.24,10082,51,2017.0,아파트,2023
성북구,13800,장위동,13.0,20230129,월세,84.98,10000,105,2006.0,아파트,2023
성북구,10100,성북동,,20230422,월세,39.1,1000,60,1996.0,단독다가구,2023
성북구,13700,상월곡동,3.0,20230114,월세,14.45,500,42,2012.0,연립다세대,2023
성북구,13500,종암동,19.0,20230207,월세,84.98,42000,25,2004.0,아파트,2023
성북구,11500,삼선동5가,3.0,20230114,월세,42.59,4000,100,2018.0,연립다세대,2023
성북구,13800,장위동,,20230404,월세,39.64,500,40,1995.0,단독다가구,2023
성북구,13300,정릉동,,20230221,월세,66.5,800,44,1990.0,단독다가구,2023
성북구,13900,석관동,7.0,20231018,월세,84.98,1000,60,2019.0,아파트,2023
성북구,12100,안암동1가,10.0,20230630,월세,84.87,40000,70,2005.0,아파트,2023
성북구,13800,장위동,8.0,20230117,월세,14.71,10000,15,2019.0,아파트,2023
성북구,10300,돈암동,5.0,20230104,월세,113.67,40000,40,1998.0,아파트,2023
성북구,13300,정릉동,,20230107,월세,12.0,1000,47,2011.0,단독다가구,2023
성북구,13300,정릉동,,20230107,월세,13.0,1000,45,2019.0,단독다가구,2023
성북구,13300,정릉동,,20230107,월세,13.0,1000,40,2019.0,단독다가구,2023
성북구,12800,보문동6가,,20230519,월세,41.19,1000,60,1992.0,단독다가구,2023
성북구,13300,정릉동,1.0,20230201,월세,26.15,4294,37,2020.0,연립다세대,2023
성북구,10300,돈암동,8.0,20230315,월세,39.15,5319,6,2016.0,아파트,2023
성북구,13300,정릉동,,20230107,월세,15.0,1000,45,2017.0,단독다가구,2023
성북구,13300,정릉동,,20230107,월세,15.0,500,45,2004.0,단독다가구,2023
성북구,10300,돈암동,6.0,20230126,월세,84.87,30000,80,1998.0,아파트,2023
성북구,13400,길음동,10.0,20231023,월세,34.88,1587,19,2003.0,아파트,2023
성북구,13600,하월곡동,5.0,20230210,월세,59.98,10000,125,2007.0,아파트,2023
성북구,13600,하월곡동,5.0,20230612,월세,59.86,4000,120,2003.0,아파트,2023
성북구,13300,정릉동,,20230404,월세,40.0,1000,50,1990.0,단독다가구,2023
성북구,13300,정릉동,,20230107,월세,15.18,1000,50,2019.0,단독다가구,2023
성북구,13900,석관동,,20230522,월세,26.44,200,20,1994.0,단독다가구,2023
성북구,13300,정릉동,,20230107,월세,15.84,1000,50,2022.0,단독다가구,2023
성북구,12200,안암동2가,,20230413,월세,33.0,10000,25,1993.0,단독다가구,2023
성북구,10900,동소문동6가,,20230413,월세,33.0,1000,90,2019.0,단독다가구,2023
성북구,13400,길음동,7.0,20230330,월세,84.97,5000,165,2005.0,아파트,2023
성북구,13700,상월곡동,3.0,20230213,월세,13.54,300,40,2012.0,연립다세대,2023
성북구,13900,석관동,,20230410,월세,33.0,1000,40,1992.0,단독다가구,2023
성북구,13700,상월곡동,,20230410,월세,33.0,500,55,1992.0,단독다가구,2023
성북구,11100,삼선동1가,,20230107,월세,16.5,5000,45,1976.0,단독다가구,2023
성북구,13500,종암동,,20230107,월세,16.5,400,48,2012.0,단독다가구,2023
성북구,13600,하월곡동,,20230515,월세,40.6,3000,40,1995.0,단독다가구,2023
성북구,12800,보문동6가,,20230519,월세,45.0,2000,50,1990.0,단독다가구,2023
성북구,10900,동소문동6가,,20230107,월세,17.0,5000,15,2017.0,단독다가구,2023
성북구,13400,길음동,,20230107,월세,17.0,300,35,2016.0,단독다가구,2023
성북구,13600,하월곡동,3.0,20230114,월세,59.86,20000,70,2003.0,아파트,2023
성북구,13600,하월곡동,6.0,20230114,월세,84.84,12000,125,2003.0,아파트,2023
성북구,13700,상월곡동,16.0,20230315,월세,84.97,9000,95,2003.0,아파트,2023
성북구,13600,하월곡동,13.0,20230114,월세,84.99,20000,90,2003.0,아파트,2023
성북구,13400,길음동,7.0,20230312,월세,59.88,5000,185,2022.0,아파트,2023
성북구,11100,삼선동1가,2.0,20230225,월세,79.02,0,55,2008.0,연립다세대,2023
성북구,13500,종암동,3.0,20230603,월세,23.8,1000,65,2018.0,연립다세대,2023
성북구,13400,길음동,2.0,20231021,월세,59.75,20000,110,2006.0,아파트,2023
성북구,13400,길음동,,20230407,월세,40.0,500,50,1994.0,단독다가구,2023
성북구,13400,길음동,,20230407,월세,40.0,1000,45,1996.0,단독다가구,2023
성북구,13400,길음동,1.0,20230324,월세,84.82,30000,100,2010.0,아파트,2023
성북구,13400,길음동,9.0,20230324,월세,59.98,25000,90,2010.0,아파트,2023
성북구,13500,종암동,,20230107,월세,18.0,1000,50,1997.0,단독다가구,2023
성북구,10300,돈암동,2.0,20230222,월세,59.99,22000,65,2004.0,아파트,2023
성북구,11700,동선동2가,2.0,20230513,월세,25.63,6000,68,2019.0,연립다세대,2023
성북구,13500,종암동,4.0,20230201,월세,44.42,3000,95,2015.0,연립다세대,2023
성북구,10400,동소문동1가,,20230512,월세,16.5,500,40,1991.0,단독다가구,2023
성북구,13400,길음동,9.0,20231021,월세,84.92,30000,120,2010.0,아파트,2023
성북구,13600,하월곡동,3.0,20230829,월세,28.58,1000,75,2021.0,오피스텔,2023
성북구,13600,하월곡동,4.0,20230829,월세,28.58,1000,75,2021.0,오피스텔,2023
성북구,13300,정릉동,4.0,20230114,월세,21.23,3000,78,2017.0,연립다세대,2023
성북구,11700,동선동2가,,20230104,월세,13.2,300,36,2010.0,단독다가구,2023
성북구,13300,정릉동,4.0,20231021,월세,45.77,3000,90,1999.0,아파트,2023
성북구,10800,동소문동5가,25.0,20230501,월세,84.96,15000,120,2006.0,아파트,2023
성북구,12800,보문동6가,3.0,20230724,월세,29.96,9021,25,2017.0,아파트,2023
성북구,13600,하월곡동,11.0,20230110,월세,84.77,5000,155,2003.0,아파트,2023
성북구,13300,정릉동,2.0,20230309,월세,71.88,2000,60,1996.0,연립다세대,2023
성북구,13300,정릉동,,20230107,월세,18.52,3000,40,2019.0,단독다가구,2023
성북구,13600,하월곡동,,20230515,월세,45.0,1000,40,1991.0,단독다가구,2023
성북구,10200,성북동1가,,20230717,월세,59.36,15000,30,1997.0,단독다가구,2023
성북구,13800,장위동,,20230221,월세,79.62,6000,30,1987.0,단독다가구,2023
성북구,13800,장위동,,20230107,월세,19.77,3000,30,,단독다가구,2023
성북구,13300,정릉동,,20230107,월세,19.8,1000,53,2021.0,단독다가구,2023
성북구,11700,동선동2가,,20230104,월세,33.2,3000,60,1994.0,단독다가구,2023
성북구,11500,삼선동5가,2.0,20230207,월세,15.05,7500,13,2011.0,연립다세대,2023
성북구,12000,동선동5가,2.0,20230501,월세,16.9,1000,50,2014.0,연립다세대,2023
성북구,10300,돈암동,12.0,20230603,월세,113.67,10000,170,1998.0,아파트,2023
성북구,13400,길음동,17.0,20230318,월세,84.97,40000,30,2005.0,아파트,2023
성북구,13300,정릉동,,20230107,월세,20.0,500,45,2017.0,단독다가구,2023
성북구,13300,정릉동,,20230107,월세,20.0,1000,30,2009.0,단독다가구,2023
성북구,11700,동선동2가,,20230107,월세,20.0,1000,45,2017.0,단독다가구,2023
성북구,12500,안암동5가,,20230107,월세,20.0,8000,15,1996.0,단독다가구,2023
성북구,11700,동선동2가,,20230107,월세,20.0,1000,50,2010.0,단독다가구,2023
성북구,11700,동선동2가,,20230107,월세,20.0,1000,47,2011.0,단독다가구,2023
성북구,13300,정릉동,11.0,20230812,월세,84.99,17000,60,2000.0,아파트,2023
성북구,13800,장위동,6.0,20230715,월세,18.03,500,58,2019.0,오피스텔,2023
성북구,13500,종암동,1.0,20230402,월세,31.55,18000,10,2017.0,연립다세대,2023
성북구,10900,동소문동6가,8.0,20230129,월세,12.4,1000,59,2013.0,아파트,2023
성북구,13300,정릉동,2.0,20230318,월세,50.45,12000,60,1999.0,아파트,2023
성북구,13300,정릉동,,20230419,월세,48.58,1000,60,1991.0,단독다가구,2023
성북구,13500,종암동,5.0,20230810,월세,33.94,5000,60,2015.0,연립다세대,2023
성북구,13400,길음동,3.0,20230318,월세,84.84,20000,70,2003.0,아파트,2023
성북구,13300,정릉동,7.0,20230210,월세,31.22,3398,5,2015.0,아파트,2023
성북구,13600,하월곡동,21.0,20230318,월세,84.91,30000,55,2011.0,아파트,2023
성북구,13300,정릉동,5.0,20230225,월세,59.4,5000,100,2003.0,아파트,2023
성북구,13400,길음동,5.0,20231124,월세,59.99,25000,95,2010.0,아파트,2023
성북구,13300,정릉동,2.0,20230210,월세,19.7,5780,19,2020.0,연립다세대,2023
성북구,13300,정릉동,7.0,20230225,월세,59.98,20000,70,2008.0,아파트,2023
성북구,12800,보문동6가,8.0,20230727,월세,29.96,8387,22,2017.0,아파트,2023
성북구,11900,동선동4가,4.0,20230627,월세,12.11,1000,58,2014.0,연립다세대,2023
성북구,11800,동선동3가,,20230104,월세,36.3,2000,65,1997.0,단독다가구,2023
성북구,13700,상월곡동,9.0,20230501,월세,84.97,31000,45,2003.0,아파트,2023
성북구,13400,길음동,,20230525,월세,13.55,1000,50,2010.0,단독다가구,2023
성북구,13800,장위동,11.0,20230222,월세,49.33,1792,24,2006.0,아파트,2023
성북구,13800,장위동,3.0,20230222,월세,39.98,10000,60,2022.0,아파트,2023
성북구,13600,하월곡동,8.0,20230213,월세,22.99,5000,100,2022.0,연립다세대,2023
성북구,13400,길음동,14.0,20230327,월세,30.15,1370,13,2005.0,아파트,2023
성북구,13800,장위동,10.0,20231021,월세,39.0,10575,27,2022.0,아파트,2023
성북구,13400,길음동,2.0,20230327,월세,59.99,10000,120,2005.0,아파트,2023
성북구,13300,정릉동,4.0,20230807,월세,20.51,1360,68,2023.0,연립다세대,2023
성북구,13300,정릉동,7.0,20230222,월세,59.37,5000,130,2009.0,아파트,2023
성북구,13500,종암동,,20230422,월세,50.0,2000,60,1972.0,단독다가구,2023
성북구,11600,동선동1가,,20230525,월세,15.0,200,40,1997.0,단독다가구,2023
성북구,11800,동선동3가,,20230525,월세,15.0,500,45,1993.0,단독다가구,2023
성북구,12500,안암동5가,,20230515,월세,48.0,1000,100,1993.0,단독다가구,2023
성북구,12300,안암동3가,,20230525,월세,15.0,3000,40,1989.0,단독다가구,2023
성북구,13400,길음동,22.0,20230327,월세,114.99,40000,120,2010.0,아파트,2023
성북구,13400,길음동,18.0,20231124,월세,84.84,5000,160,2003.0,아파트,2023
성북구,12700,보문동5가,,20230515,월세,48.36,2500,45,1993.0,단독다가구,2023
성북구,11100,삼선동1가,,20230522,월세,32.92,2000,40,1993.0,단독다가구,2023
성북구,12500,안암동5가,,20230107,월세,21.0,500,40,1994.0,단독다가구,2023
성북구,11700,동선동2가,,20230107,월세,21.0,500,59,1996.0,단독다가구,2023
성북구,13400,길음동,9.0,20230327,월세,34.88,1512,18,2003.0,아파트,2023
성북구,13300,정릉동,10.0,20230606,월세,60.0,5000,100,2005.0,아파트,2023
성북구,13500,종암동,,20230104,월세,40.0,1500,60,1990.0,단독다가구,2023
성북구,13900,석관동,4.0,20230425,월세,28.79,4000,50,2018.0,연립다세대,2023
성북구,13700,상월곡동,4.0,20231214,월세,84.97,20000,80,2003.0,아파트,2023
성북구,13400,길음동,8.0,20230315,월세,59.97,3000,210,2019.0,아파트,2023
성북구,13400,길음동,33.0,20230315,월세,84.95,25000,170,2019.0,아파트,2023
성북구,13800,장위동,4.0,20230114,월세,29.14,3000,80,2022.0,연립다세대,2023
성북구,10100,성북동,1.0,20230718,월세,76.56,5000,130,2002.0,연립다세대,2023
성북구,13300,정릉동,2.0,20230207,월세,28.16,1000,40,2015.0,연립다세대,2023
성북구,13500,종암동,13.0,20230222,월세,119.87,15000,170,2010.0,아파트,2023
성북구,11500,삼선동5가,3.0,20230615,월세,39.27,1000,60,2002.0,연립다세대,2023
성북구,13500,종암동,3.0,20230222,월세,84.72,3500,165,1999.0,아파트,2023
성북구,13300,정릉동,10.0,20230513,월세,59.98,5000,85,2001.0,아파트,2023
성북구,13600,하월곡동,4.0,20230915,월세,79.98,5000,90,2004.0,아파트,2023
성북구,12500,안암동5가,,20230126,월세,14.0,300,34,1997.0,단독다가구,2023
성북구,13800,장위동,8.0,20230708,월세,84.97,47000,25,2021.0,아파트,2023
성북구,12200,안암동2가,,20230107,월세,24.0,1000,55,,단독다가구,2023
성북구,12500,안암동5가,,20230107,월세,24.0,300,50,2004.0,단독다가구,2023
성북구,13300,정릉동,,20230503,월세,26.45,3000,35,1940.0,단독다가구,2023
성북구,13300,정릉동,,20230104,월세,45.0,4000,50,1994.0,단독다가구,2023
성북구,13800,장위동,4.0,20230815,월세,59.98,5000,75,2001.0,아파트,2023
성북구,13300,정릉동,,20230107,월세,25.0,1000,70,2019.0,단독다가구,2023
성북구,10300,돈암동,3.0,20230408,월세,59.4,6000,80,1999.0,아파트,2023
성북구,13400,길음동,21.0,20230629,월세,84.93,3000,210,2019.0,아파트,2023
성북구,13300,정릉동,14.0,20230110,월세,32.76,1470,15,2005.0,아파트,2023
성북구,13300,정릉동,1.0,20230612,월세,57.25,500,80,1979.0,연립다세대,2023
성북구,10300,돈암동,8.0,20230408,월세,41.58,5000,55,1991.0,아파트,2023
성북구,13400,길음동,6.0,20230402,월세,59.97,43000,25,2019.0,아파트,2023
성북구,10900,동소문동6가,12.0,20230331,월세,23.01,1000,101,2012.0,아파트,2023
성북구,13300,정릉동,2.0,20230804,월세,19.7,5780,19,2020.0,연립다세대,2023
성북구,13400,길음동,10.0,20230402,월세,84.66,40000,125,2019.0,아파트,2023
성북구,13300,정릉동,-1.0,20230621,월세,58.36,300,40,1991.0,연립다세대,2023
성북구,13500,종암동,,20230107,월세,26.0,1000,70,1990.0,단독다가구,2023
성북구,13600,하월곡동,6.0,20230120,월세,23.28,3000,60,2020.0,오피스텔,2023
성북구,13800,장위동,4.0,20230303,월세,39.65,2621,16,2022.0,아파트,2023
성북구,11700,동선동2가,,20230126,월세,16.0,1000,60,2015.0,단독다가구,2023
성북구,13300,정릉동,,20230126,월세,16.0,1000,45,2017.0,단독다가구,2023
성북구,13300,정릉동,,20230126,월세,16.0,500,45,2010.0,단독다가구,2023
성북구,13800,장위동,6.0,20231124,월세,39.0,12737,33,2022.0,아파트,2023
성북구,12400,안암동4가,,20230503,월세,27.0,500,27,1996.0,단독다가구,2023
성북구,10300,돈암동,1.0,20230405,월세,84.59,5000,140,1999.0,아파트,2023
성북구,12800,보문동6가,,20230107,월세,27.7,500,35,1993.0,단독다가구,2023
성북구,13600,하월곡동,,20230512,월세,18.0,5000,50,2019.0,단독다가구,2023
성북구,13500,종암동,13.0,20231101,월세,59.97,500,20,2009.0,아파트,2023
성북구,13300,정릉동,10.0,20230204,월세,84.68,30000,48,2005.0,아파트,2023
성북구,10300,돈암동,9.0,20230504,월세,41.58,10000,50,1991.0,아파트,2023
성북구,12300,안암동3가,,20230428,월세,18.0,500,50,2019.0,단독다가구,2023
성북구,11800,동선동3가,,20230107,월세,29.7,1000,65,2009.0,단독다가구,2023
성북구,11700,동선동2가,,20230126,월세,16.51,1000,60,2015.0,단독다가구,2023
성북구,13300,정릉동,2.0,20230621,월세,19.7,4605,7,2020.0,연립다세대,2023
성북구,13300,정릉동,,20230126,월세,17.0,1000,55,1990.0,단독다가구,2023
성북구,13600,하월곡동,,20230525,월세,18.0,300,20,1991.0,단독다가구,2023
성북구,13800,장위동,3.0,20230204,월세,59.98,6000,90,2006.0,아파트,2023
성북구,13200,보문동3가,8.0,20230603,월세,84.3,28000,60,2003.0,아파트,2023
성북구,10300,돈암동,4.0,20230414,월세,41.11,2000,90,2014.0,연립다세대,2023
성북구,13300,정릉동,5.0,20230120,월세,35.3,5000,140,2022.0,연립다세대,2023
성북구,13300,정릉동,,20230107,월세,30.25,3000,50,1996.0,단독다가구,2023
성북구,12500,안암동5가,,20230126,월세,18.0,1000,60,2018.0,단독다가구,2023
성북구,13700,상월곡동,5.0,20230414,월세,29.74,5000,75,2015.0,연립다세대,2023
성북구,12100,안암동1가,,20230107,월세,32.0,1000,85,1991.0,단독다가구,2023
성북구,12100,안암동1가,,20230104,월세,69.59,10000,50,1992.0,단독다가구,2023
성북구,10300,돈암동,10.0,20231220,월세,84.82,12000,150,2006.0,아파트,2023
성북구,13800,장위동,,20230519,월세,75.07,15000,50,1976.0,단독다가구,2023
성북구,13900,석관동,,20230120,월세,67.6,30000,35,1976.0,단독다가구,2023
성북구,11400,삼선동4가,4.0,20230210,월세,41.9,1000,9,2001.0,연립다세대,2023
성북구,13400,길음동,11.0,20230501,월세,84.95,5000,200,2019.0,아파트,2023
성북구,11200,삼선동2가,,20230107,월세,33.1,1000,70,1993.0,단독다가구,2023
성북구,13300,정릉동,3.0,20230417,월세,61.92,3000,70,2009.0,연립다세대,2023
성북구,13800,장위동,,20230519,월세,79.68,4000,70,1965.0,단독다가구,2023
성북구,13500,종암동,,20230104,월세,116.15,1000,50,1994.0,단독다가구,2023
성북구,12100,안암동1가,6.0,20230706,월세,59.7,5000,150,2005.0,아파트,2023
성북구,10100,성북동,,20230515,월세,64.49,30000,50,1978.0,단독다가구,2023
성북구,13500,종암동,,20230126,월세,18.18,500,45,2017.0,단독다가구,2023
성북구,13500,종암동,-1.0,20230513,월세,62.78,2500,40,1997.0,연립다세대,2023
성북구,13300,정릉동,,20230515,월세,66.0,700,40,1995.0,단독다가구,2023
성북구,13300,정릉동,4.0,20230207,월세,22.26,3456,30,2020.0,연립다세대,2023
성북구,10300,돈암동,,20230422,월세,82.08,20000,20,1965.0,단독다가구,2023
성북구,13500,종암동,6.0,20230225,월세,51.88,10000,80,2019.0,연립다세대,2023
성북구,10300,돈암동,19.0,20230201,월세,32.49,1171,2,1998.0,아파트,2023
성북구,13300,정릉동,,20230126,월세,19.15,1000,45,1993.0,단독다가구,2023
성북구,13300,정릉동,5.0,20230120,월세,84.09,25000,55,2005.0,아파트,2023
성북구,13300,정릉동,5.0,20230120,월세,59.98,30000,40,2008.0,아파트,2023
성북구,10900,동소문동6가,8.0,20230201,월세,42.56,3000,90,2003.0,오피스텔,2023
성북구,13300,정릉동,3.0,20230614,월세,75.05,8000,40,2003.0,연립다세대,2023
성북구,13700,상월곡동,15.0,20230611,월세,84.97,18742,60,2003.0,아파트,2023
성북구,11700,동선동2가,,20230126,월세,20.0,1000,45,2010.0,단독다가구,2023
성북구,10400,동소문동1가,-1.0,20231118,월세,81.93,5000,70,1993.0,연립다세대,2023
성북구,10200,성북동1가,2.0,20230612,월세,48.5,3000,51,2002.0,연립다세대,2023
성북구,13400,길음동,11.0,20230511,월세,30.15,2772,5,2005.0,아파트,2023
성북구,13400,길음동,6.0,20230511,월세,30.15,2772,5,2005.0,아파트,2023
성북구,13300,정릉동,,20230105,월세,17.86,1000,60,2020.0,단독다가구,2023
성북구,10900,동소문동6가,2.0,20230324,월세,29.98,20000,7,2011.0,연립다세대,2023
성북구,13400,길음동,11.0,20230511,월세,84.96,54000,30,2003.0,아파트,2023
성북구,13300,정릉동,4.0,20230810,월세,14.97,1000,50,2023.0,연립다세대,2023
성북구,13300,정릉동,1.0,20230810,월세,15.89,1100,55,2023.0,연립다세대,2023
성북구,13800,장위동,2.0,20230222,월세,58.56,2500,60,1997.0,연립다세대,2023
성북구,13300,정릉동,4.0,20230810,월세,20.51,1360,68,2023.0,연립다세대,2023
성북구,13800,장위동,4.0,20230611,월세,64.86,13000,30,1996.0,연립다세대,2023
성북구,13300,정릉동,3.0,20230605,월세,59.42,5000,100,1999.0,아파트,2023
성북구,13900,석관동,,20230129,월세,15.0,500,35,2017.0,단독다가구,2023
성북구,11100,삼선동1가,4.0,20230810,월세,60.65,0,60,2008.0,연립다세대,2023
성북구,10900,동소문동6가,5.0,20230114,월세,12.7,7000,36,2013.0,아파트,2023
성북구,10300,돈암동,5.0,20230318,월세,59.4,3000,130,1999.0,아파트,2023
성북구,13300,정릉동,,20230126,월세,21.0,1000,50,2019.0,단독다가구,2023
성북구,13500,종암동,5.0,20230402,월세,28.44,13000,55,2018.0,연립다세대,2023
성북구,13300,정릉동,,20230105,월세,18.5,1000,50,2017.0,단독다가구,2023
성북구,13500,종암동,4.0,20230114,월세,29.67,11000,80,2021.0,연립다세대,2023
성북구,13900,석관동,9.0,20230120,월세,84.85,5000,145,1994.0,아파트,2023
성북구,11700,동선동2가,,20230129,월세,15.4,1000,35,1997.0,단독다가구,2023
성북구,13800,장위동,7.0,20230508,월세,40.47,12677,47,2022.0,아파트,2023
성북구,13800,장위동,3.0,20230508,월세,40.47,12677,47,2022.0,아파트,2023
성북구,13800,장위동,7.0,20230508,월세,40.47,14537,37,2022.0,아파트,2023
성북구,13800,장위동,3.0,20230508,월세,40.47,14537,37,2022.0,아파트,2023
성북구,13900,석관동,7.0,20230527,월세,59.97,3000,120,1998.0,아파트,2023
성북구,13800,장위동,8.0,20230508,월세,40.24,12603,46,2017.0,아파트,2023
성북구,13800,장위동,8.0,20230508,월세,40.24,14451,37,2017.0,아파트,2023
성북구,13800,장위동,22.0,20230508,월세,59.35,36750,4,2017.0,아파트,2023
성북구,13900,석관동,3.0,20230330,월세,59.97,500,20,1998.0,아파트,2023
성북구,13600,하월곡동,,20230126,월세,21.48,1000,60,2015.0,단독다가구,2023
성북구,13100,보문동2가,,20230126,월세,21.5,2000,48,2010.0,단독다가구,2023
성북구,11400,삼선동4가,,20230105,월세,19.8,5000,45,2009.0,단독다가구,2023
성북구,12400,안암동4가,,20230105,월세,19.8,500,50,1984.0,단독다가구,2023
성북구,12500,안암동5가,,20230105,월세,19.8,1000,40,2000.0,단독다가구,2023
성북구,12500,안암동5가,,20230105,월세,19.8,1000,45,2000.0,단독다가구,2023
성북구,12500,안암동5가,,20230105,월세,19.8,1000,43,1989.0,단독다가구,2023
성북구,13400,길음동,5.0,20230801,월세,43.63,2120,18,2022.0,아파트,2023
성북구,12300,안암동3가,,20230212,월세,19.0,500,37,1997.0,단독다가구,2023
성북구,13300,정릉동,,20230105,월세,20.0,500,40,1989.0,단독다가구,2023
성북구,12200,안암동2가,,20230105,월세,20.0,500,45,2004.0,단독다가구,2023
성북구,12500,안암동5가,,20230105,월세,20.0,8000,15,1996.0,단독다가구,2023
성북구,12000,동선동5가,,20230105,월세,20.0,1000,45,2003.0,단독다가구,2023
성북구,11900,동선동4가,,20230129,월세,16.5,1000,58,2019.0,단독다가구,2023
성북구,13100,보문동2가,4.0,20230318,월세,29.85,1000,75,2011.0,연립다세대,2023
성북구,13800,장위동,22.0,20230623,월세,84.98,5000,122,2021.0,아파트,2023
성북구,10300,돈암동,1.0,20230114,월세,113.67,40000,130,1998.0,아파트,2023
성북구,11200,삼선동2가,,20230129,월세,16.77,1000,58,2016.0,단독다가구,2023
성북구,13500,종암동,3.0,20230120,월세,29.86,2000,80,2015.0,연립다세대,2023
성북구,13900,석관동,21.0,20231208,월세,59.97,5000,120,1998.0,아파트,2023
성북구,13400,길음동,4.0,20230408,월세,59.97,30000,75,2019.0,아파트,2023
성북구,10900,동소문동6가,10.0,20230204,월세,12.7,1000,60,2013.0,아파트,2023
성북구,13400,길음동,8.0,20230408,월세,84.66,50000,80,2019.0,아파트,2023
성북구,13500,종암동,4.0,20230210,월세,26.89,1000,70,2012.0,연립다세대,2023
성북구,13400,길음동,4.0,20230518,월세,30.61,3474,7,2005.0,아파트,2023
성북구,10300,돈암동,15.0,20230210,월세,68.13,5000,150,1998.0,아파트,2023
성북구,10300,돈암동,15.0,20230210,월세,68.13,5000,105,1998.0,아파트,2023
성북구,13800,장위동,4.0,20230117,월세,52.81,23000,2,2018.0,연립다세대,2023
성북구,13300,정릉동,4.0,20230117,월세,14.8,2069,1,2013.0,연립다세대,2023
성북구,13400,길음동,19.0,20230405,월세,49.18,4030,6,2019.0,아파트,2023
성북구,10300,돈암동,3.0,20230327,월세,84.88,47000,49,2016.0,아파트,2023
성북구,13900,석관동,18.0,20230608,월세,59.97,3000,90,1998.0,아파트,2023
성북구,13300,정릉동,1.0,20230720,월세,54.0,100,15,1993.0,연립다세대,2023
성북구,13400,길음동,2.0,20230213,월세,43.56,5000,70,2000.0,연립다세대,2023
성북구,13400,길음동,11.0,20230518,월세,59.98,10000,145,2010.0,아파트,2023
성북구,13800,장위동,10.0,20230915,월세,18.03,1000,44,2019.0,오피스텔,2023
성북구,13300,정릉동,13.0,20230518,월세,84.44,12000,90,1999.0,아파트,2023
성북구,12800,보문동6가,,20230522,월세,40.0,2000,60,1992.0,단독다가구,2023
성북구,13600,하월곡동,,20230216,월세,15.0,500,45,,단독다가구,2023
성북구,13300,정릉동,,20230216,월세,15.0,3000,30,2021.0,단독다가구,2023
성북구,13800,장위동,7.0,20230915,월세,14.71,5000,35,2019.0,아파트,2023
성북구,13300,정릉동,4.0,20230306,월세,47.44,1000,80,2002.0,연립다세대,2023
성북구,13500,종암동,,20230525,월세,19.8,500,35,2001.0,단독다가구,2023
성북구,13800,장위동,26.0,20230417,월세,39.0,9224,34,2022.0,아파트,2023
성북구,13800,장위동,1.0,20230417,월세,39.0,10249,38,2022.0,아파트,2023
성북구,13800,장위동,10.0,20230417,월세,39.0,8296,42,2022.0,아파트,2023
성북구,13800,장위동,7.0,20230417,월세,39.0,10512,27,2022.0,아파트,2023
성북구,13800,장위동,2.0,20230417,월세,39.0,9224,34,2022.0,아파트,2023
성북구,13800,장위동,5.0,20230417,월세,39.0,9927,26,2022.0,아파트,2023
성북구,13800,장위동,8.0,20230417,월세,39.0,10512,27,2022.0,아파트,2023
성북구,13800,장위동,7.0,20230417,월세,39.0,11753,30,2022.0,아파트,2023
성북구,13800,장위동,10.0,20230417,월세,39.0,10512,27,2022.0,아파트,2023
성북구,13800,장위동,3.0,20230417,월세,39.0,9736,36,2022.0,아파트,2023
성북구,13800,장위동,7.0,20230417,월세,39.0,11096,29,2022.0,아파트,2023
성북구,13800,장위동,28.0,20230417,월세,39.0,11681,30,2022.0,아파트,2023
성북구,13800,장위동,2.0,20230417,월세,39.0,11681,30,2022.0,아파트,2023
성북구,13800,장위동,10.0,20230417,월세,39.0,11096,29,2022.0,아파트,2023
성북구,13800,장위동,5.0,20230417,월세,39.0,11681,30,2022.0,아파트,2023
성북구,13800,장위동,8.0,20230417,월세,39.0,13730,38,2022.0,아파트,2023
성북구,13800,장위동,20.0,20230417,월세,39.0,9927,26,2022.0,아파트,2023
성북구,13800,장위동,1.0,20230417,월세,39.0,8296,42,2022.0,아파트,2023
성북구,13800,장위동,9.0,20230417,월세,39.0,9927,26,2022.0,아파트,2023
성북구,13800,장위동,4.0,20230417,월세,39.0,9927,26,2022.0,아파트,2023
성북구,13800,장위동,1.0,20230417,월세,39.0,11164,29,2022.0,아파트,2023
성북구,13800,장위동,24.0,20230417,월세,39.0,11681,30,2022.0,아파트,2023
성북구,13800,장위동,9.0,20230417,월세,39.0,11681,30,2022.0,아파트,2023
성북구,13300,정릉동,,20230219,월세,12.0,500,50,1995.0,단독다가구,2023
성북구,13800,장위동,10.0,20230417,월세,40.47,12194,31,2022.0,아파트,2023
성북구,13800,장위동,11.0,20230417,월세,40.47,12120,32,2022.0,아파트,2023
성북구,13800,장위동,12.0,20230417,월세,40.47,12120,32,2022.0,아파트,2023
성북구,13800,장위동,10.0,20230417,월세,40.47,12120,32,2022.0,아파트,2023
성북구,13900,석관동,3.0,20230508,월세,29.13,20000,15,2022.0,연립다세대,2023
성북구,13400,길음동,3.0,20230321,월세,84.97,10000,140,2005.0,아파트,2023
성북구,13300,정릉동,,20230219,월세,13.0,1000,50,2019.0,단독다가구,2023
성북구,13500,종암동,2.0,20230408,월세,59.97,5000,150,2009.0,아파트,2023
성북구,12500,안암동5가,,20230126,월세,27.05,4000,60,2018.0,단독다가구,2023
성북구,13800,장위동,9.0,20230711,월세,46.35,14414,53,2020.0,아파트,2023
성북구,10300,돈암동,3.0,20230110,월세,32.49,516,6,1998.0,아파트,2023
성북구,10300,돈암동,8.0,20230110,월세,32.49,1171,2,1998.0,아파트,2023
성북구,12800,보문동6가,2.0,20230614,월세,24.14,1000,65,2014.0,연립다세대,2023
성북구,11800,동선동3가,,20230126,월세,27.4,2000,65,1973.0,단독다가구,2023
성북구,11300,삼선동3가,4.0,20231108,월세,34.55,5000,25,2003.0,연립다세대,2023
성북구,13400,길음동,26.0,20230321,월세,84.96,5000,165,2010.0,아파트,2023
성북구,13900,석관동,1.0,20230614,월세,84.9,5000,130,1998.0,아파트,2023
성북구,13500,종암동,,20230219,월세,15.0,1000,40,2007.0,단독다가구,2023
성북구,13400,길음동,9.0,20230321,월세,79.87,15000,65,1988.0,아파트,2023
성북구,13400,길음동,36.0,20230524,월세,59.99,15000,170,2019.0,아파트,2023
성북구,13400,길음동,20.0,20230524,월세,84.9,5000,250,2019.0,아파트,2023
성북구,10300,돈암동,13.0,20230321,월세,84.8,10500,160,2014.0,아파트,2023
성북구,13900,석관동,5.0,20230408,월세,59.96,6678,10,2019.0,아파트,2023
성북구,13900,석관동,3.0,20230408,월세,59.96,3954,25,2019.0,아파트,2023
성북구,13800,장위동,13.0,20230117,월세,39.34,4196,4,2006.0,아파트,2023
성북구,13800,장위동,10.0,20230117,월세,39.34,1461,22,2006.0,아파트,2023
성북구,13800,장위동,7.0,20230117,월세,49.33,1792,24,2006.0,아파트,2023
성북구,11700,동선동2가,,20230105,월세,25.28,2000,83,,단독다가구,2023
성북구,12400,안암동4가,,20230105,월세,26.0,500,45,1984.0,단독다가구,2023
성북구,13500,종암동,,20230216,월세,16.5,100,40,2010.0,단독다가구,2023
성북구,13500,종암동,,20230126,월세,30.0,1000,50,2004.0,단독다가구,2023
성북구,13300,정릉동,4.0,20230117,월세,32.76,1911,19,2005.0,아파트,2023
성북구,13300,정릉동,,20230219,월세,16.0,1000,40,2018.0,단독다가구,2023
성북구,13600,하월곡동,,20230216,월세,16.52,1000,55,2019.0,단독다가구,2023
성북구,13300,정릉동,4.0,20230705,월세,29.12,5000,60,2018.0,연립다세대,2023
성북구,13300,정릉동,,20230201,월세,14.0,1000,43,2021.0,단독다가구,2023
성북구,13300,정릉동,-1.0,20230321,월세,50.94,1000,59,1991.0,연립다세대,2023
성북구,13000,보문동1가,4.0,20230204,월세,17.5,3000,70,2013.0,연립다세대,2023
성북구,13300,정릉동,,20230201,월세,15.0,500,50,2018.0,단독다가구,2023
성북구,12700,보문동5가,,20230201,월세,15.0,500,45,2008.0,단독다가구,2023
성북구,10100,성북동,,20230129,월세,20.0,2000,50,,단독다가구,2023
성북구,13500,종암동,5.0,20230117,월세,84.72,35000,30,1999.0,아파트,2023
성북구,13700,상월곡동,,20230219,월세,16.52,5000,30,2019.0,단독다가구,2023
성북구,13300,정릉동,,20230219,월세,16.52,1000,45,2021.0,단독다가구,2023
성북구,13000,보문동1가,18.0,20231006,월세,59.79,20000,150,2022.0,아파트,2023
성북구,13800,장위동,12.0,20230408,월세,84.97,20000,140,2021.0,아파트,2023
성북구,13300,정릉동,,20230216,월세,18.0,1000,50,2019.0,단독다가구,2023
성북구,13700,상월곡동,,20230216,월세,18.0,1000,50,2018.0,단독다가구,2023
성북구,13300,정릉동,,20230216,월세,18.0,3000,30,2021.0,단독다가구,2023
성북구,13300,정릉동,1.0,20230429,월세,71.16,5000,80,1995.0,연립다세대,2023
성북구,10300,돈암동,9.0,20230225,월세,59.58,13000,42,1998.0,아파트,2023
성북구,12100,안암동1가,,20230219,월세,16.7,300,36,1994.0,단독다가구,2023
성북구,13100,보문동2가,3.0,20230815,월세,23.18,2000,50,2002.0,오피스텔,2023
성북구,13400,길음동,,20230105,월세,31.05,1000,35,1990.0,단독다가구,2023
성북구,12500,안암동5가,,20230126,월세,33.0,1000,70,1993.0,단독다가구,2023
성북구,13500,종암동,15.0,20230524,월세,84.99,30000,100,2009.0,아파트,2023
성북구,13500,종암동,4.0,20230807,월세,59.86,3000,113,1999.0,아파트,2023
성북구,13500,종암동,19.0,20230807,월세,84.72,33000,40,1999.0,아파트,2023
성북구,13300,정릉동,,20230219,월세,18.0,1000,55,2018.0,단독다가구,2023
성북구,13300,정릉동,,20230105,월세,33.0,3000,70,2016.0,단독다가구,2023
성북구,11800,동선동3가,,20230105,월세,33.0,5000,65,1997.0,단독다가구,2023
성북구,13400,길음동,16.0,20230318,월세,84.9,30000,160,2019.0,아파트,2023
성북구,13900,석관동,2.0,20230414,월세,39.01,13408,34,2019.0,아파트,2023
성북구,13400,길음동,3.0,20230411,월세,33.46,2767,4,2019.0,아파트,2023
성북구,13400,길음동,18.0,20230411,월세,49.18,4030,6,2019.0,아파트,2023
성북구,13400,길음동,5.0,20230411,월세,49.18,4030,6,2019.0,아파트,2023
성북구,13400,길음동,6.0,20230411,월세,49.18,4030,6,2019.0,아파트,2023
성북구,13500,종암동,,20230201,월세,16.5,500,40,2007.0,단독다가구,2023
성북구,13600,하월곡동,,20230201,월세,16.5,500,42,2015.0,단독다가구,2023
성북구,13500,종암동,,20230201,월세,16.5,1000,48,2018.0,단독다가구,2023
성북구,13300,정릉동,,20230201,월세,16.5,500,45,1985.0,단독다가구,2023
성북구,13500,종암동,,20230201,월세,16.5,5000,20,2010.0,단독다가구,2023
성북구,10300,돈암동,1.0,20230222,월세,59.58,3000,120,1998.0,아파트,2023
성북구,11200,삼선동2가,,20230126,월세,33.1,1000,70,1993.0,단독다가구,2023
성북구,13900,석관동,,20230216,월세,18.33,1000,45,2017.0,단독다가구,2023
성북구,12300,안암동3가,,20230216,월세,19.0,500,37,1997.0,단독다가구,2023
성북구,11900,동선동4가,,20230126,월세,34.22,1000,30,1990.0,단독다가구,2023
성북구,13300,정릉동,,20230201,월세,17.0,500,45,1969.0,단독다가구,2023
성북구,13900,석관동,4.0,20230907,월세,84.84,5000,205,2009.0,아파트,2023
성북구,13600,하월곡동,3.0,20230524,월세,59.75,7000,110,2006.0,아파트,2023
성북구,13400,길음동,8.0,20231127,월세,84.64,5000,200,2005.0,아파트,2023
성북구,13900,석관동,1.0,20230321,월세,39.01,500,55,1992.0,연립다세대,2023
성북구,12000,동선동5가,,20230105,월세,36.0,3000,45,1995.0,단독다가구,2023
성북구,13300,정릉동,15.0,20230417,월세,81.09,7000,90,2003.0,아파트,2023
성북구,13300,정릉동,,20230114,월세,13.0,500,35,2018.0,단독다가구,2023
성북구,13300,정릉동,,20230114,월세,13.0,1000,35,2021.0,단독다가구,2023
성북구,10900,동소문동6가,6.0,20230228,월세,12.7,5000,42,2013.0,아파트,2023
성북구,13700,상월곡동,,20230114,월세,13.22,1000,50,2016.0,단독다가구,2023
성북구,13900,석관동,,20230105,월세,37.5,2000,60,2020.0,단독다가구,2023
성북구,13500,종암동,,20230114,월세,14.0,200,40,1997.0,단독다가구,2023
성북구,13800,장위동,25.0,20230414,월세,84.98,10000,170,2021.0,아파트,2023
성북구,13800,장위동,12.0,20230830,월세,18.39,500,35,2020.0,아파트,2023
성북구,10900,동소문동6가,,20230114,월세,15.0,2000,50,2017.0,단독다가구,2023
성북구,11700,동선동2가,,20230114,월세,15.0,500,40,1994.0,단독다가구,2023
성북구,13300,정릉동,,20230114,월세,15.0,500,50,2018.0,단독다가구,2023
성북구,13600,하월곡동,,20230216,월세,20.0,1000,50,2016.0,단독다가구,2023
성북구,13500,종암동,,20230219,월세,19.5,500,45,2001.0,단독다가구,2023
성북구,13800,장위동,2.0,20230705,월세,45.26,5000,100,2022.0,연립다세대,2023
성북구,11000,동소문동7가,9.0,20230120,월세,59.91,10000,115,2004.0,아파트,2023
성북구,13800,장위동,17.0,20231112,월세,84.94,36700,70,2020.0,아파트,2023
성북구,13300,정릉동,1.0,20230117,월세,41.34,250,30,1990.0,연립다세대,2023
성북구,13300,정릉동,1.0,20230907,월세,42.93,2000,50,2002.0,연립다세대,2023
성북구,13800,장위동,,20230407,월세,45.0,300,33,1991.0,단독다가구,2023
성북구,13800,장위동,4.0,20230913,월세,18.03,500,58,2019.0,오피스텔,2023
성북구,13400,길음동,9.0,20230327,월세,59.9,20000,120,2019.0,아파트,2023
성북구,13900,석관동,4.0,20230626,월세,84.98,5000,27,2019.0,아파트,2023
성북구,10300,돈암동,4.0,20230207,월세,84.87,5000,155,1998.0,아파트,2023
성북구,12700,보문동5가,,20230126,월세,40.0,1000,65,1993.0,단독다가구,2023
성북구,10300,돈암동,13.0,20230213,월세,84.87,10000,160,1998.0,아파트,2023
성북구,12100,안암동1가,,20230201,월세,19.0,2000,30,2009.0,단독다가구,2023
성북구,13500,종암동,,20230201,월세,19.0,1000,80,2021.0,단독다가구,2023
성북구,13300,정릉동,,20230110,월세,15.0,1000,50,2018.0,단독다가구,2023
성북구,13300,정릉동,,20230110,월세,15.0,1000,26,2018.0,단독다가구,2023
성북구,13300,정릉동,,20230110,월세,15.0,500,50,2018.0,단독다가구,2023
성북구,11700,동선동2가,,20230110,월세,15.0,500,35,1992.0,단독다가구,2023
성북구,13400,길음동,5.0,20230330,월세,38.02,2733,14,2022.0,아파트,2023
성북구,13400,길음동,6.0,20230330,월세,38.02,3767,6,2022.0,아파트,2023
성북구,13400,길음동,6.0,20230330,월세,38.02,2733,14,2022.0,아파트,2023
성북구,13400,길음동,7.0,20230330,월세,38.02,2733,14,2022.0,아파트,2023
성북구,13400,길음동,5.0,20230330,월세,38.02,4767,3,2022.0,아파트,2023
성북구,13400,길음동,25.0,20230330,월세,84.98,300,50,2022.0,아파트,2023
성북구,10300,돈암동,2.0,20230530,월세,84.76,40000,80,2016.0,아파트,2023
성북구,11500,삼선동5가,,20230114,월세,16.51,4000,30,2019.0,단독다가구,2023
성북구,12500,안암동5가,,20230114,월세,17.0,500,43,2001.0,단독다가구,2023
성북구,13300,정릉동,12.0,20230321,월세,43.11,10000,36,2001.0,아파트,2023
성북구,11700,동선동2가,,20230314,월세,40.0,10550,9,1994.0,단독다가구,2023
성북구,12500,안암동5가,4.0,20230622,월세,18.54,1000,58,2012.0,연립다세대,2023
성북구,13600,하월곡동,,20230201,월세,19.83,7000,5,2012.0,단독다가구,2023
성북구,13100,보문동2가,,20230105,월세,49.86,8000,50,1989.0,단독다가구,2023
성북구,11800,동선동3가,,20230201,월세,20.0,500,40,2002.0,단독다가구,2023
성북구,11200,삼선동2가,,20230201,월세,20.0,1000,50,2019.0,단독다가구,2023
성북구,11700,동선동2가,,20230201,월세,20.0,1000,40,1991.0,단독다가구,2023
성북구,12500,안암동5가,,20230201,월세,20.0,200,40,2001.0,단독다가구,2023
성북구,13300,정릉동,,20230210,월세,13.0,500,50,2009.0,단독다가구,2023
성북구,13800,장위동,9.0,20230411,월세,42.79,11247,29,2021.0,아파트,2023
성북구,13600,하월곡동,,20230114,월세,18.0,1000,65,2018.0,단독다가구,2023
성북구,13300,정릉동,,20230114,월세,18.0,1000,30,2021.0,단독다가구,2023
성북구,13600,하월곡동,20.0,20230527,월세,59.75,6000,120,2006.0,아파트,2023
성북구,11300,삼선동3가,,20230210,월세,14.0,500,35,1983.0,단독다가구,2023
성북구,13600,하월곡동,2.0,20230527,월세,84.59,30000,60,2006.0,아파트,2023
성북구,13900,석관동,21.0,20230327,월세,84.98,10000,120,2019.0,아파트,2023
성북구,12500,안암동5가,,20230216,월세,23.1,500,50,1992.0,단독다가구,2023
성북구,13300,정릉동,,20230210,월세,15.0,500,40,2022.0,단독다가구,2023
성북구,13300,정릉동,,20230210,월세,15.0,1000,40,,단독다가구,2023
성북구,13300,정릉동,,20230110,월세,16.5,500,50,2018.0,단독다가구,2023
성북구,12700,보문동5가,,20230216,월세,23.14,1000,40,1992.0,단독다가구,2023
성북구,13800,장위동,6.0,20230527,월세,59.99,25400,50,2020.0,아파트,2023
성북구,13800,장위동,18.0,20230527,월세,59.99,15000,110,2020.0,아파트,2023
성북구,13300,정릉동,2.0,20230330,월세,24.17,500,45,2003.0,연립다세대,2023
성북구,12800,보문동6가,2.0,20230722,월세,15.48,2000,50,2020.0,연립다세대,2023
성북구,13900,석관동,7.0,20231205,월세,28.66,5760,23,2023.0,연립다세대,2023
성북구,10300,돈암동,,20230204,월세,13.2,500,40,2010.0,단독다가구,2023
성북구,10700,동소문동4가,,20230204,월세,13.22,3000,20,2008.0,단독다가구,2023
성북구,13400,길음동,22.0,20230711,월세,112.51,70000,150,2022.0,아파트,2023
성북구,13300,정릉동,,20230110,월세,17.0,1000,45,2020.0,단독다가구,2023
성북구,11400,삼선동4가,2.0,20230822,월세,18.11,1000,65,2013.0,연립다세대,2023
성북구,11500,삼선동5가,,20230204,월세,15.0,2000,40,1997.0,단독다가구,2023
성북구,13300,정릉동,,20230204,월세,15.0,1000,45,2022.0,단독다가구,2023
성북구,10900,동소문동6가,,20230410,월세,37.76,5000,50,1993.0,단독다가구,2023
성북구,13300,정릉동,4.0,20230818,월세,13.88,920,63,2023.0,연립다세대,2023
성북구,13600,하월곡동,,20230114,월세,18.18,2000,50,2017.0,단독다가구,2023
성북구,13300,정릉동,3.0,20230818,월세,16.56,1000,71,2023.0,연립다세대,2023
성북구,13800,장위동,20.0,20230527,월세,59.92,20000,90,2021.0,아파트,2023
성북구,10900,동소문동6가,,20230110,월세,18.0,1000,55,2020.0,단독다가구,2023
성북구,11600,동선동1가,,20230110,월세,18.0,1000,55,2017.0,단독다가구,2023
성북구,13300,정릉동,,20230110,월세,18.0,500,20,1993.0,단독다가구,2023
성북구,13300,정릉동,,20230110,월세,18.0,500,35,2018.0,단독다가구,2023
성북구,13300,정릉동,,20230110,월세,18.0,500,30,2017.0,단독다가구,2023
성북구,11700,동선동2가,,20230110,월세,18.0,1000,50,2021.0,단독다가구,2023
성북구,13600,하월곡동,,20230210,월세,16.16,1000,60,2016.0,단독다가구,2023
성북구,13500,종암동,,20230210,월세,16.5,500,50,2008.0,단독다가구,2023
성북구,12500,안암동5가,,20230114,월세,19.0,1000,53,1995.0,단독다가구,2023
성북구,12500,안암동5가,,20230114,월세,19.0,500,55,1994.0,단독다가구,2023
성북구,13300,정릉동,,20230114,월세,19.0,1000,30,2021.0,단독다가구,2023
성북구,13500,종암동,11.0,20230617,월세,59.92,10000,140,2009.0,아파트,2023
성북구,13600,하월곡동,17.0,20230530,월세,59.88,5000,74,1998.0,아파트,2023
성북구,11600,동선동1가,,20230126,월세,49.77,5000,40,1989.0,단독다가구,2023
성북구,13100,보문동2가,,20230204,월세,16.0,400,34,2010.0,단독다가구,2023
성북구,13600,하월곡동,,20230210,월세,16.52,3000,45,2020.0,단독다가구,2023
성북구,13900,석관동,,20230201,월세,22.0,300,25,1992.0,단독다가구,2023
성북구,13300,정릉동,1.0,20230807,월세,59.99,20000,50,2005.0,아파트,2023
성북구,11700,동선동2가,,20230219,월세,26.0,500,40,1996.0,단독다가구,2023
성북구,13300,정릉동,3.0,20230309,월세,13.44,1000,30,2008.0,연립다세대,2023
성북구,12200,안암동2가,,20230107,월세,48.43,9000,50,1994.0,단독다가구,2023
성북구,12300,안암동3가,,20230225,월세,12.1,500,40,1993.0,단독다가구,2023
성북구,13300,정릉동,,20230204,월세,16.5,500,30,2010.0,단독다가구,2023
성북구,12100,안암동1가,,20230216,월세,27.52,300,35,1989.0,단독다가구,2023
성북구,13300,정릉동,,20230210,월세,17.5,500,40,2010.0,단독다가구,2023
성북구,13500,종암동,,20230114,월세,20.0,200,37,1997.0,단독다가구,2023
성북구,12500,안암동5가,,20230114,월세,20.0,3000,55,2018.0,단독다가구,2023
성북구,11800,동선동3가,,20230114,월세,20.0,2000,48,2019.0,단독다가구,2023
성북구,11300,삼선동3가,,20230114,월세,20.0,1000,55,1983.0,단독다가구,2023
성북구,13700,상월곡동,,20230225,월세,14.0,500,40,2019.0,단독다가구,2023
성북구,13300,정릉동,,20230210,월세,18.0,700,28,1969.0,단독다가구,2023
성북구,13300,정릉동,,20230210,월세,18.0,1000,55,2002.0,단독다가구,2023
성북구,11100,삼선동1가,,20230225,월세,14.85,1000,40,1985.0,단독다가구,2023
성북구,11500,삼선동5가,,20230129,월세,34.35,500,45,1994.0,단독다가구,2023
성북구,13300,정릉동,,20230225,월세,15.0,1000,30,2021.0,단독다가구,2023
성북구,11500,삼선동5가,,20230129,월세,35.0,10000,50,1989.0,단독다가구,2023
성북구,13600,하월곡동,,20230129,월세,35.0,5000,95,2022.0,단독다가구,2023
성북구,13900,석관동,4.0,20230502,월세,26.24,18500,23,2022.0,연립다세대,2023
성북구,13900,석관동,5.0,20230502,월세,28.09,20000,15,2022.0,연립다세대,2023
성북구,13700,상월곡동,,20230126,월세,56.0,1000,50,2017.0,단독다가구,2023
성북구,12000,동선동5가,,20230201,월세,24.0,1000,50,1993.0,단독다가구,2023
성북구,13300,정릉동,,20230204,월세,17.0,500,45,2020.0,단독다가구,2023
성북구,11400,삼선동4가,,20230204,월세,17.0,5000,40,2016.0,단독다가구,2023
성북구,13800,장위동,29.0,20230611,월세,84.94,20000,140,2020.0,아파트,2023
성북구,13200,보문동3가,5.0,20230228,월세,59.65,20000,100,2003.0,아파트,2023
성북구,13300,정릉동,,20230219,월세,28.0,1000,65,2019.0,단독다가구,2023
성북구,10800,동소문동5가,16.0,20230306,월세,14.02,1000,82,2018.0,아파트,2023
성북구,12900,보문동7가,,20230612,월세,60.94,5000,75,1995.0,단독다가구,2023
성북구,13500,종암동,,20230225,월세,16.0,1000,45,2017.0,단독다가구,2023
성북구,13300,정릉동,,20230225,월세,16.0,1000,44,2016.0,단독다가구,2023
성북구,13400,길음동,6.0,20230327,월세,38.02,1093,18,2022.0,아파트,2023
성북구,13400,길음동,10.0,20230327,월세,38.02,2733,14,2022.0,아파트,2023
성북구,13400,길음동,3.0,20230327,월세,38.02,4258,6,2022.0,아파트,2023
성북구,13400,길음동,2.0,20230327,월세,38.02,2733,14,2022.0,아파트,2023
성북구,13400,길음동,8.0,20230327,월세,38.02,1093,18,2022.0,아파트,2023
성북구,13400,길음동,10.0,20230327,월세,38.02,1093,18,2022.0,아파트,2023
성북구,13400,길음동,8.0,20230327,월세,38.02,2733,14,2022.0,아파트,2023
성북구,13400,길음동,6.0,20230327,월세,38.02,2733,14,2022.0,아파트,2023
성북구,13400,길음동,11.0,20230327,월세,38.02,1093,18,2022.0,아파트,2023
성북구,13400,길음동,9.0,20230327,월세,38.02,4767,3,2022.0,아파트,2023
성북구,13400,길음동,1.0,20230327,월세,38.02,2733,14,2022.0,아파트,2023
성북구,13400,길음동,5.0,20230327,월세,38.02,4767,3,2022.0,아파트,2023
성북구,13400,길음동,4.0,20230327,월세,38.02,2733,14,2022.0,아파트,2023
성북구,13400,길음동,5.0,20230327,월세,38.02,2733,14,2022.0,아파트,2023
성북구,13400,길음동,2.0,20230327,월세,38.02,1093,18,2022.0,아파트,2023
성북구,13400,길음동,4.0,20230327,월세,38.02,4767,3,2022.0,아파트,2023
성북구,13400,길음동,1.0,20230327,월세,38.02,1093,18,2022.0,아파트,2023
성북구,13400,길음동,11.0,20230327,월세,38.02,2733,14,2022.0,아파트,2023
성북구,13400,길음동,11.0,20230327,월세,38.02,4258,6,2022.0,아파트,2023
성북구,13400,길음동,9.0,20230327,월세,38.02,2733,14,2022.0,아파트,2023
성북구,13400,길음동,3.0,20230327,월세,38.02,2733,14,2022.0,아파트,2023
성북구,13400,길음동,7.0,20230327,월세,38.02,2733,14,2022.0,아파트,2023
성북구,13500,종암동,,20230110,월세,19.5,1000,40,1997.0,단독다가구,2023
성북구,11100,삼선동1가,,20230107,월세,56.5,3000,60,1987.0,단독다가구,2023
성북구,13400,길음동,10.0,20230327,월세,43.63,3120,16,2022.0,아파트,2023
성북구,13400,길음동,5.0,20230327,월세,43.63,3120,16,2022.0,아파트,2023
성북구,11800,동선동3가,,20230222,월세,13.5,10,60,1997.0,단독다가구,2023
성북구,10300,돈암동,3.0,20230120,월세,29.84,5000,60,2012.0,연립다세대,2023
성북구,10300,돈암동,2.0,20230511,월세,32.23,1039,14,1999.0,아파트,2023
성북구,13300,정릉동,,20230222,월세,15.0,3000,35,2021.0,단독다가구,2023
성북구,13300,정릉동,,20230225,월세,16.24,2000,37,2019.0,단독다가구,2023
성북구,12500,안암동5가,,20230114,월세,20.63,1000,85,2023.0,단독다가구,2023
성북구,11400,삼선동4가,,20230225,월세,16.5,1000,55,2012.0,단독다가구,2023
성북구,13300,정릉동,,20230225,월세,16.5,5000,35,2022.0,단독다가구,2023
성북구,11800,동선동3가,,20230114,월세,21.0,500,45,2001.0,단독다가구,2023
성북구,13300,정릉동,,20230225,월세,16.5,1000,50,2021.0,단독다가구,2023
성북구,13300,정릉동,,20230225,월세,16.5,4000,35,2022.0,단독다가구,2023
성북구,12300,안암동3가,,20230523,월세,41.67,2000,65,1993.0,단독다가구,2023
성북구,13300,정릉동,,20230110,월세,20.0,1000,50,2019.0,단독다가구,2023
성북구,13600,하월곡동,18.0,20230608,월세,84.59,5000,140,2006.0,아파트,2023
성북구,13400,길음동,15.0,20231202,월세,84.95,10000,250,2019.0,아파트,2023
성북구,13600,하월곡동,,20230225,월세,16.52,500,35,,단독다가구,2023
성북구,13800,장위동,24.0,20230611,월세,84.98,25000,110,2021.0,아파트,2023
성북구,13800,장위동,24.0,20230611,월세,84.98,20000,120,2021.0,아파트,2023
성북구,12500,안암동5가,,20230225,월세,16.67,500,32,2001.0,단독다가구,2023
성북구,10100,성북동,,20230107,월세,66.42,6000,40,1992.0,단독다가구,2023
성북구,13300,정릉동,,20230114,월세,21.54,1000,45,1997.0,단독다가구,2023
성북구,13900,석관동,,20230201,월세,27.0,500,42,2012.0,단독다가구,2023
성북구,13500,종암동,,20230210,월세,19.5,1000,70,2002.0,단독다가구,2023
성북구,10300,돈암동,9.0,20230117,월세,59.58,10000,80,1998.0,아파트,2023
성북구,11700,동선동2가,,20230114,월세,23.0,500,45,1968.0,단독다가구,2023
성북구,13300,정릉동,,20230525,월세,20.0,1000,55,2022.0,단독다가구,2023
성북구,13100,보문동2가,,20230525,월세,20.0,2000,52,2010.0,단독다가구,2023
성북구,13100,보문동2가,,20230204,월세,19.0,500,50,2007.0,단독다가구,2023
성북구,13900,석관동,,20230210,월세,20.0,200,22,1994.0,단독다가구,2023
성북구,13300,정릉동,,20230210,월세,20.0,500,50,1967.0,단독다가구,2023
성북구,11700,동선동2가,,20230114,월세,24.0,1000,55,1996.0,단독다가구,2023
성북구,13300,정릉동,,20230222,월세,17.0,500,45,2020.0,단독다가구,2023
성북구,11300,삼선동3가,,20230222,월세,17.0,1000,45,1990.0,단독다가구,2023
성북구,13300,정릉동,,20230222,월세,17.0,500,40,2018.0,단독다가구,2023
성북구,13500,종암동,,20230201,월세,30.0,300,55,2003.0,단독다가구,2023
성북구,13700,상월곡동,,20230201,월세,30.0,1000,55,2020.0,단독다가구,2023
성북구,11800,동선동3가,,20230201,월세,30.0,200,30,1991.0,단독다가구,2023
성북구,13900,석관동,17.0,20230530,월세,84.9,15000,70,1998.0,아파트,2023
성북구,13600,하월곡동,,20230110,월세,21.48,1000,45,2018.0,단독다가구,2023
성북구,13800,장위동,4.0,20230913,월세,71.11,7965,28,2019.0,연립다세대,2023
성북구,13700,상월곡동,,20230110,월세,22.0,1000,65,2019.0,단독다가구,2023
성북구,12500,안암동5가,,20230110,월세,22.0,1000,60,1993.0,단독다가구,2023
성북구,13500,종암동,,20230204,월세,19.8,5000,40,2017.0,단독다가구,2023
성북구,13900,석관동,,20230204,월세,19.8,3000,5,2022.0,단독다가구,2023
성북구,12500,안암동5가,,20230114,월세,25.0,2000,70,2023.0,단독다가구,2023
성북구,13300,정릉동,,20230110,월세,22.5,8000,10,1996.0,단독다가구,2023
성북구,13500,종암동,3.0,20231202,월세,59.98,10000,160,2011.0,아파트,2023
성북구,13800,장위동,5.0,20230211,월세,59.98,23500,30,2001.0,아파트,2023
성북구,12500,안암동5가,,20230110,월세,23.1,1000,55,1995.0,단독다가구,2023
성북구,13800,장위동,3.0,20230614,월세,39.9,9628,25,2021.0,아파트,2023
성북구,13300,정릉동,1.0,20230815,월세,59.77,10000,100,2006.0,아파트,2023
성북구,13500,종암동,-1.0,20230429,월세,36.45,1000,50,1986.0,연립다세대,2023
성북구,13500,종암동,2.0,20230514,월세,40.13,3000,110,2021.0,연립다세대,2023
성북구,13900,석관동,3.0,20230417,월세,84.9,3000,150,1998.0,아파트,2023
성북구,13900,석관동,4.0,20230331,월세,33.15,5000,49,2003.0,오피스텔,2023
성북구,13600,하월곡동,3.0,20230211,월세,59.86,11000,90,2003.0,아파트,2023
성북구,12500,안암동5가,,20230207,월세,33.0,3000,85,1994.0,단독다가구,2023
성북구,13600,하월곡동,7.0,20230211,월세,59.98,10000,120,2007.0,아파트,2023
성북구,13600,하월곡동,19.0,20230211,월세,59.98,30000,30,2007.0,아파트,2023
성북구,13600,하월곡동,7.0,20230211,월세,23.13,5000,105,2022.0,연립다세대,2023
성북구,13100,보문동2가,,20230225,월세,20.0,3000,30,1999.0,단독다가구,2023
성북구,13500,종암동,,20230222,월세,18.39,300,30,1997.0,단독다가구,2023
성북구,12100,안암동1가,,20230110,월세,29.7,1000,53,1995.0,단독다가구,2023
성북구,13300,정릉동,,20230114,월세,33.0,3000,100,2019.0,단독다가구,2023
성북구,12100,안암동1가,,20230204,월세,20.0,5000,45,2019.0,단독다가구,2023
성북구,12300,안암동3가,,20230204,월세,20.0,500,40,1990.0,단독다가구,2023
성북구,12100,안암동1가,,20230204,월세,20.0,500,45,1993.0,단독다가구,2023
성북구,13600,하월곡동,,20230204,월세,20.0,500,30,1993.0,단독다가구,2023
성북구,13700,상월곡동,,20230204,월세,20.0,10000,5,1987.0,단독다가구,2023
성북구,13100,보문동2가,,20230204,월세,20.0,2000,40,1999.0,단독다가구,2023
성북구,13500,종암동,,20230204,월세,20.0,1000,50,2018.0,단독다가구,2023
성북구,13700,상월곡동,,20230204,월세,20.0,500,40,1975.0,단독다가구,2023
성북구,13900,석관동,5.0,20230306,월세,59.67,22176,28,2021.0,연립다세대,2023
성북구,13300,정릉동,,20230222,월세,19.8,1000,50,2017.0,단독다가구,2023
성북구,13300,정릉동,,20230120,월세,20.0,1000,50,2017.0,단독다가구,2023
성북구,13900,석관동,,20230314,월세,44.37,5000,50,1991.0,단독다가구,2023
성북구,13500,종암동,3.0,20230505,월세,84.99,8000,180,2011.0,아파트,2023
성북구,13300,정릉동,,20230228,월세,15.0,1000,30,2021.0,단독다가구,2023
성북구,12800,보문동6가,,20230228,월세,15.0,500,50,1989.0,단독다가구,2023
성북구,13600,하월곡동,,20230110,월세,33.0,500,35,1992.0,단독다가구,2023
성북구,13600,하월곡동,,20230110,월세,33.0,1000,40,1994.0,단독다가구,2023
성북구,13300,정릉동,3.0,20231024,월세,59.42,14000,60,1999.0,아파트,2023
성북구,12500,안암동5가,,20230222,월세,20.0,8000,15,1996.0,단독다가구,2023
성북구,11700,동선동2가,,20230222,월세,20.0,500,47,1968.0,단독다가구,2023
성북구,13900,석관동,5.0,20230307,월세,54.07,2000,60,2014.0,연립다세대,2023
성북구,11200,삼선동2가,,20230225,월세,20.21,500,35,1990.0,단독다가구,2023
성북구,13900,석관동,,20230225,월세,21.0,3000,49,2021.0,단독다가구,2023
성북구,13300,정릉동,,20230213,월세,15.0,5000,30,2022.0,단독다가구,2023
성북구,13300,정릉동,,20230213,월세,15.0,1000,45,2022.0,단독다가구,2023
성북구,12500,안암동5가,,20230213,월세,15.0,1000,50,1995.0,단독다가구,2023
성북구,11700,동선동2가,,20230225,월세,21.0,2000,55,2014.0,단독다가구,2023
성북구,11800,동선동3가,,20230110,월세,33.4,5000,50,1996.0,단독다가구,2023
성북구,13300,정릉동,,20230207,월세,14.0,500,29,1997.0,단독다가구,2023
성북구,10300,돈암동,11.0,20230426,월세,59.84,5000,155,2014.0,아파트,2023
성북구,13300,정릉동,,20230117,월세,15.0,1000,30,2001.0,단독다가구,2023
성북구,11700,동선동2가,,20230120,월세,21.0,2000,53,2014.0,단독다가구,2023
성북구,13400,길음동,7.0,20230429,월세,84.64,5000,155,2005.0,아파트,2023
성북구,11300,삼선동3가,4.0,20231012,월세,29.95,3000,70,2015.0,연립다세대,2023
성북구,13500,종암동,,20230228,월세,16.0,200,45,2010.0,단독다가구,2023
성북구,13400,길음동,19.0,20230429,월세,60.0,5000,130,2003.0,아파트,2023
성북구,13400,길음동,8.0,20230321,월세,59.97,10000,160,2019.0,아파트,2023
성북구,13300,정릉동,,20230114,월세,40.0,1000,70,1986.0,단독다가구,2023
성북구,11100,삼선동1가,,20230114,월세,40.0,1000,60,1996.0,단독다가구,2023
성북구,11500,삼선동5가,,20230114,월세,40.0,1000,70,1994.0,단독다가구,2023
성북구,13700,상월곡동,,20230117,월세,16.0,1000,50,2017.0,단독다가구,2023
성북구,10900,동소문동6가,,20230117,월세,16.0,500,42,2002.0,단독다가구,2023
성북구,12100,안암동1가,,20230225,월세,21.8,2000,40,1994.0,단독다가구,2023
성북구,13900,석관동,,20230110,월세,38.0,2000,40,1996.0,단독다가구,2023
성북구,13500,종암동,1.0,20230127,월세,59.73,5000,130,2004.0,아파트,2023
성북구,12400,안암동4가,3.0,20230508,월세,47.58,5000,50,2022.0,연립다세대,2023
성북구,13500,종암동,,20230117,월세,16.5,500,45,2007.0,단독다가구,2023
성북구,10200,성북동1가,,20230110,월세,39.0,8000,28,2007.0,단독다가구,2023
성북구,13300,정릉동,,20230228,월세,16.5,4000,35,2022.0,단독다가구,2023
성북구,13300,정릉동,,20230228,월세,16.5,5000,35,2022.0,단독다가구,2023
성북구,13600,하월곡동,,20230413,월세,40.0,1000,40,1990.0,단독다가구,2023
성북구,12000,동선동5가,,20230225,월세,23.0,500,34,1995.0,단독다가구,2023
성북구,13900,석관동,,20230225,월세,23.0,400,29,1990.0,단독다가구,2023
성북구,10200,성북동1가,,20230225,월세,23.0,11000,24,2007.0,단독다가구,2023
성북구,11800,동선동3가,,20230210,월세,23.0,1000,60,2000.0,단독다가구,2023
성북구,13700,상월곡동,,20230216,월세,37.0,500,40,1993.0,단독다가구,2023
성북구,13500,종암동,,20230228,월세,16.52,300,50,1997.0,단독다가구,2023
성북구,13600,하월곡동,,20230117,월세,17.0,500,44,2015.0,단독다가구,2023
성북구,13300,정릉동,,20230117,월세,17.0,1000,40,2022.0,단독다가구,2023
성북구,12200,안암동2가,,20230222,월세,20.5,1000,55,2019.0,단독다가구,2023
성북구,10300,돈암동,1.0,20230211,월세,84.98,10000,140,2005.0,아파트,2023
성북구,13300,정릉동,,20230228,월세,17.0,1000,30,2019.0,단독다가구,2023
성북구,13500,종암동,,20230222,월세,21.0,1000,50,2005.0,단독다가구,2023
성북구,11000,동소문동7가,,20230222,월세,21.0,1000,60,2016.0,단독다가구,2023
성북구,12500,안암동5가,,20230225,월세,23.1,500,43,2001.0,단독다가구,2023
성북구,12800,보문동6가,,20230410,월세,39.87,1000,50,1996.0,단독다가구,2023
성북구,10900,동소문동6가,,20230410,월세,39.87,1000,50,,단독다가구,2023
성북구,11900,동선동4가,7.0,20230318,월세,28.23,23000,10,2017.0,연립다세대,2023
성북구,13500,종암동,,20230117,월세,18.0,500,50,2005.0,단독다가구,2023
성북구,13900,석관동,,20230117,월세,18.0,500,45,2012.0,단독다가구,2023
성북구,13500,종암동,,20230117,월세,18.0,500,37,1997.0,단독다가구,2023
성북구,13900,석관동,3.0,20230417,월세,30.0,4804,9,2009.0,아파트,2023
성북구,13500,종암동,3.0,20230417,월세,59.97,10000,128,2009.0,아파트,2023
성북구,12700,보문동5가,,20230114,월세,46.7,5000,70,1993.0,단독다가구,2023
성북구,13500,종암동,,20230228,월세,17.23,500,45,2007.0,단독다가구,2023
성북구,13900,석관동,,20230225,월세,24.0,2000,26,2003.0,단독다가구,2023
성북구,10300,돈암동,12.0,20230324,월세,59.79,4200,83,1998.0,아파트,2023
성북구,12500,안암동5가,,20230228,월세,18.0,2000,78,2002.0,단독다가구,2023
성북구,13300,정릉동,,20230228,월세,18.0,500,45,2011.0,단독다가구,2023
성북구,13300,정릉동,3.0,20230607,월세,12.85,2000,65,2022.0,아파트,2023
성북구,11700,동선동2가,,20230114,월세,49.5,2000,80,1995.0,단독다가구,2023
성북구,12600,보문동4가,,20230120,월세,28.0,2500,25,1994.0,단독다가구,2023
성북구,13900,석관동,3.0,20230417,월세,59.96,6678,10,2019.0,아파트,2023
성북구,13300,정릉동,,20230110,월세,45.0,1000,80,1997.0,단독다가구,2023
성북구,13800,장위동,3.0,20230211,월세,33.45,5000,35,2002.0,연립다세대,2023
성북구,13800,장위동,27.0,20230321,월세,84.94,30000,80,2020.0,아파트,2023
성북구,10300,돈암동,10.0,20230502,월세,80.54,5000,150,2003.0,아파트,2023
성북구,13300,정릉동,,20230120,월세,30.0,100,30,1994.0,단독다가구,2023
성북구,13300,정릉동,2.0,20230502,월세,38.97,500,35,1991.0,연립다세대,2023
성북구,12900,보문동7가,,20230114,월세,53.2,10000,30,1990.0,단독다가구,2023
성북구,13100,보문동2가,4.0,20230715,월세,31.12,2000,70,2002.0,연립다세대,2023
성북구,13900,석관동,4.0,20231214,월세,30.0,2478,24,2009.0,아파트,2023
성북구,12100,안암동1가,,20230110,월세,47.88,2000,80,1993.0,단독다가구,2023
성북구,12500,안암동5가,,20230117,월세,19.0,1000,47,1991.0,단독다가구,2023
성북구,12700,보문동5가,,20230717,월세,40.28,1000,60,1993.0,단독다가구,2023
성북구,13800,장위동,8.0,20230321,월세,39.9,9628,25,2021.0,아파트,2023
성북구,11300,삼선동3가,2.0,20230502,월세,53.68,5000,100,1998.0,연립다세대,2023
성북구,13300,정릉동,6.0,20230810,월세,28.11,2000,75,2019.0,연립다세대,2023
성북구,11800,동선동3가,,20230110,월세,50.52,1000,95,1997.0,단독다가구,2023
성북구,13300,정릉동,2.0,20230306,월세,59.9,5000,90,1999.0,아파트,2023
성북구,13400,길음동,,20230420,월세,32.0,200,25,1993.0,단독다가구,2023
성북구,13300,정릉동,5.0,20230127,월세,49.3,5000,50,2007.0,연립다세대,2023
성북구,13900,석관동,3.0,20230202,월세,29.72,4000,60,2013.0,연립다세대,2023
성북구,10100,성북동,,20230120,월세,33.0,1000,46,1993.0,단독다가구,2023
성북구,13100,보문동2가,,20230117,월세,20.0,1000,50,2018.0,단독다가구,2023
성북구,13900,석관동,,20230114,월세,69.06,4000,70,1975.0,단독다가구,2023
성북구,13100,보문동2가,,20230303,월세,20.0,3000,32,1999.0,단독다가구,2023
성북구,13800,장위동,,20230110,월세,57.64,5000,50,1993.0,단독다가구,2023
성북구,11700,동선동2가,,20230303,월세,20.0,1000,50,2017.0,단독다가구,2023
성북구,11200,삼선동2가,,20230114,월세,74.93,4000,75,1992.0,단독다가구,2023
성북구,11300,삼선동3가,9.0,20230331,월세,59.96,8000,130,2012.0,아파트,2023
성북구,13300,정릉동,2.0,20230321,월세,36.9,500,30,1988.0,연립다세대,2023
성북구,13300,정릉동,,20230219,월세,41.88,1000,60,1993.0,단독다가구,2023
성북구,11700,동선동2가,,20230114,월세,90.0,2000,154,2003.0,단독다가구,2023
성북구,10200,성북동1가,,20230210,월세,24.7,1000,50,1997.0,단독다가구,2023
성북구,11400,삼선동4가,,20230210,월세,24.79,1000,50,2001.0,단독다가구,2023
성북구,13800,장위동,4.0,20230907,월세,27.95,14000,15,2021.0,연립다세대,2023
성북구,13500,종암동,2.0,20230408,월세,49.22,2000,50,1995.0,연립다세대,2023
성북구,10800,동소문동5가,11.0,20230208,월세,14.02,1000,82,2018.0,아파트,2023
성북구,10200,성북동1가,1.0,20230223,월세,19.38,5000,25,2013.0,연립다세대,2023
성북구,11700,동선동2가,,20230118,월세,24.0,1000,55,1996.0,단독다가구,2023
성북구,13600,하월곡동,,20230225,월세,29.0,500,25,1991.0,단독다가구,2023
성북구,12900,보문동7가,,20230228,월세,20.0,500,45,2019.0,단독다가구,2023
성북구,13900,석관동,,20230228,월세,20.0,1000,50,2018.0,단독다가구,2023
성북구,12400,안암동4가,5.0,20230310,월세,50.68,1000,60,1969.0,아파트,2023
성북구,13300,정릉동,,20230118,월세,25.0,3000,65,2000.0,단독다가구,2023
성북구,13300,정릉동,3.0,20230214,월세,29.03,1000,60,2013.0,연립다세대,2023
성북구,13500,종암동,,20230213,월세,17.0,500,50,2016.0,단독다가구,2023
성북구,13900,석관동,,20230225,월세,30.0,300,30,1998.0,단독다가구,2023
성북구,13500,종암동,1.0,20230211,월세,133.98,200,72,1984.0,연립다세대,2023
성북구,13900,석관동,4.0,20230330,월세,33.15,5000,49,2003.0,오피스텔,2023
성북구,13500,종암동,,20230118,월세,26.0,500,45,1996.0,단독다가구,2023
성북구,13300,정릉동,,20230118,월세,26.0,1000,30,2000.0,단독다가구,2023
성북구,13400,길음동,22.0,20230518,월세,84.9,20000,190,2019.0,아파트,2023
성북구,13300,정릉동,8.0,20230420,월세,84.87,10000,100,1999.0,아파트,2023
성북구,13400,길음동,8.0,20230420,월세,68.14,10000,75,1988.0,아파트,2023
성북구,13400,길음동,7.0,20230420,월세,60.0,17000,60,2003.0,아파트,2023
성북구,10300,돈암동,3.0,20230420,월세,59.5,5000,150,2014.0,아파트,2023
성북구,13500,종암동,6.0,20230220,월세,84.73,10000,170,2005.0,아파트,2023
성북구,10300,돈암동,15.0,20230821,월세,59.99,0,60,2004.0,아파트,2023
성북구,13900,석관동,,20230210,월세,25.2,1000,45,2010.0,단독다가구,2023
성북구,13600,하월곡동,9.0,20230202,월세,59.86,12000,100,2003.0,아파트,2023
성북구,10200,성북동1가,,20230121,월세,29.7,10000,100,2022.0,단독다가구,2023
성북구,10400,동소문동1가,,20230222,월세,27.45,10000,10,1997.0,단독다가구,2023
성북구,13900,석관동,6.0,20230318,월세,33.15,10000,20,2003.0,오피스텔,2023
성북구,13800,장위동,8.0,20230420,월세,39.0,10609,38,2022.0,아파트,2023
성북구,13300,정릉동,5.0,20230130,월세,29.92,1000,65,2013.0,연립다세대,2023
성북구,13800,장위동,4.0,20230211,월세,84.98,20000,100,2006.0,아파트,2023
성북구,13600,하월곡동,12.0,20230127,월세,114.75,30000,110,2003.0,아파트,2023
성북구,13600,하월곡동,11.0,20230217,월세,84.88,30000,60,2007.0,아파트,2023
성북구,10900,동소문동6가,10.0,20230714,월세,14.18,18000,7,2012.0,아파트,2023
성북구,13500,종암동,4.0,20230226,월세,18.87,1000,40,2011.0,연립다세대,2023
성북구,13700,상월곡동,,20230115,월세,51.84,1000,70,,단독다가구,2023
성북구,13000,보문동1가,,20230115,월세,51.84,20000,15,1990.0,단독다가구,2023
성북구,11700,동선동2가,,20230222,월세,29.7,700,75,1990.0,단독다가구,2023
성북구,13500,종암동,1.0,20230927,월세,114.98,20000,120,2004.0,아파트,2023
성북구,12000,동선동5가,,20230124,월세,20.0,1000,45,2003.0,단독다가구,2023
성북구,11800,동선동3가,,20230222,월세,30.0,1000,60,1998.0,단독다가구,2023
성북구,13900,석관동,,20230219,월세,46.19,3000,53,1992.0,단독다가구,2023
성북구,11900,동선동4가,4.0,20230531,월세,15.3,5000,42,2012.0,연립다세대,2023
성북구,10200,성북동1가,,20230225,월세,32.0,1000,60,1994.0,단독다가구,2023
성북구,10700,동소문동4가,,20230303,월세,23.14,2000,40,2001.0,단독다가구,2023
성북구,13600,하월곡동,,20230118,월세,33.0,1000,40,1994.0,단독다가구,2023
성북구,13800,장위동,4.0,20231214,월세,36.14,11750,31,2020.0,아파트,2023
성북구,13800,장위동,4.0,20231214,월세,36.14,8787,24,2020.0,아파트,2023
성북구,11900,동선동4가,4.0,20230729,월세,22.69,1000,65,2011.0,오피스텔,2023
성북구,13800,장위동,4.0,20230726,월세,24.23,3000,100,2022.0,연립다세대,2023
성북구,10100,성북동,1.0,20230325,월세,67.64,200,720,1997.0,연립다세대,2023
성북구,13400,길음동,10.0,20230508,월세,38.02,2733,14,2022.0,아파트,2023
성북구,11500,삼선동5가,,20230112,월세,69.0,2000,90,1998.0,단독다가구,2023
성북구,13700,상월곡동,2.0,20230205,월세,13.54,500,35,2012.0,연립다세대,2023
성북구,13400,길음동,18.0,20230511,월세,59.78,35000,70,2022.0,아파트,2023
성북구,13300,정릉동,5.0,20230408,월세,60.08,18700,20,2008.0,연립다세대,2023
성북구,12600,보문동4가,,20230228,월세,22.62,4000,30,1994.0,단독다가구,2023
성북구,10300,돈암동,15.0,20230627,월세,114.89,5000,200,2004.0,아파트,2023
성북구,13300,정릉동,,20230228,월세,23.0,5000,35,2022.0,단독다가구,2023
성북구,13900,석관동,,20230228,월세,23.0,500,30,2000.0,단독다가구,2023
성북구,13500,종암동,,20230207,월세,18.0,300,29,2003.0,단독다가구,2023
성북구,11100,삼선동1가,,20230115,월세,79.5,12000,30,2002.0,단독다가구,2023
성북구,10900,동소문동6가,15.0,20230208,월세,14.01,1000,78,2015.0,아파트,2023
성북구,11300,삼선동3가,8.0,20230405,월세,84.94,20000,150,2012.0,아파트,2023
성북구,13900,석관동,4.0,20230614,월세,56.59,4883,18,2018.0,연립다세대,2023
성북구,13300,정릉동,,20230207,월세,18.0,500,40,2023.0,단독다가구,2023
성북구,13400,길음동,,20230117,월세,40.0,500,60,1996.0,단독다가구,2023
성북구,13600,하월곡동,,20230117,월세,40.0,4000,50,2011.0,단독다가구,2023
성북구,11800,동선동3가,,20230204,월세,21.0,500,40,2002.0,단독다가구,2023
성북구,13500,종암동,8.0,20230318,월세,114.98,10000,150,2004.0,아파트,2023
성북구,11100,삼선동1가,,20230303,월세,25.0,200,30,1985.0,단독다가구,2023
성북구,13500,종암동,2.0,20230408,월세,84.95,28000,55,2004.0,아파트,2023
성북구,13300,정릉동,4.0,20230205,월세,24.35,1000,60,2013.0,연립다세대,2023
성북구,13600,하월곡동,,20230216,월세,45.0,5000,35,1993.0,단독다가구,2023
성북구,11100,삼선동1가,4.0,20230217,월세,60.65,0,55,2008.0,연립다세대,2023
성북구,13300,정릉동,11.0,20230202,월세,59.88,5000,120,2005.0,아파트,2023
성북구,13800,장위동,9.0,20230127,월세,39.34,4196,4,2006.0,아파트,2023
성북구,13300,정릉동,6.0,20230304,월세,54.08,5000,65,2016.0,연립다세대,2023
성북구,13500,종암동,17.0,20230521,월세,59.97,4200,105,2009.0,아파트,2023
성북구,13300,정릉동,,20230225,월세,34.0,2500,25,1995.0,단독다가구,2023
성북구,11500,삼선동5가,,20230210,월세,30.0,1000,50,1997.0,단독다가구,2023
성북구,11300,삼선동3가,,20230210,월세,30.0,2000,65,1983.0,단독다가구,2023
성북구,10300,돈암동,1.0,20230429,월세,59.4,10000,65,1999.0,아파트,2023
성북구,13400,길음동,4.0,20230624,월세,42.57,2000,64,1988.0,연립다세대,2023
성북구,10100,성북동,2.0,20230517,월세,33.96,3000,40,1992.0,연립다세대,2023
성북구,12100,안암동1가,14.0,20230312,월세,84.87,15000,160,2005.0,아파트,2023
성북구,12800,보문동6가,5.0,20230729,월세,45.81,10000,150,2017.0,아파트,2023
성북구,12200,안암동2가,,20230225,월세,34.96,300,43,1993.0,단독다가구,2023
성북구,10300,돈암동,1.0,20230812,월세,59.58,11000,60,1998.0,아파트,2023
성북구,13500,종암동,17.0,20231130,월세,84.95,30000,67,2004.0,아파트,2023
성북구,12500,안암동5가,5.0,20231127,월세,16.41,1000,70,2019.0,연립다세대,2023
성북구,11300,삼선동3가,4.0,20230327,월세,35.58,4118,8,2008.0,아파트,2023
성북구,13300,정릉동,,20230228,월세,26.4,500,50,1970.0,단독다가구,2023
성북구,13800,장위동,12.0,20230130,월세,49.33,5934,15,2006.0,아파트,2023
성북구,13800,장위동,11.0,20230217,월세,39.65,3000,120,2022.0,아파트,2023
성북구,13300,정릉동,2.0,20230420,월세,73.88,3000,95,1980.0,연립다세대,2023
성북구,13300,정릉동,3.0,20230130,월세,56.64,1000,70,1990.0,연립다세대,2023
성북구,11100,삼선동1가,,20230222,월세,33.8,1000,60,1990.0,단독다가구,2023
성북구,13300,정릉동,9.0,20230130,월세,32.76,1559,14,2005.0,아파트,2023
성북구,12300,안암동3가,,20230228,월세,27.0,300,30,1990.0,단독다가구,2023
성북구,13100,보문동2가,4.0,20230802,월세,23.05,2000,55,2009.0,연립다세대,2023
성북구,13700,상월곡동,7.0,20230429,월세,59.95,12000,70,2003.0,아파트,2023
성북구,13300,정릉동,14.0,20230217,월세,84.09,5000,150,2005.0,아파트,2023
성북구,13400,길음동,19.0,20230518,월세,84.93,39000,50,2019.0,아파트,2023
성북구,11700,동선동2가,,20230225,월세,36.32,10000,35,2016.0,단독다가구,2023
성북구,13500,종암동,2.0,20230220,월세,50.58,13000,10,1995.0,연립다세대,2023
성북구,12500,안암동5가,,20230222,월세,35.0,1000,100,2002.0,단독다가구,2023
성북구,11500,삼선동5가,3.0,20230815,월세,49.02,8000,80,1995.0,연립다세대,2023
성북구,10300,돈암동,2.0,20231009,월세,114.93,40000,65,1998.0,아파트,2023
성북구,13600,하월곡동,,20230225,월세,38.04,500,25,1991.0,단독다가구,2023
성북구,13200,보문동3가,5.0,20230309,월세,59.66,10000,130,2013.0,아파트,2023
성북구,12500,안암동5가,,20230120,월세,59.25,100,86,1992.0,단독다가구,2023
성북구,13300,정릉동,5.0,20230306,월세,58.65,1000,60,2012.0,연립다세대,2023
성북구,13500,종암동,5.0,20230328,월세,84.95,10000,150,2004.0,아파트,2023
성북구,12800,보문동6가,,20230202,월세,57.87,2000,70,1993.0,단독다가구,2023
성북구,11200,삼선동2가,,20230118,월세,36.89,1000,35,1996.0,단독다가구,2023
성북구,13600,하월곡동,12.0,20230327,월세,15.62,1000,53,2013.0,아파트,2023
성북구,10300,돈암동,5.0,20230309,월세,84.98,36000,20,2005.0,아파트,2023
성북구,13300,정릉동,5.0,20230130,월세,84.68,32000,50,2005.0,아파트,2023
성북구,13300,정릉동,,20230118,월세,38.0,2000,80,1996.0,단독다가구,2023
성북구,13300,정릉동,11.0,20230823,월세,84.99,10000,100,2000.0,아파트,2023
성북구,13500,종암동,,20230213,월세,20.0,100,40,2001.0,단독다가구,2023
성북구,13600,하월곡동,,20230213,월세,20.0,1000,55,2012.0,단독다가구,2023
성북구,10100,성북동,,20230118,월세,38.3,1000,50,1990.0,단독다가구,2023
성북구,13900,석관동,1.0,20230913,월세,115.43,32000,70,2011.0,아파트,2023
성북구,13300,정릉동,-1.0,20230202,월세,66.24,2000,75,1994.0,연립다세대,2023
성북구,12000,동선동5가,,20230118,월세,38.65,5000,75,1993.0,단독다가구,2023
성북구,11500,삼선동5가,,20230225,월세,39.67,3000,80,,단독다가구,2023
성북구,13700,상월곡동,,20230118,월세,40.0,3000,28,1977.0,단독다가구,2023
성북구,10900,동소문동6가,,20230207,월세,19.8,5000,33,2018.0,단독다가구,2023
성북구,10800,동소문동5가,13.0,20230315,월세,14.09,17000,15,2018.0,아파트,2023
성북구,13700,상월곡동,,20230321,월세,78.58,3000,85,1992.0,단독다가구,2023
성북구,13300,정릉동,3.0,20230821,월세,42.82,3521,8,2016.0,연립다세대,2023
성북구,10300,돈암동,13.0,20230420,월세,84.39,5000,120,1991.0,아파트,2023
성북구,12100,안암동1가,4.0,20230315,월세,48.84,12000,5,2001.0,연립다세대,2023
성북구,12100,안암동1가,,20230222,월세,43.6,2000,45,1994.0,단독다가구,2023
성북구,10300,돈암동,,20230213,월세,21.0,1000,48,1994.0,단독다가구,2023
성북구,13900,석관동,,20230213,월세,21.0,1000,40,2010.0,단독다가구,2023
성북구,11100,삼선동1가,,20230403,월세,65.37,22000,31,1998.0,단독다가구,2023
성북구,12700,보문동5가,,20230225,월세,48.36,1500,40,1993.0,단독다가구,2023
성북구,13500,종암동,8.0,20230403,월세,26.44,1000,120,2018.0,연립다세대,2023
성북구,13600,하월곡동,14.0,20230331,월세,15.62,1000,60,2013.0,아파트,2023
성북구,13600,하월곡동,9.0,20230331,월세,15.62,1000,55,2013.0,아파트,2023
성북구,13600,하월곡동,8.0,20230220,월세,23.13,5000,110,2022.0,연립다세대,2023
성북구,13300,정릉동,6.0,20230205,월세,84.09,30000,50,2005.0,아파트,2023
성북구,13100,보문동2가,4.0,20231103,월세,20.08,3000,70,2015.0,연립다세대,2023
성북구,13800,장위동,20.0,20230605,월세,59.92,10000,150,2021.0,아파트,2023
성북구,13600,하월곡동,16.0,20230306,월세,59.86,5000,100,2003.0,아파트,2023
성북구,11500,삼선동5가,,20230118,월세,50.0,5000,84,2015.0,단독다가구,2023
성북구,13400,길음동,6.0,20230426,월세,84.9,23000,160,2019.0,아파트,2023
성북구,13300,정릉동,2.0,20230309,월세,59.9,5000,50,1999.0,아파트,2023
성북구,13600,하월곡동,,20230118,월세,51.15,12000,15,1999.0,단독다가구,2023
성북구,11100,삼선동1가,1.0,20230915,월세,27.69,20000,10,2015.0,연립다세대,2023
성북구,12900,보문동7가,5.0,20230306,월세,46.56,21280,26,2021.0,연립다세대,2023
성북구,12900,보문동7가,,20230411,월세,39.0,1000,75,2010.0,단독다가구,2023
성북구,10300,돈암동,,20230225,월세,49.49,2000,70,1960.0,단독다가구,2023
성북구,13400,길음동,20.0,20230504,월세,59.9,10000,170,2019.0,아파트,2023
성북구,13400,길음동,18.0,20231118,월세,59.99,37000,25,2005.0,아파트,2023
성북구,10900,동소문동6가,10.0,20230127,월세,12.7,7000,20,2013.0,아파트,2023
성북구,13400,길음동,6.0,20231118,월세,59.86,5000,150,2005.0,아파트,2023
성북구,13700,상월곡동,1.0,20230513,월세,55.82,4000,60,2002.0,연립다세대,2023
성북구,13500,종암동,,20230118,월세,66.0,5000,50,1996.0,단독다가구,2023
성북구,13500,종암동,,20230118,월세,73.57,5000,100,2002.0,단독다가구,2023
성북구,13300,정릉동,2.0,20230629,월세,79.05,100,50,1991.0,연립다세대,2023
성북구,11600,동선동1가,5.0,20230325,월세,14.08,1000,60,2014.0,연립다세대,2023
성북구,10300,돈암동,6.0,20230127,월세,68.13,14000,80,1998.0,아파트,2023
성북구,13500,종암동,13.0,20230426,월세,59.97,10000,120,2009.0,아파트,2023
성북구,13900,석관동,3.0,20230318,월세,59.9,5000,150,2009.0,아파트,2023
성북구,13800,장위동,,20230225,월세,50.0,3000,35,1994.0,단독다가구,2023
성북구,13400,길음동,2.0,20231214,월세,59.89,15655,28,2019.0,아파트,2023
성북구,13400,길음동,4.0,20231214,월세,59.93,12052,28,2019.0,아파트,2023
성북구,13400,길음동,5.0,20231214,월세,59.93,9756,39,2019.0,아파트,2023
성북구,13400,길음동,8.0,20231214,월세,59.93,16630,32,2019.0,아파트,2023
성북구,13400,길음동,15.0,20231214,월세,59.93,13516,21,2019.0,아파트,2023
성북구,13400,길음동,14.0,20231214,월세,59.93,13516,21,2019.0,아파트,2023
성북구,13400,길음동,20.0,20231214,월세,59.93,13516,21,2019.0,아파트,2023
성북구,13400,길음동,3.0,20231214,월세,59.93,9756,39,2019.0,아파트,2023
성북구,13400,길음동,2.0,20231214,월세,59.93,9756,39,2019.0,아파트,2023
성북구,13400,길음동,12.0,20231214,월세,59.93,13516,21,2019.0,아파트,2023
성북구,13300,정릉동,8.0,20231115,월세,59.59,4000,100,1999.0,아파트,2023
성북구,13400,길음동,7.0,20230629,월세,111.71,30000,50,1998.0,아파트,2023
성북구,13400,길음동,1.0,20231214,월세,59.93,13516,21,2019.0,아파트,2023
성북구,13400,길음동,6.0,20231214,월세,59.93,13516,21,2019.0,아파트,2023
성북구,13400,길음동,16.0,20231214,월세,59.93,13516,21,2019.0,아파트,2023
성북구,13400,길음동,2.0,20231214,월세,59.93,13516,21,2019.0,아파트,2023
성북구,13400,길음동,11.0,20231214,월세,59.93,16442,33,2019.0,아파트,2023
성북구,13400,길음동,3.0,20231214,월세,59.93,13516,21,2019.0,아파트,2023
성북구,10900,동소문동6가,6.0,20230130,월세,12.7,5000,42,2013.0,아파트,2023
성북구,13800,장위동,4.0,20231130,월세,30.76,3000,50,2002.0,연립다세대,2023
성북구,13400,길음동,15.0,20231214,월세,59.97,13516,21,2019.0,아파트,2023
성북구,13400,길음동,3.0,20231214,월세,59.97,13516,21,2019.0,아파트,2023
성북구,12800,보문동6가,14.0,20230415,월세,59.87,40000,23,2017.0,아파트,2023
성북구,13400,길음동,15.0,20230729,월세,59.94,5000,100,1998.0,아파트,2023
성북구,13400,길음동,1.0,20230802,월세,111.71,7000,150,1998.0,아파트,2023
성북구,13800,장위동,3.0,20230624,월세,26.7,3000,45,2002.0,연립다세대,2023
성북구,13800,장위동,1.0,20230220,월세,49.33,1792,24,2006.0,아파트,2023
성북구,13500,종암동,2.0,20231202,월세,14.93,300,34,2010.0,연립다세대,2023
성북구,10300,돈암동,19.0,20230130,월세,68.13,5000,110,1998.0,아파트,2023
성북구,10900,동소문동6가,9.0,20230412,월세,14.18,10000,47,2012.0,아파트,2023
성북구,13300,정릉동,8.0,20230223,월세,59.37,25000,60,2009.0,아파트,2023
성북구,11100,삼선동1가,1.0,20230226,월세,79.02,0,55,2008.0,연립다세대,2023
성북구,12600,보문동4가,2.0,20230623,월세,21.77,15000,3,1972.0,오피스텔,2023
성북구,13900,석관동,7.0,20230415,월세,33.15,10000,20,2003.0,오피스텔,2023
성북구,13800,장위동,5.0,20230223,월세,29.93,16000,70,2022.0,연립다세대,2023
성북구,13800,장위동,2.0,20230301,월세,40.51,5000,50,2003.0,연립다세대,2023
성북구,10100,성북동,,20231009,월세,34.0,500,60,2007.0,단독다가구,2023
성북구,13500,종암동,11.0,20230406,월세,84.95,5000,150,2004.0,아파트,2023
성북구,13800,장위동,6.0,20231115,월세,39.0,12737,33,2022.0,아파트,2023
성북구,13800,장위동,6.0,20231115,월세,39.0,11109,41,2022.0,아파트,2023
성북구,13800,장위동,9.0,20231115,월세,40.47,11404,42,2022.0,아파트,2023
성북구,13900,석관동,,20230207,월세,34.0,2000,40,1995.0,단독다가구,2023
성북구,13800,장위동,9.0,20231115,월세,40.47,13076,33,2022.0,아파트,2023
성북구,11800,동선동3가,,20230213,월세,23.0,1000,60,1973.0,단독다가구,2023
성북구,13600,하월곡동,12.0,20230301,월세,84.84,3066,129,2003.0,아파트,2023
성북구,13600,하월곡동,12.0,20230301,월세,114.75,5000,150,2003.0,아파트,2023
성북구,13800,장위동,11.0,20230721,월세,14.71,1000,60,2019.0,아파트,2023
성북구,13800,장위동,25.0,20231115,월세,84.48,10000,210,2022.0,아파트,2023
성북구,11100,삼선동1가,,20230211,월세,15.0,500,38,1994.0,단독다가구,2023
성북구,13300,정릉동,,20230211,월세,15.0,5000,30,2017.0,단독다가구,2023
성북구,13600,하월곡동,,20230211,월세,15.0,500,45,2010.0,단독다가구,2023
성북구,13900,석관동,4.0,20230513,월세,15.4,2000,35,2012.0,연립다세대,2023
성북구,13300,정릉동,3.0,20230627,월세,114.08,20000,120,2009.0,아파트,2023
성북구,11700,동선동2가,,20230211,월세,15.2,1000,53,2018.0,단독다가구,2023
성북구,13400,길음동,26.0,20230605,월세,59.78,35000,90,2022.0,아파트,2023
성북구,13500,종암동,1.0,20230331,월세,40.95,13000,8,1988.0,연립다세대,2023
성북구,13300,정릉동,,20230211,월세,16.0,1000,40,2018.0,단독다가구,2023
성북구,13600,하월곡동,7.0,20230604,월세,84.91,25000,40,2011.0,아파트,2023
성북구,13300,정릉동,11.0,20230627,월세,114.75,24100,80,2005.0,아파트,2023
성북구,13600,하월곡동,4.0,20230429,월세,59.75,38000,11,2006.0,아파트,2023
성북구,13800,장위동,9.0,20230426,월세,59.92,10000,120,2021.0,아파트,2023
성북구,10300,돈암동,12.0,20230208,월세,84.97,25000,80,2004.0,아파트,2023
성북구,10300,돈암동,16.0,20230208,월세,114.89,10000,165,2004.0,아파트,2023
성북구,13300,정릉동,,20230211,월세,16.5,1000,40,2018.0,단독다가구,2023
성북구,13400,길음동,26.0,20230510,월세,59.9,30000,80,2019.0,아파트,2023
성북구,13400,길음동,17.0,20230510,월세,59.99,10000,150,2019.0,아파트,2023
성북구,13400,길음동,7.0,20230513,월세,59.97,45000,35,2019.0,아파트,2023
성북구,13500,종암동,17.0,20230415,월세,59.99,5000,130,2004.0,아파트,2023
성북구,11800,동선동3가,,20230211,월세,16.52,500,35,1993.0,단독다가구,2023
성북구,11600,동선동1가,8.0,20230608,월세,12.17,3000,48,2014.0,연립다세대,2023
성북구,11900,동선동4가,8.0,20230608,월세,14.02,5000,50,2017.0,연립다세대,2023
성북구,10300,돈암동,21.0,20230610,월세,59.5,5000,155,2014.0,아파트,2023
성북구,13400,길음동,,20230127,월세,11.24,500,45,2011.0,단독다가구,2023
성북구,13300,정릉동,2.0,20230208,월세,57.25,800,120,1979.0,연립다세대,2023
성북구,13500,종암동,8.0,20230802,월세,59.99,2000,123,2004.0,아파트,2023
성북구,13500,종암동,12.0,20230729,월세,59.99,7000,110,2004.0,아파트,2023
성북구,11100,삼선동1가,3.0,20230301,월세,73.32,0,55,2008.0,연립다세대,2023
성북구,11100,삼선동1가,1.0,20230301,월세,79.02,0,55,2008.0,연립다세대,2023
성북구,11300,삼선동3가,,20230127,월세,13.23,300,36,1983.0,단독다가구,2023
성북구,13300,정릉동,,20230211,월세,18.0,1000,40,2013.0,단독다가구,2023
성북구,10300,돈암동,3.0,20230217,월세,84.87,10000,135,1998.0,아파트,2023
성북구,13500,종암동,,20230127,월세,15.0,500,65,2010.0,단독다가구,2023
성북구,13300,정릉동,,20230127,월세,15.0,1000,50,2018.0,단독다가구,2023
성북구,12300,안암동3가,,20230127,월세,15.0,2000,40,2010.0,단독다가구,2023
성북구,13400,길음동,9.0,20230607,월세,33.28,2847,24,2010.0,아파트,2023
성북구,10300,돈암동,15.0,20230214,월세,68.13,5000,105,1998.0,아파트,2023
성북구,11000,동소문동7가,15.0,20230705,월세,84.96,20000,190,2010.0,아파트,2023
성북구,13300,정릉동,,20230202,월세,15.0,500,45,2019.0,단독다가구,2023
성북구,13300,정릉동,,20230202,월세,15.0,500,40,2017.0,단독다가구,2023
성북구,13300,정릉동,,20230202,월세,15.0,1000,45,2017.0,단독다가구,2023
성북구,10700,동소문동4가,,20230211,월세,18.18,1000,45,,단독다가구,2023
성북구,13300,정릉동,,20230812,월세,15.0,1000,45,2014.0,단독다가구,2023
성북구,13300,정릉동,,20230812,월세,15.0,1000,50,2019.0,단독다가구,2023
성북구,13300,정릉동,,20230812,월세,15.0,500,60,2018.0,단독다가구,2023
성북구,13500,종암동,,20230127,월세,16.5,500,45,2007.0,단독다가구,2023
성북구,13300,정릉동,,20230127,월세,16.5,1000,50,2019.0,단독다가구,2023
성북구,13300,정릉동,10.0,20230607,월세,114.63,34000,25,1999.0,아파트,2023
성북구,13900,석관동,11.0,20230510,월세,59.96,10000,150,2019.0,아파트,2023
성북구,13400,길음동,3.0,20231121,월세,84.96,58000,8,2006.0,아파트,2023
성북구,13400,길음동,16.0,20230607,월세,114.91,3000,150,2003.0,아파트,2023
성북구,10300,돈암동,12.0,20230607,월세,34.35,2492,14,2014.0,아파트,2023
성북구,10300,돈암동,20.0,20230607,월세,34.35,2492,14,2014.0,아파트,2023
성북구,10300,돈암동,2.0,20230607,월세,34.61,2525,14,2014.0,아파트,2023
성북구,13300,정릉동,2.0,20230208,월세,59.37,3000,133,2009.0,아파트,2023
성북구,13300,정릉동,8.0,20230208,월세,114.96,10000,200,2009.0,아파트,2023
성북구,13700,상월곡동,,20230211,월세,19.0,4000,30,2016.0,단독다가구,2023
성북구,13300,정릉동,,20230211,월세,19.0,1000,40,2018.0,단독다가구,2023
성북구,13300,정릉동,20.0,20230208,월세,60.0,10000,110,2005.0,아파트,2023
성북구,13300,정릉동,1.0,20230208,월세,36.33,14146,17,2020.0,연립다세대,2023
성북구,13300,정릉동,1.0,20230208,월세,36.33,10676,35,2020.0,연립다세대,2023
성북구,13300,정릉동,,20230127,월세,17.0,1000,50,2020.0,단독다가구,2023
성북구,12500,안암동5가,,20230127,월세,17.0,500,43,1984.0,단독다가구,2023
성북구,13300,정릉동,4.0,20230304,월세,59.88,6000,80,2005.0,아파트,2023
성북구,13300,정릉동,13.0,20230304,월세,59.88,6000,80,2005.0,아파트,2023
성북구,13800,장위동,15.0,20230510,월세,36.14,10311,38,2020.0,아파트,2023
성북구,13800,장위동,15.0,20230510,월세,36.14,11823,30,2020.0,아파트,2023
성북구,13300,정릉동,2.0,20230304,월세,33.03,2000,50,2015.0,오피스텔,2023
성북구,13300,정릉동,,20230130,월세,12.0,1000,42,2018.0,단독다가구,2023
성북구,11500,삼선동5가,,20230211,월세,19.8,1000,50,2016.0,단독다가구,2023
성북구,13300,정릉동,,20230127,월세,18.0,500,40,2023.0,단독다가구,2023
성북구,13700,상월곡동,,20230127,월세,18.0,1000,50,2018.0,단독다가구,2023
성북구,13500,종암동,,20230130,월세,13.0,3000,30,2010.0,단독다가구,2023
성북구,10400,동소문동1가,,20230428,월세,21.0,1000,40,1991.0,단독다가구,2023
성북구,11900,동선동4가,,20230202,월세,16.5,1000,60,2019.0,단독다가구,2023
성북구,13500,종암동,,20230202,월세,16.5,500,47,2017.0,단독다가구,2023
성북구,13500,종암동,,20230202,월세,16.5,500,55,2012.0,단독다가구,2023
성북구,12500,안암동5가,,20230202,월세,16.5,500,57,1994.0,단독다가구,2023
성북구,13500,종암동,15.0,20230208,월세,84.72,20000,100,1999.0,아파트,2023
성북구,13800,장위동,7.0,20230510,월세,84.97,5000,180,2021.0,아파트,2023
성북구,12200,안암동2가,,20230211,월세,20.0,1000,45,2010.0,단독다가구,2023
성북구,13500,종암동,,20230211,월세,20.0,500,65,2021.0,단독다가구,2023
성북구,11200,삼선동2가,,20230211,월세,20.0,500,53,2019.0,단독다가구,2023
성북구,11600,동선동1가,,20230211,월세,20.0,1000,50,2010.0,단독다가구,2023
성북구,13300,정릉동,,20230130,월세,15.0,1000,50,,단독다가구,2023
성북구,13500,종암동,7.0,20230304,월세,59.86,5000,120,1999.0,아파트,2023
성북구,11100,삼선동1가,3.0,20230826,월세,79.02,0,55,2008.0,연립다세대,2023
성북구,11100,삼선동1가,,20230826,월세,79.02,0,55,,단독다가구,2023
성북구,13300,정릉동,-1.0,20230331,월세,32.17,1000,36,1991.0,연립다세대,2023
성북구,13600,하월곡동,,20230812,월세,16.0,500,45,1993.0,단독다가구,2023
성북구,11100,삼선동1가,,20230202,월세,17.0,500,55,2011.0,단독다가구,2023
성북구,10300,돈암동,16.0,20230313,월세,59.99,10000,120,2004.0,아파트,2023
성북구,10300,돈암동,6.0,20230313,월세,84.97,30000,75,2004.0,아파트,2023
성북구,13800,장위동,5.0,20230429,월세,59.92,5000,160,2021.0,아파트,2023
성북구,13400,길음동,18.0,20231121,월세,34.88,5261,4,2003.0,아파트,2023
성북구,13600,하월곡동,,20230127,월세,18.18,2000,50,2017.0,단독다가구,2023
성북구,11700,동선동2가,,20230127,월세,18.18,1000,45,2003.0,단독다가구,2023
성북구,10700,동소문동4가,,20230130,월세,16.0,3000,37,2011.0,단독다가구,2023
성북구,13300,정릉동,,20230130,월세,16.0,1000,60,2017.0,단독다가구,2023
성북구,10700,동소문동4가,6.0,20230421,월세,58.59,5000,78,1998.0,아파트,2023
성북구,13800,장위동,,20231023,월세,50.78,2000,50,1989.0,단독다가구,2023
성북구,13600,하월곡동,,20230130,월세,16.5,500,42,2015.0,단독다가구,2023
성북구,13500,종암동,,20230130,월세,16.5,500,45,2007.0,단독다가구,2023
성북구,12100,안암동1가,,20230130,월세,16.5,1000,45,2004.0,단독다가구,2023
성북구,13400,길음동,3.0,20230613,월세,59.77,5000,130,2005.0,아파트,2023
성북구,13300,정릉동,7.0,20230630,월세,59.98,5000,120,2005.0,아파트,2023
성북구,11900,동선동4가,3.0,20230711,월세,22.02,1000,70,2011.0,오피스텔,2023
성북구,13500,종암동,5.0,20230319,월세,46.32,9000,25,2004.0,연립다세대,2023
성북구,13400,길음동,17.0,20230613,월세,59.96,5000,150,2010.0,아파트,2023
성북구,13400,길음동,10.0,20230601,월세,30.61,3474,7,2005.0,아파트,2023
성북구,12500,안암동5가,,20230127,월세,20.0,1000,45,1991.0,단독다가구,2023
성북구,12700,보문동5가,,20230127,월세,20.0,7000,2,1993.0,단독다가구,2023
성북구,12400,안암동4가,4.0,20230715,월세,50.68,14000,30,1969.0,아파트,2023
성북구,13300,정릉동,12.0,20230613,월세,59.42,24500,35,1999.0,아파트,2023
성북구,11700,동선동2가,5.0,20230223,월세,67.42,2000,48,2001.0,연립다세대,2023
성북구,13800,장위동,,20230804,월세,14.85,1200,14,2018.0,단독다가구,2023
성북구,13300,정릉동,15.0,20230301,월세,59.98,5000,120,2004.0,아파트,2023
성북구,13900,석관동,3.0,20230527,월세,33.15,9000,25,2003.0,오피스텔,2023
성북구,13600,하월곡동,,20230130,월세,18.0,1000,50,2017.0,단독다가구,2023
성북구,13300,정릉동,,20230130,월세,18.0,3000,55,2023.0,단독다가구,2023
성북구,13400,길음동,5.0,20230510,월세,43.63,3120,16,2022.0,아파트,2023
성북구,11400,삼선동4가,3.0,20230322,월세,25.04,10000,70,2019.0,연립다세대,2023
성북구,11500,삼선동5가,4.0,20230307,월세,30.28,7000,20,2011.0,연립다세대,2023
성북구,12700,보문동5가,,20230211,월세,23.1,2000,60,2017.0,단독다가구,2023
성북구,12300,안암동3가,7.0,20230610,월세,45.92,1000,40,1971.0,아파트,2023
성북구,10300,돈암동,3.0,20231018,월세,59.79,3000,105,1998.0,아파트,2023
성북구,13300,정릉동,1.0,20230313,월세,59.77,20000,60,2006.0,아파트,2023
성북구,13300,정릉동,,20230202,월세,20.0,500,29,1965.0,단독다가구,2023
성북구,12500,안암동5가,,20230211,월세,25.0,500,45,1994.0,단독다가구,2023
성북구,12100,안암동1가,,20230211,월세,25.0,500,50,1991.0,단독다가구,2023
성북구,13500,종암동,,20230211,월세,25.0,6000,25,2002.0,단독다가구,2023
성북구,13500,종암동,,20230127,월세,21.2,1000,55,2003.0,단독다가구,2023
성북구,11100,삼선동1가,,20231205,월세,18.0,1000,50,2017.0,단독다가구,2023
성북구,11700,동선동2가,,20230127,월세,21.46,1000,52,1997.0,단독다가구,2023
성북구,11900,동선동4가,8.0,20230623,월세,17.45,1000,57,2017.0,오피스텔,2023
성북구,12300,안암동3가,,20230127,월세,22.0,300,40,1997.0,단독다가구,2023
성북구,13500,종암동,4.0,20230214,월세,14.7,2000,45,2011.0,연립다세대,2023
성북구,12200,안암동2가,4.0,20230421,월세,13.64,4500,29,2012.0,연립다세대,2023
성북구,13800,장위동,,20230127,월세,23.0,300,35,1967.0,단독다가구,2023
성북구,13100,보문동2가,7.0,20231015,월세,59.97,10000,180,2023.0,오피스텔,2023
성북구,10900,동소문동6가,10.0,20230421,월세,14.01,1000,79,2015.0,아파트,2023
성북구,13600,하월곡동,,20230127,월세,23.14,500,30,2007.0,단독다가구,2023
성북구,10100,성북동,,20230211,월세,27.0,500,25,1997.0,단독다가구,2023
성북구,11600,동선동1가,3.0,20230208,월세,57.91,2000,80,2010.0,오피스텔,2023
성북구,13700,상월곡동,3.0,20230325,월세,13.64,500,39,2012.0,연립다세대,2023
성북구,11600,동선동1가,,20230127,월세,24.0,15000,10,2019.0,단독다가구,2023
성북구,13500,종암동,,20230130,월세,20.0,100,35,2003.0,단독다가구,2023
성북구,13600,하월곡동,,20230130,월세,20.0,500,55,2016.0,단독다가구,2023
성북구,13300,정릉동,,20230217,월세,15.0,5000,30,2022.0,단독다가구,2023
성북구,13300,정릉동,,20230217,월세,15.0,3000,40,2022.0,단독다가구,2023
성북구,13400,길음동,,20230217,월세,15.0,500,50,2011.0,단독다가구,2023
성북구,13300,정릉동,,20230217,월세,15.0,1000,50,2018.0,단독다가구,2023
성북구,13300,정릉동,,20230217,월세,15.0,1000,40,2021.0,단독다가구,2023
성북구,10900,동소문동6가,10.0,20230226,월세,13.2,3000,52,2013.0,아파트,2023
성북구,12100,안암동1가,,20231115,월세,18.0,500,35,2009.0,단독다가구,2023
성북구,13900,석관동,,20231115,월세,18.0,1000,51,2021.0,단독다가구,2023
성북구,11700,동선동2가,,20230211,월세,29.72,11000,2,1995.0,단독다가구,2023
성북구,13300,정릉동,,20231205,월세,18.0,1000,40,2018.0,단독다가구,2023
성북구,13600,하월곡동,,20230804,월세,16.52,2000,40,2013.0,단독다가구,2023
성북구,13100,보문동2가,,20230202,월세,23.1,2000,60,1974.0,단독다가구,2023
성북구,13800,장위동,,20230202,월세,23.1,0,32,1958.0,단독다가구,2023
성북구,12500,안암동5가,,20230217,월세,16.5,300,40,1997.0,단독다가구,2023
성북구,11700,동선동2가,,20230127,월세,28.0,1000,60,1997.0,단독다가구,2023
성북구,12500,안암동5가,,20230205,월세,11.7,500,35,1994.0,단독다가구,2023
성북구,12100,안암동1가,,20230217,월세,17.0,500,35,2015.0,단독다가구,2023
성북구,11200,삼선동2가,,20230217,월세,17.0,500,50,2019.0,단독다가구,2023
성북구,13300,정릉동,,20230214,월세,15.0,4000,30,2022.0,단독다가구,2023
성북구,10200,성북동1가,,20230214,월세,15.0,1000,40,2009.0,단독다가구,2023
성북구,13500,종암동,,20230205,월세,14.0,200,40,1997.0,단독다가구,2023
성북구,12500,안암동5가,,20230202,월세,25.0,1000,45,1994.0,단독다가구,2023
성북구,13900,석관동,3.0,20230226,월세,52.48,4000,80,2002.0,연립다세대,2023
성북구,13400,길음동,5.0,20231021,월세,59.97,30000,100,2019.0,아파트,2023
성북구,10300,돈암동,14.0,20230709,월세,84.97,2000,42,2004.0,아파트,2023
성북구,13300,정릉동,,20230205,월세,15.0,3000,30,2019.0,단독다가구,2023
성북구,13300,정릉동,,20230217,월세,17.12,5000,30,2019.0,단독다가구,2023
성북구,13300,정릉동,,20230211,월세,33.0,2000,70,1996.0,단독다가구,2023
성북구,13300,정릉동,7.0,20230712,월세,84.92,10000,115,2009.0,아파트,2023
성북구,13300,정릉동,,20230217,월세,18.0,3000,40,2022.0,단독다가구,2023
성북구,13300,정릉동,,20230217,월세,18.0,500,30,1995.0,단독다가구,2023
성북구,13800,장위동,13.0,20230423,월세,84.94,25000,115,2020.0,아파트,2023
성북구,13500,종암동,,20230214,월세,16.0,300,35,2016.0,단독다가구,2023
성북구,12500,안암동5가,,20230214,월세,16.0,1000,44,1957.0,단독다가구,2023
성북구,13300,정릉동,2.0,20230706,월세,19.04,1060,63,2023.0,연립다세대,2023
성북구,13300,정릉동,4.0,20230706,월세,19.73,1310,65,2023.0,연립다세대,2023
성북구,13800,장위동,5.0,20231027,월세,34.33,11000,46,2020.0,연립다세대,2023
성북구,13500,종암동,18.0,20230918,월세,84.73,0,35,2005.0,아파트,2023
성북구,13500,종암동,,20230130,월세,24.0,500,70,1990.0,단독다가구,2023
성북구,11800,동선동3가,,20230211,월세,33.3,500,60,1996.0,단독다가구,2023
성북구,13500,종암동,,20230214,월세,16.5,300,38,2002.0,단독다가구,2023
성북구,13400,길음동,17.0,20230526,월세,113.23,60000,20,2007.0,아파트,2023
성북구,12100,안암동1가,,20230127,월세,32.0,1000,45,1992.0,단독다가구,2023
성북구,10300,돈암동,11.0,20230307,월세,59.99,5000,140,2004.0,아파트,2023
성북구,10100,성북동,,20230202,월세,27.77,13000,10,1996.0,단독다가구,2023
성북구,13300,정릉동,,20230130,월세,25.0,500,30,1991.0,단독다가구,2023
성북구,11800,동선동3가,4.0,20230712,월세,26.52,1000,50,2003.0,연립다세대,2023
성북구,13300,정릉동,,20230127,월세,33.0,3000,70,2016.0,단독다가구,2023
성북구,13600,하월곡동,,20230214,월세,16.9,9000,10,1993.0,단독다가구,2023
성북구,12900,보문동7가,,20230214,월세,17.0,500,35,2019.0,단독다가구,2023
성북구,13900,석관동,,20230812,월세,19.3,500,50,,단독다가구,2023
성북구,11900,동선동4가,,20230217,월세,19.0,5000,50,2012.0,단독다가구,2023
성북구,12300,안암동3가,,20230217,월세,19.0,500,37,1997.0,단독다가구,2023
성북구,13800,장위동,5.0,20230325,월세,26.11,12000,15,2021.0,연립다세대,2023
성북구,13300,정릉동,4.0,20230709,월세,14.97,1000,50,2023.0,연립다세대,2023
성북구,13300,정릉동,,20230214,월세,17.46,500,38,1987.0,단독다가구,2023
성북구,10700,동소문동4가,10.0,20230403,월세,58.59,20500,20,1998.0,아파트,2023
성북구,13800,장위동,5.0,20230328,월세,23.84,500,47,2003.0,오피스텔,2023
성북구,10300,돈암동,6.0,20230319,월세,132.96,40000,90,1998.0,아파트,2023
성북구,13900,석관동,,20230127,월세,34.0,300,25,1994.0,단독다가구,2023
성북구,13600,하월곡동,5.0,20230712,월세,59.98,8000,150,2007.0,아파트,2023
성북구,13100,보문동2가,,20230205,월세,18.0,1000,35,2008.0,단독다가구,2023
성북구,13300,정릉동,,20230205,월세,18.0,1000,45,2022.0,단독다가구,2023
성북구,13300,정릉동,,20230217,월세,20.0,500,45,1993.0,단독다가구,2023
성북구,12500,안암동5가,,20230217,월세,20.0,2000,45,2002.0,단독다가구,2023
성북구,13500,종암동,,20230124,월세,58.0,200,46,1998.0,단독다가구,2023
성북구,13400,길음동,5.0,20230529,월세,114.73,30000,135,2005.0,아파트,2023
성북구,13400,길음동,2.0,20230523,월세,84.97,5000,195,2005.0,아파트,2023
성북구,12800,보문동6가,9.0,20231018,월세,45.81,15000,115,2017.0,아파트,2023
성북구,13300,정릉동,5.0,20230316,월세,39.52,3500,100,2022.0,오피스텔,2023
성북구,13500,종암동,5.0,20230801,월세,26.53,400,100,2015.0,연립다세대,2023
성북구,13300,정릉동,13.0,20230322,월세,84.92,5000,140,2009.0,아파트,2023
성북구,12800,보문동6가,10.0,20230417,월세,29.96,3745,5,2017.0,아파트,2023
성북구,12800,보문동6가,4.0,20230417,월세,45.96,5668,7,2017.0,아파트,2023
성북구,12800,보문동6가,9.0,20230417,월세,45.96,3654,19,2017.0,아파트,2023
성북구,12800,보문동6가,10.0,20230417,월세,45.96,56680,7,2017.0,아파트,2023
성북구,12800,보문동6가,10.0,20230417,월세,45.96,5668,7,2017.0,아파트,2023
성북구,12800,보문동6가,6.0,20230417,월세,45.96,3654,19,2017.0,아파트,2023
성북구,12800,보문동6가,3.0,20230417,월세,45.96,5668,7,2017.0,아파트,2023
성북구,12800,보문동6가,5.0,20230417,월세,45.96,5668,7,2017.0,아파트,2023
성북구,12800,보문동6가,6.0,20230417,월세,45.96,5668,7,2017.0,아파트,2023
성북구,12800,보문동6가,7.0,20230417,월세,51.58,4087,21,2017.0,아파트,2023
성북구,12800,보문동6가,5.0,20230417,월세,51.58,2390,25,2017.0,아파트,2023
성북구,12800,보문동6가,7.0,20230417,월세,51.58,4090,21,2017.0,아파트,2023
성북구,11800,동선동3가,,20230127,월세,36.3,2000,65,1997.0,단독다가구,2023
성북구,13300,정릉동,,20230202,월세,33.0,500,85,1990.0,단독다가구,2023
성북구,13400,길음동,15.0,20230616,월세,84.96,40000,40,2003.0,아파트,2023
성북구,12100,안암동1가,,20230127,월세,37.22,2000,80,1993.0,단독다가구,2023
성북구,11000,동소문동7가,13.0,20230310,월세,59.91,5000,130,2004.0,아파트,2023
성북구,13600,하월곡동,3.0,20230322,월세,27.09,5000,95,2022.0,오피스텔,2023
성북구,11100,삼선동1가,,20230214,월세,19.1,1000,40,1987.0,단독다가구,2023
성북구,13300,정릉동,1.0,20230504,월세,84.98,10000,100,2017.0,연립다세대,2023
성북구,13400,길음동,16.0,20230616,월세,59.37,5000,165,2007.0,아파트,2023
성북구,12100,안암동1가,,20230618,월세,25.0,500,50,1992.0,단독다가구,2023
성북구,10300,돈암동,11.0,20230301,월세,68.13,20000,65,1998.0,아파트,2023
성북구,13300,정릉동,14.0,20230307,월세,84.09,30000,80,2009.0,아파트,2023
성북구,13600,하월곡동,,20230214,월세,19.83,1000,50,2018.0,단독다가구,2023
성북구,13300,정릉동,5.0,20230307,월세,84.09,5000,130,2005.0,아파트,2023
성북구,13300,정릉동,,20230217,월세,22.0,1000,50,2023.0,단독다가구,2023
성북구,13200,보문동3가,,20230214,월세,20.0,1000,50,,단독다가구,2023
성북구,13500,종암동,,20230214,월세,20.0,1000,52,2012.0,단독다가구,2023
성북구,13600,하월곡동,,20230214,월세,20.0,300,50,1994.0,단독다가구,2023
성북구,11100,삼선동1가,,20230214,월세,20.0,1000,30,1995.0,단독다가구,2023
성북구,12500,안암동5가,,20230214,월세,20.0,2000,37,2002.0,단독다가구,2023
성북구,12100,안암동1가,,20230211,월세,41.19,8000,15,1992.0,단독다가구,2023
성북구,11800,동선동3가,,20230130,월세,33.0,2000,75,1997.0,단독다가구,2023
성북구,13800,장위동,,20230130,월세,33.0,700,30,1993.0,단독다가구,2023
성북구,13500,종암동,,20230130,월세,33.0,500,50,1997.0,단독다가구,2023
성북구,13300,정릉동,,20230130,월세,33.0,1000,70,2023.0,단독다가구,2023
성북구,12100,안암동1가,,20230130,월세,33.0,12000,25,2012.0,단독다가구,2023
성북구,12300,안암동3가,4.0,20230520,월세,61.92,1000,60,1971.0,아파트,2023
성북구,12600,보문동4가,,20230129,월세,46.44,3000,85,1993.0,단독다가구,2023
성북구,12800,보문동6가,5.0,20230711,월세,29.96,10212,37,2017.0,아파트,2023
성북구,12800,보문동6가,11.0,20230711,월세,29.96,10212,37,2017.0,아파트,2023
성북구,12800,보문동6가,11.0,20230711,월세,29.96,11708,30,2017.0,아파트,2023
성북구,10300,돈암동,,20230213,월세,26.0,500,40,1979.0,단독다가구,2023
성북구,13400,길음동,7.0,20230426,월세,38.02,4167,3,2022.0,아파트,2023
성북구,12800,보문동6가,8.0,20230417,월세,51.58,4087,21,2017.0,아파트,2023
성북구,13300,정릉동,,20230220,월세,15.0,1000,30,2021.0,단독다가구,2023
성북구,13300,정릉동,,20230220,월세,15.0,1000,40,2021.0,단독다가구,2023
성북구,12500,안암동5가,,20230223,월세,13.0,300,42,1994.0,단독다가구,2023
성북구,11600,동선동1가,7.0,20230310,월세,13.25,3000,50,2012.0,연립다세대,2023
성북구,12400,안암동4가,,20230201,월세,32.74,500,40,1995.0,단독다가구,2023
성북구,13900,석관동,,20230201,월세,33.0,1000,50,1990.0,단독다가구,2023
성북구,13500,종암동,19.0,20230826,월세,75.5,5000,130,1996.0,아파트,2023
성북구,11800,동선동3가,,20230220,월세,15.3,10,60,1997.0,단독다가구,2023
성북구,11800,동선동3가,,20230213,월세,27.41,3000,30,2001.0,단독다가구,2023
성북구,11800,동선동3가,,20230207,월세,39.99,8000,15,1989.0,단독다가구,2023
성북구,11700,동선동2가,,20230204,월세,37.0,1000,68,2001.0,단독다가구,2023
성북구,13300,정릉동,2.0,20230409,월세,90.16,10000,46,1985.0,연립다세대,2023
성북구,13900,석관동,,20230129,월세,52.7,800,20,1994.0,단독다가구,2023
성북구,12500,안암동5가,,20230217,월세,24.5,3000,80,2023.0,단독다가구,2023
성북구,10300,돈암동,7.0,20230325,월세,59.99,20000,80,2004.0,아파트,2023
성북구,10300,돈암동,2.0,20230325,월세,59.99,20000,80,2004.0,아파트,2023
성북구,11400,삼선동4가,,20230223,월세,16.0,500,55,2012.0,단독다가구,2023
성북구,13500,종암동,,20230220,월세,16.23,1000,40,2003.0,단독다가구,2023
성북구,13500,종암동,,20230220,월세,16.5,500,45,2017.0,단독다가구,2023
성북구,10300,돈암동,6.0,20230709,월세,59.52,4450,120,2005.0,아파트,2023
성북구,13500,종암동,-1.0,20231108,월세,44.05,8400,14,1995.0,연립다세대,2023
성북구,13500,종암동,,20230201,월세,35.0,4000,30,1996.0,단독다가구,2023
성북구,11600,동선동1가,,20230217,월세,25.5,13000,5,2016.0,단독다가구,2023
성북구,11700,동선동2가,,20230204,월세,40.0,2000,80,2016.0,단독다가구,2023
성북구,13300,정릉동,,20230210,월세,45.0,1000,70,1997.0,단독다가구,2023
성북구,13800,장위동,3.0,20230424,월세,39.34,1329,20,2006.0,아파트,2023
성북구,13800,장위동,3.0,20230424,월세,39.34,3480,8,2006.0,아파트,2023
성북구,12500,안암동5가,,20230804,월세,19.83,3000,75,2023.0,단독다가구,2023
성북구,13900,석관동,4.0,20230529,월세,18.85,14000,30,2022.0,연립다세대,2023
성북구,12300,안암동3가,,20230217,월세,27.0,1000,60,1995.0,단독다가구,2023
성북구,12100,안암동1가,,20230213,월세,30.49,2000,60,1993.0,단독다가구,2023
성북구,13300,정릉동,,20230125,월세,51.31,1000,60,1991.0,단독다가구,2023
성북구,13800,장위동,,20230207,월세,44.0,500,30,1987.0,단독다가구,2023
성북구,12200,안암동2가,,20230804,월세,20.0,500,46,2004.0,단독다가구,2023
성북구,13900,석관동,,20230125,월세,51.93,10000,50,1991.0,단독다가구,2023
성북구,11200,삼선동2가,,20230804,월세,20.0,300,45,1996.0,단독다가구,2023
성북구,10100,성북동,-1.0,20230304,월세,46.9,12000,5,1995.0,연립다세대,2023
성북구,13300,정릉동,,20230226,월세,13.0,500,35,2018.0,단독다가구,2023
성북구,11500,삼선동5가,,20230201,월세,38.0,14000,30,1993.0,단독다가구,2023
성북구,13300,정릉동,,20230201,월세,38.15,1000,50,1995.0,단독다가구,2023
성북구,13800,장위동,,20230213,월세,33.0,1000,35,1991.0,단독다가구,2023
성북구,13800,장위동,2.0,20230601,월세,29.1,12000,45,2021.0,연립다세대,2023
성북구,10700,동소문동4가,,20230217,월세,30.0,5000,20,2000.0,단독다가구,2023
성북구,13900,석관동,,20230217,월세,30.0,2000,40,1994.0,단독다가구,2023
성북구,13600,하월곡동,,20230217,월세,30.0,200,20,1992.0,단독다가구,2023
성북구,10200,성북동1가,1.0,20230823,월세,17.29,15000,25,2019.0,연립다세대,2023
성북구,13500,종암동,,20231110,월세,78.34,5000,140,1976.0,단독다가구,2023
성북구,11100,삼선동1가,,20230204,월세,43.35,2000,70,1979.0,단독다가구,2023
성북구,13300,정릉동,,20230226,월세,16.0,1000,50,2020.0,단독다가구,2023
성북구,13800,장위동,4.0,20230424,월세,54.15,4000,60,2002.0,연립다세대,2023
성북구,13500,종암동,,20230220,월세,19.38,500,40,2018.0,단독다가구,2023
성북구,10900,동소문동6가,,20230220,월세,19.8,1000,57,2018.0,단독다가구,2023
성북구,10300,돈암동,2.0,20230607,월세,32.23,1039,14,1999.0,아파트,2023
성북구,10300,돈암동,10.0,20230607,월세,32.23,415,15,1999.0,아파트,2023
성북구,10300,돈암동,10.0,20230607,월세,32.23,1039,14,1999.0,아파트,2023
성북구,10900,동소문동6가,3.0,20231102,월세,32.51,5000,60,2001.0,연립다세대,2023
성북구,10100,성북동,,20230213,월세,34.0,1000,70,2000.0,단독다가구,2023
성북구,13600,하월곡동,,20230125,월세,65.88,15000,25,2008.0,단독다가구,2023
성북구,13500,종암동,,20230125,월세,66.26,5000,100,2022.0,단독다가구,2023
성북구,13300,정릉동,,20230223,월세,19.8,500,30,1969.0,단독다가구,2023
성북구,11700,동선동2가,,20230220,월세,20.0,2000,45,1994.0,단독다가구,2023
성북구,13500,종암동,,20230205,월세,20.0,1000,60,2017.0,단독다가구,2023
성북구,11800,동선동3가,,20230220,월세,20.0,1000,45,2007.0,단독다가구,2023
성북구,10300,돈암동,18.0,20230712,월세,59.99,10000,107,2004.0,아파트,2023
성북구,13300,정릉동,,20230202,월세,35.36,2000,50,1997.0,단독다가구,2023
성북구,13500,종암동,,20230202,월세,36.0,1000,55,1993.0,단독다가구,2023
성북구,13300,정릉동,15.0,20230325,월세,59.9,18000,45,1999.0,아파트,2023
성북구,13300,정릉동,7.0,20230325,월세,59.98,5000,120,2005.0,아파트,2023
성북구,11100,삼선동1가,,20230226,월세,16.7,1000,30,1991.0,단독다가구,2023
성북구,13300,정릉동,,20230226,월세,17.0,500,45,2020.0,단독다가구,2023
성북구,13300,정릉동,,20230217,월세,33.0,300,25,2002.0,단독다가구,2023
성북구,11300,삼선동3가,2.0,20230427,월세,41.32,3000,70,2002.0,연립다세대,2023
성북구,11700,동선동2가,,20230130,월세,33.5,5000,49,1994.0,단독다가구,2023
성북구,12900,보문동7가,5.0,20230427,월세,49.0,18500,35,2021.0,연립다세대,2023
성북구,12500,안암동5가,3.0,20230627,월세,18.85,1000,45,2011.0,연립다세대,2023
성북구,13300,정릉동,18.0,20230322,월세,32.76,2604,6,2005.0,아파트,2023
성북구,13800,장위동,,20230125,월세,99.18,1000,60,1991.0,단독다가구,2023
성북구,13800,장위동,,20230211,월세,47.04,2000,60,1995.0,단독다가구,2023
성북구,12100,안암동1가,,20230211,월세,47.08,1000,95,1997.0,단독다가구,2023
성북구,11300,삼선동3가,,20230214,월세,22.0,1000,50,1983.0,단독다가구,2023
성북구,12500,안암동5가,,20230205,월세,21.0,2000,65,2016.0,단독다가구,2023
성북구,13300,정릉동,4.0,20230712,월세,12.25,820,46,2023.0,연립다세대,2023
성북구,13300,정릉동,3.0,20230711,월세,51.51,12000,40,1992.0,연립다세대,2023
성북구,13900,석관동,,20230211,월세,48.72,3000,30,1994.0,단독다가구,2023
성북구,11300,삼선동3가,,20230214,월세,23.0,1000,60,1983.0,단독다가구,2023
성북구,13100,보문동2가,3.0,20230526,월세,26.23,500,55,2001.0,연립다세대,2023
성북구,13300,정릉동,,20230220,월세,22.0,1000,55,2023.0,단독다가구,2023
성북구,13900,석관동,,20230127,월세,47.93,3000,50,1996.0,단독다가구,2023
성북구,11800,동선동3가,,20230211,월세,49.85,6000,50,1993.0,단독다가구,2023
성북구,13500,종암동,5.0,20230322,월세,59.98,12000,120,2010.0,아파트,2023
성북구,12800,보문동6가,4.0,20230507,월세,84.99,10000,200,2017.0,아파트,2023
성북구,13300,정릉동,,20230130,월세,38.0,2000,80,1996.0,단독다가구,2023
성북구,11200,삼선동2가,,20230130,월세,38.2,1000,50,1997.0,단독다가구,2023
성북구,11800,동선동3가,,20230214,월세,24.0,500,55,1992.0,단독다가구,2023
성북구,13800,장위동,8.0,20231021,월세,84.97,15000,160,2021.0,아파트,2023
성북구,12100,안암동1가,,20230220,월세,23.2,500,40,1993.0,단독다가구,2023
성북구,12500,안암동5가,,20230226,월세,20.0,500,68,1997.0,단독다가구,2023
성북구,11800,동선동3가,,20230226,월세,20.0,1000,40,2001.0,단독다가구,2023
성북구,12500,안암동5가,,20230214,월세,25.0,3000,30,1994.0,단독다가구,2023
성북구,10300,돈암동,3.0,20230601,월세,59.4,0,35,1999.0,아파트,2023
성북구,10800,동소문동5가,7.0,20230601,월세,84.96,20000,140,2006.0,아파트,2023
성북구,13300,정릉동,,20230301,월세,13.0,500,45,2014.0,단독다가구,2023
성북구,13900,석관동,,20230316,월세,62.4,8000,20,1990.0,단독다가구,2023
성북구,13300,정릉동,2.0,20230504,월세,59.67,2000,60,1990.0,연립다세대,2023
성북구,13900,석관동,,20230220,월세,25.0,1000,40,1993.0,단독다가구,2023
성북구,12100,안암동1가,,20230214,월세,25.34,500,50,1993.0,단독다가구,2023
성북구,13400,길음동,,20230301,월세,15.0,1000,45,1970.0,단독다가구,2023
성북구,13500,종암동,,20230301,월세,15.0,100,29,2002.0,단독다가구,2023
성북구,13300,정릉동,,20230301,월세,15.0,1000,30,2021.0,단독다가구,2023
성북구,13300,정릉동,,20230301,월세,15.0,1000,45,2021.0,단독다가구,2023
성북구,13300,정릉동,,20230217,월세,39.32,1000,45,1996.0,단독다가구,2023
성북구,10300,돈암동,9.0,20230613,월세,84.59,10000,90,1999.0,아파트,2023
성북구,10300,돈암동,13.0,20230613,월세,32.23,1039,14,1999.0,아파트,2023
성북구,12100,안암동1가,,20230223,월세,25.0,400,45,1995.0,단독다가구,2023
성북구,12200,안암동2가,,20230223,월세,25.0,10000,40,1991.0,단독다가구,2023
성북구,13000,보문동1가,,20230211,월세,59.43,10000,70,1993.0,단독다가구,2023
성북구,10100,성북동,,20230211,월세,60.23,20000,25,1946.0,단독다가구,2023
성북구,13300,정릉동,5.0,20230610,월세,17.3,500,47,2012.0,연립다세대,2023
성북구,13400,길음동,2.0,20230516,월세,59.97,10000,100,2005.0,아파트,2023
성북구,11900,동선동4가,,20230301,월세,16.0,1000,46,2010.0,단독다가구,2023
성북구,12500,안암동5가,,20230220,월세,26.4,5000,80,2023.0,단독다가구,2023
성북구,13300,정릉동,9.0,20230322,월세,84.98,30000,10,2004.0,아파트,2023
성북구,10900,동소문동6가,7.0,20230520,월세,28.47,15000,15,2003.0,오피스텔,2023
성북구,13300,정릉동,,20230211,월세,64.71,500,75,1996.0,단독다가구,2023
성북구,13800,장위동,4.0,20231012,월세,29.47,5000,75,2021.0,연립다세대,2023
성북구,13600,하월곡동,5.0,20230706,월세,16.03,5000,35,2022.0,오피스텔,2023
성북구,13900,석관동,,20230301,월세,16.17,500,40,2011.0,단독다가구,2023
성북구,13300,정릉동,,20230301,월세,16.5,4000,35,2022.0,단독다가구,2023
성북구,11100,삼선동1가,,20230220,월세,27.14,500,50,1994.0,단독다가구,2023
성북구,13800,장위동,1.0,20230313,월세,38.29,0,10,1993.0,연립다세대,2023
성북구,13600,하월곡동,,20230202,월세,49.02,3000,35,1992.0,단독다가구,2023
성북구,13800,장위동,2.0,20230331,월세,45.24,500,30,2015.0,연립다세대,2023
성북구,13500,종암동,12.0,20230504,월세,59.99,5000,135,2004.0,아파트,2023
성북구,12300,안암동3가,,20230130,월세,45.0,2000,60,1993.0,단독다가구,2023
성북구,12300,안암동3가,,20230220,월세,28.5,2000,55,1995.0,단독다가구,2023
성북구,13500,종암동,,20230812,월세,25.77,300,75,,단독다가구,2023
성북구,13900,석관동,,20230211,월세,76.0,5000,65,1998.0,단독다가구,2023
성북구,13500,종암동,,20230810,월세,13.5,100,50,,단독다가구,2023
성북구,13500,종암동,,20230127,월세,77.19,5000,70,1987.0,단독다가구,2023
성북구,12500,안암동5가,,20230810,월세,14.0,50,26,1997.0,단독다가구,2023
성북구,13400,길음동,,20230220,월세,29.73,500,15,1994.0,단독다가구,2023
성북구,13500,종암동,10.0,20230420,월세,59.97,4000,135,2009.0,아파트,2023
성북구,13300,정릉동,,20230316,월세,15.0,500,40,2020.0,단독다가구,2023
성북구,13600,하월곡동,,20230208,월세,13.22,300,65,2006.0,단독다가구,2023
성북구,13800,장위동,,20230217,월세,44.1,1000,50,1995.0,단독다가구,2023
성북구,13100,보문동2가,,20230223,월세,29.75,500,47,1993.0,단독다가구,2023
성북구,12100,안암동1가,,20230202,월세,53.0,5000,60,1991.0,단독다가구,2023
성북구,10700,동소문동4가,3.0,20230613,월세,21.2,500,43,2002.0,연립다세대,2023
성북구,13300,정릉동,,20230208,월세,15.0,500,40,1977.0,단독다가구,2023
성북구,13300,정릉동,,20230208,월세,15.0,1000,40,2021.0,단독다가구,2023
성북구,13300,정릉동,,20230208,월세,15.0,500,50,1993.0,단독다가구,2023
성북구,13500,종암동,4.0,20230709,월세,59.04,25000,40,1999.0,아파트,2023
성북구,11500,삼선동5가,,20230202,월세,55.0,3000,95,2012.0,단독다가구,2023
성북구,13500,종암동,,20230304,월세,18.23,500,55,2011.0,단독다가구,2023
성북구,10900,동소문동6가,3.0,20230520,월세,29.98,20000,8,2011.0,연립다세대,2023
성북구,13300,정릉동,16.0,20230901,월세,85.0,3000,150,2006.0,아파트,2023
성북구,12500,안암동5가,,20230226,월세,25.0,3000,60,2009.0,단독다가구,2023
성북구,10900,동소문동6가,4.0,20230520,월세,33.12,20000,4,2011.0,연립다세대,2023
성북구,13400,길음동,14.0,20231124,월세,59.97,10000,180,2019.0,아파트,2023
성북구,12300,안암동3가,,20230627,월세,35.0,5000,80,2017.0,단독다가구,2023
성북구,13500,종암동,,20230316,월세,16.5,500,40,2017.0,단독다가구,2023
성북구,10100,성북동,,20230310,월세,20.0,1000,40,,단독다가구,2023
성북구,13300,정릉동,,20230310,월세,20.0,500,60,2018.0,단독다가구,2023
성북구,13300,정릉동,3.0,20230901,월세,36.33,14974,18,2020.0,연립다세대,2023
성북구,13300,정릉동,,20230226,월세,26.1,1000,60,1997.0,단독다가구,2023
성북구,12800,보문동6가,4.0,20230510,월세,29.96,10212,37,2017.0,아파트,2023
성북구,12800,보문동6가,4.0,20230510,월세,29.96,8169,42,2017.0,아파트,2023
성북구,11900,동선동4가,,20230204,월세,50.0,12000,30,,단독다가구,2023
성북구,12800,보문동6가,5.0,20230510,월세,72.97,20000,140,2017.0,아파트,2023
성북구,13100,보문동2가,,20230210,월세,59.84,1000,66,1995.0,단독다가구,2023
성북구,12800,보문동6가,,20230301,월세,19.5,1000,40,2010.0,단독다가구,2023
성북구,10300,돈암동,10.0,20230526,월세,114.66,10000,160,1999.0,아파트,2023
성북구,13900,석관동,,20230220,월세,33.0,1000,20,1993.0,단독다가구,2023
성북구,12500,안암동5가,,20230220,월세,33.0,3000,60,2018.0,단독다가구,2023
성북구,13600,하월곡동,,20230204,월세,50.69,12000,30,1997.0,단독다가구,2023
성북구,13600,하월곡동,,20230807,월세,19.0,2000,50,2017.0,단독다가구,2023
성북구,12300,안암동3가,,20230213,월세,37.0,5000,80,2017.0,단독다가구,2023
성북구,13500,종암동,2.0,20230307,월세,52.38,10000,37,1994.0,연립다세대,2023
성북구,11800,동선동3가,,20230420,월세,23.3,1000,65,2000.0,단독다가구,2023
성북구,13500,종암동,4.0,20231021,월세,23.31,9000,40,2017.0,연립다세대,2023
성북구,13500,종암동,,20230131,월세,44.46,800,42,1994.0,단독다가구,2023
성북구,13900,석관동,,20230204,월세,54.68,1000,70,1997.0,단독다가구,2023
성북구,13300,정릉동,,20230624,월세,13.0,1000,50,2020.0,단독다가구,2023
성북구,13600,하월곡동,,20230812,월세,28.35,300,45,1997.0,단독다가구,2023
성북구,11500,삼선동5가,,20230217,월세,53.67,5000,55,2002.0,단독다가구,2023
성북구,11000,동소문동7가,5.0,20230307,월세,59.91,25000,50,2004.0,아파트,2023
성북구,13900,석관동,4.0,20231006,월세,43.88,20000,30,2017.0,연립다세대,2023
성북구,11200,삼선동2가,,20230304,월세,21.0,500,53,1990.0,단독다가구,2023
성북구,13500,종암동,,20230304,월세,21.0,500,45,1996.0,단독다가구,2023
성북구,13800,장위동,,20230204,월세,57.12,11000,40,1977.0,단독다가구,2023
성북구,13800,장위동,,20230131,월세,46.0,7000,30,1995.0,단독다가구,2023
성북구,13300,정릉동,1.0,20230427,월세,84.82,5000,75,1997.0,연립다세대,2023
성북구,13300,정릉동,3.0,20230427,월세,46.72,1000,60,2012.0,연립다세대,2023
성북구,13700,상월곡동,,20230220,월세,35.32,1200,45,1994.0,단독다가구,2023
성북구,13300,정릉동,,20230304,월세,22.97,2000,30,1995.0,단독다가구,2023
성북구,13900,석관동,8.0,20230613,월세,59.97,6000,100,1998.0,아파트,2023
성북구,13600,하월곡동,,20230624,월세,15.0,500,45,2012.0,단독다가구,2023
성북구,11800,동선동3가,2.0,20230915,월세,26.52,500,52,2003.0,연립다세대,2023
성북구,11500,삼선동5가,,20230211,월세,174.6,500,50,2010.0,단독다가구,2023
성북구,12500,안암동5가,,20230301,월세,22.5,500,42,1997.0,단독다가구,2023
성북구,10200,성북동1가,,20230301,월세,23.0,1000,50,2011.0,단독다가구,2023
성북구,12100,안암동1가,,20230812,월세,30.0,300,45,1993.0,단독다가구,2023
성북구,13700,상월곡동,,20230812,월세,30.0,1000,60,2020.0,단독다가구,2023
성북구,12500,안암동5가,,20230807,월세,20.0,5000,70,2023.0,단독다가구,2023
성북구,10100,성북동,,20230204,월세,73.0,1000,30,,단독다가구,2023
성북구,13900,석관동,4.0,20230417,월세,51.9,4000,96,2003.0,오피스텔,2023
성북구,13500,종암동,,20230131,월세,54.24,2000,60,1994.0,단독다가구,2023
성북구,13800,장위동,4.0,20230408,월세,18.03,10000,15,2019.0,오피스텔,2023
성북구,13600,하월곡동,10.0,20230420,월세,84.59,10000,155,2006.0,아파트,2023
성북구,10300,돈암동,20.0,20230617,월세,59.79,10000,70,1998.0,아파트,2023
성북구,13500,종암동,,20230204,월세,90.95,15000,60,1992.0,단독다가구,2023
성북구,13100,보문동2가,4.0,20230617,월세,14.41,4000,48,2012.0,연립다세대,2023
성북구,13600,하월곡동,,20230204,월세,122.0,1000,50,2013.0,단독다가구,2023
성북구,13800,장위동,2.0,20230915,월세,29.9,2500,105,2022.0,연립다세대,2023
성북구,13400,길음동,21.0,20231021,월세,59.78,40000,80,2022.0,아파트,2023
성북구,13500,종암동,,20230226,월세,33.0,1000,45,2004.0,단독다가구,2023
성북구,11000,동소문동7가,12.0,20230626,월세,59.95,7000,150,2010.0,아파트,2023
성북구,13300,정릉동,2.0,20230918,월세,42.41,100,35,2012.0,연립다세대,2023
성북구,10300,돈암동,2.0,20230302,월세,84.87,10000,120,1998.0,아파트,2023
성북구,11300,삼선동3가,10.0,20230513,월세,59.94,20000,100,2012.0,아파트,2023
성북구,13500,종암동,2.0,20230527,월세,84.95,24000,50,2004.0,아파트,2023
성북구,11200,삼선동2가,,20230810,월세,18.0,1000,50,1989.0,단독다가구,2023
성북구,13300,정릉동,9.0,20230331,월세,85.0,32500,80,2006.0,아파트,2023
성북구,13600,하월곡동,,20230208,월세,18.0,300,40,1990.0,단독다가구,2023
성북구,11500,삼선동5가,,20230220,월세,38.42,1500,30,1993.0,단독다가구,2023
성북구,13900,석관동,7.0,20230610,월세,84.98,1000,50,2019.0,아파트,2023
성북구,13900,석관동,15.0,20230610,월세,84.98,1000,55,2019.0,아파트,2023
성북구,13500,종암동,3.0,20230829,월세,75.5,30000,37,1996.0,아파트,2023
성북구,13800,장위동,5.0,20230327,월세,14.71,1000,53,2019.0,아파트,2023
성북구,13300,정릉동,,20230224,월세,15.0,5000,30,2022.0,단독다가구,2023
성북구,13300,정릉동,,20230224,월세,15.0,1000,50,2017.0,단독다가구,2023
성북구,13300,정릉동,,20230224,월세,15.0,4000,35,2022.0,단독다가구,2023
성북구,13300,정릉동,,20230224,월세,15.0,3500,40,2022.0,단독다가구,2023
성북구,13800,장위동,,20230224,월세,15.0,100,30,1971.0,단독다가구,2023
성북구,13300,정릉동,3.0,20230315,월세,64.0,10000,55,2004.0,연립다세대,2023
성북구,13600,하월곡동,22.0,20230526,월세,133.74,30000,180,2011.0,아파트,2023
성북구,11200,삼선동2가,,20230218,월세,12.0,500,35,1993.0,단독다가구,2023
성북구,13800,장위동,3.0,20230508,월세,24.23,5000,100,2022.0,연립다세대,2023
성북구,13500,종암동,,20230218,월세,14.85,300,25,2018.0,단독다가구,2023
성북구,13500,종암동,,20230224,월세,16.5,500,45,2007.0,단독다가구,2023
성북구,13300,정릉동,,20230224,월세,16.5,500,50,2019.0,단독다가구,2023
성북구,13300,정릉동,,20230218,월세,15.0,3000,40,2022.0,단독다가구,2023
성북구,13900,석관동,,20230201,월세,42.9,5000,45,1999.0,단독다가구,2023
성북구,10300,돈암동,6.0,20230821,월세,132.96,50000,35,1998.0,아파트,2023
성북구,13400,길음동,1.0,20230420,월세,59.87,5000,180,2022.0,아파트,2023
성북구,12100,안암동1가,,20230201,월세,44.36,1000,40,1993.0,단독다가구,2023
성북구,13300,정릉동,,20230224,월세,17.0,500,50,2017.0,단독다가구,2023
성북구,10500,동소문동2가,,20230201,월세,44.52,5000,60,1993.0,단독다가구,2023
성북구,13500,종암동,3.0,20230605,월세,13.72,500,48,2013.0,연립다세대,2023
성북구,12500,안암동5가,,20230218,월세,16.0,1000,50,,단독다가구,2023
성북구,13800,장위동,10.0,20230306,월세,39.0,2578,16,2022.0,아파트,2023
성북구,13500,종암동,,20230224,월세,17.15,1000,42,2012.0,단독다가구,2023
성북구,13300,정릉동,4.0,20230318,월세,41.94,7000,51,2017.0,연립다세대,2023
성북구,13800,장위동,1.0,20230501,월세,52.56,2000,80,2003.0,아파트,2023
성북구,13300,정릉동,,20230215,월세,15.0,1000,48,2018.0,단독다가구,2023
성북구,13500,종암동,,20230224,월세,18.0,1000,55,2004.0,단독다가구,2023
성북구,13300,정릉동,,20230224,월세,18.0,500,50,2018.0,단독다가구,2023
성북구,13300,정릉동,,20230224,월세,18.0,2000,50,2023.0,단독다가구,2023
성북구,13500,종암동,,20230208,월세,20.0,1000,65,2019.0,단독다가구,2023
성북구,12500,안암동5가,,20230208,월세,20.0,1000,40,1989.0,단독다가구,2023
성북구,13800,장위동,,20230201,월세,46.85,5000,35,1997.0,단독다가구,2023
성북구,12500,안암동5가,,20230218,월세,16.5,1000,54,1957.0,단독다가구,2023
성북구,13300,정릉동,,20230218,월세,16.5,5000,30,2022.0,단독다가구,2023
성북구,13300,정릉동,,20230218,월세,16.5,1000,50,2017.0,단독다가구,2023
성북구,13300,정릉동,4.0,20230306,월세,59.88,10000,75,2005.0,아파트,2023
성북구,13300,정릉동,4.0,20231006,월세,39.34,12000,30,1997.0,연립다세대,2023
성북구,13300,정릉동,2.0,20230306,월세,33.03,2000,50,2015.0,오피스텔,2023
성북구,10900,동소문동6가,11.0,20230330,월세,14.02,10000,47,2015.0,아파트,2023
성북구,13600,하월곡동,,20230218,월세,16.52,1000,40,2013.0,단독다가구,2023
성북구,13600,하월곡동,,20230218,월세,16.52,5000,20,2018.0,단독다가구,2023
성북구,13600,하월곡동,,20230215,월세,16.0,300,37,2010.0,단독다가구,2023
성북구,13300,정릉동,,20230215,월세,16.0,1000,50,2017.0,단독다가구,2023
성북구,13500,종암동,19.0,20230321,월세,114.98,10000,160,2004.0,아파트,2023
성북구,12500,안암동5가,,20230810,월세,18.5,500,55,1994.0,단독다가구,2023
성북구,12800,보문동6가,12.0,20230508,월세,29.96,10212,37,2017.0,아파트,2023
성북구,12800,보문동6가,12.0,20230508,월세,29.96,11708,30,2017.0,아파트,2023
성북구,13300,정릉동,4.0,20230530,월세,59.78,735,39,2021.0,연립다세대,2023
성북구,10100,성북동,4.0,20230327,월세,77.12,10000,120,1998.0,연립다세대,2023
성북구,13300,정릉동,,20230218,월세,17.6,500,35,1961.0,단독다가구,2023
성북구,13300,정릉동,,20230215,월세,16.5,1000,35,2021.0,단독다가구,2023
성북구,12500,안암동5가,,20230215,월세,16.5,1000,50,1957.0,단독다가구,2023
성북구,13500,종암동,,20230218,월세,18.0,1000,48,2018.0,단독다가구,2023
성북구,13300,정릉동,,20230218,월세,18.0,4000,20,2019.0,단독다가구,2023
성북구,13500,종암동,,20230218,월세,18.0,300,45,2017.0,단독다가구,2023
성북구,13900,석관동,,20230218,월세,18.0,1000,40,2012.0,단독다가구,2023
성북구,12800,보문동6가,4.0,20230511,월세,29.96,10212,37,2017.0,아파트,2023
성북구,13500,종암동,10.0,20230510,월세,114.98,4000,155,2004.0,아파트,2023
성북구,13500,종암동,6.0,20230711,월세,114.98,34000,55,2004.0,아파트,2023
성북구,13300,정릉동,,20230815,월세,16.0,500,45,2017.0,단독다가구,2023
성북구,13300,정릉동,21.0,20230601,월세,84.65,15000,150,2008.0,아파트,2023
성북구,13300,정릉동,1.0,20230327,월세,45.9,6000,40,1994.0,연립다세대,2023
성북구,13900,석관동,22.0,20231024,월세,164.92,60000,40,1998.0,아파트,2023
성북구,13800,장위동,,20230212,월세,33.0,300,25,1991.0,단독다가구,2023
성북구,13700,상월곡동,,20230201,월세,55.0,2500,80,1975.0,단독다가구,2023
성북구,13800,장위동,1.0,20231111,월세,58.22,1500,53,1996.0,연립다세대,2023
성북구,13500,종암동,,20230215,월세,17.15,500,40,2003.0,단독다가구,2023
성북구,12500,안암동5가,,20230224,월세,20.0,500,45,,단독다가구,2023
성북구,10300,돈암동,,20230215,월세,18.0,2000,30,1966.0,단독다가구,2023
성북구,13600,하월곡동,,20230208,월세,23.0,2000,10,1991.0,단독다가구,2023
성북구,13800,장위동,5.0,20230711,월세,29.12,13000,50,2021.0,연립다세대,2023
성북구,13300,정릉동,2.0,20230904,월세,17.1,1140,69,2023.0,연립다세대,2023
성북구,13300,정릉동,3.0,20230904,월세,20.51,1360,68,2023.0,연립다세대,2023
성북구,13500,종암동,,20230218,월세,19.5,300,55,2003.0,단독다가구,2023
성북구,12500,안암동5가,,20230804,월세,33.0,500,65,1998.0,단독다가구,2023
성북구,11700,동선동2가,,20230810,월세,20.0,500,47,2004.0,단독다가구,2023
성북구,13900,석관동,,20230807,월세,25.0,200,22,1997.0,단독다가구,2023
성북구,13500,종암동,,20230218,월세,20.0,500,50,2017.0,단독다가구,2023
성북구,13300,정릉동,,20230218,월세,20.0,3000,30,2019.0,단독다가구,2023
성북구,13900,석관동,,20230218,월세,20.0,500,47,2015.0,단독다가구,2023
성북구,11900,동선동4가,,20230218,월세,20.0,1000,60,2018.0,단독다가구,2023
성북구,10300,돈암동,15.0,20230823,월세,132.96,50000,50,1998.0,아파트,2023
성북구,12500,안암동5가,,20230621,월세,16.5,500,45,1997.0,단독다가구,2023
성북구,13600,하월곡동,,20230208,월세,25.2,300,40,1989.0,단독다가구,2023
성북구,13500,종암동,4.0,20231111,월세,23.48,1000,50,2002.0,연립다세대,2023
성북구,12200,안암동2가,,20230504,월세,33.12,500,50,1993.0,단독다가구,2023
성북구,13300,정릉동,,20230227,월세,14.0,500,40,2018.0,단독다가구,2023
성북구,11800,동선동3가,,20230224,월세,23.0,1000,35,2019.0,단독다가구,2023
성북구,13800,장위동,1.0,20230526,월세,41.93,13000,5,2002.0,연립다세대,2023
성북구,13500,종암동,,20230227,월세,15.0,500,45,2007.0,단독다가구,2023
성북구,13500,종암동,,20230227,월세,15.0,300,40,1966.0,단독다가구,2023
성북구,12100,안암동1가,8.0,20230315,월세,84.87,10000,160,2005.0,아파트,2023
성북구,13900,석관동,,20230208,월세,27.0,1000,45,2013.0,단독다가구,2023
성북구,11500,삼선동5가,,20230215,월세,20.0,500,45,1997.0,단독다가구,2023
성북구,13300,정릉동,2.0,20230524,월세,52.38,500,10,1996.0,연립다세대,2023
성북구,13800,장위동,5.0,20230513,월세,48.98,5000,60,2003.0,연립다세대,2023
성북구,13300,정릉동,,20230227,월세,15.18,1000,50,2019.0,단독다가구,2023
성북구,13900,석관동,9.0,20230523,월세,54.55,2000,88,1998.0,아파트,2023
성북구,13500,종암동,,20230227,월세,16.0,100,65,1992.0,단독다가구,2023
성북구,11800,동선동3가,,20230224,월세,24.0,1000,50,1997.0,단독다가구,2023
성북구,13300,정릉동,11.0,20230330,월세,59.9,28350,6,1999.0,아파트,2023
성북구,13300,정릉동,,20230815,월세,18.0,500,45,1993.0,단독다가구,2023
성북구,13900,석관동,,20230218,월세,23.0,1000,45,2010.0,단독다가구,2023
성북구,11200,삼선동2가,,20230208,월세,30.0,500,33,1990.0,단독다가구,2023
성북구,11900,동선동4가,9.0,20230508,월세,21.37,1000,75,2017.0,오피스텔,2023
성북구,13800,장위동,6.0,20230626,월세,66.69,20000,50,2006.0,아파트,2023
성북구,11200,삼선동2가,8.0,20230508,월세,56.83,10000,100,2009.0,아파트,2023
성북구,13900,석관동,7.0,20230408,월세,59.69,20000,85,2011.0,아파트,2023
성북구,13800,장위동,,20230202,월세,86.4,5000,85,1983.0,단독다가구,2023
성북구,11100,삼선동1가,,20230218,월세,23.11,2000,40,1955.0,단독다가구,2023
성북구,12700,보문동5가,,20230218,월세,23.14,1000,40,1992.0,단독다가구,2023
성북구,13300,정릉동,,20230227,월세,18.0,1000,30,2021.0,단독다가구,2023
성북구,13500,종암동,,20230227,월세,18.0,500,55,2016.0,단독다가구,2023
성북구,13900,석관동,,20230302,월세,16.0,500,45,1977.0,단독다가구,2023
성북구,12200,안암동2가,,20230224,월세,27.38,300,30,1994.0,단독다가구,2023
성북구,13500,종암동,,20230218,월세,25.0,1000,65,2018.0,단독다가구,2023
성북구,13300,정릉동,2.0,20230907,월세,35.3,300,50,2022.0,연립다세대,2023
성북구,11400,삼선동4가,8.0,20230306,월세,84.87,20000,120,1999.0,아파트,2023
성북구,13300,정릉동,,20230818,월세,18.0,500,40,2001.0,단독다가구,2023
성북구,13600,하월곡동,,20230227,월세,18.18,500,50,2018.0,단독다가구,2023
성북구,13300,정릉동,,20230215,월세,23.7,1000,70,2021.0,단독다가구,2023
성북구,13300,정릉동,,20230218,월세,26.4,3000,45,1990.0,단독다가구,2023
성북구,12300,안암동3가,,20230812,월세,39.0,1000,65,1993.0,단독다가구,2023
성북구,13500,종암동,,20230227,월세,19.0,1000,50,2010.0,단독다가구,2023
성북구,12700,보문동5가,,20230215,월세,25.0,3500,40,1992.0,단독다가구,2023
성북구,11800,동선동3가,,20230209,월세,46.73,2500,42,1990.0,단독다가구,2023
성북구,11800,동선동3가,,20230209,월세,46.73,2000,42,1990.0,단독다가구,2023
성북구,12000,동선동5가,,20230810,월세,21.45,1000,50,1993.0,단독다가구,2023
성북구,13400,길음동,,20230218,월세,28.0,2000,80,2015.0,단독다가구,2023
성북구,13800,장위동,15.0,20231102,월세,33.66,1500,100,2020.0,아파트,2023
성북구,11200,삼선동2가,,20230227,월세,19.8,1000,50,1989.0,단독다가구,2023
성북구,13900,석관동,5.0,20230306,월세,24.71,1000,80,2019.0,연립다세대,2023
성북구,13300,정릉동,,20230221,월세,15.0,500,40,2003.0,단독다가구,2023
성북구,13000,보문동1가,,20230215,월세,26.0,500,45,1990.0,단독다가구,2023
성북구,11800,동선동3가,,20230209,월세,50.0,4000,63,1997.0,단독다가구,2023
성북구,13500,종암동,16.0,20230614,월세,84.95,30000,55,2004.0,아파트,2023
성북구,10400,동소문동1가,,20230812,월세,40.0,3000,60,2003.0,단독다가구,2023
성북구,13900,석관동,,20230212,월세,50.16,3000,60,1994.0,단독다가구,2023
성북구,12200,안암동2가,,20230302,월세,19.0,300,30,,단독다가구,2023
성북구,13300,정릉동,,20230302,월세,19.0,500,35,1965.0,단독다가구,2023
성북구,13300,정릉동,3.0,20230907,월세,19.73,1310,65,2023.0,연립다세대,2023
성북구,13300,정릉동,,20230221,월세,16.5,500,35,2010.0,단독다가구,2023
성북구,13900,석관동,5.0,20230530,월세,33.15,500,70,2003.0,오피스텔,2023
성북구,13300,정릉동,,20230221,월세,16.52,300,50,2021.0,단독다가구,2023
성북구,13800,장위동,,20230215,월세,28.76,200,50,,단독다가구,2023
성북구,11100,삼선동1가,,20230218,월세,30.3,1000,80,1993.0,단독다가구,2023
성북구,12500,안암동5가,,20230218,월세,31.45,1000,60,2002.0,단독다가구,2023
성북구,13900,석관동,,20230215,월세,30.0,1000,40,1993.0,단독다가구,2023
성북구,13500,종암동,3.0,20230408,월세,84.73,20000,130,2005.0,아파트,2023
성북구,13300,정릉동,2.0,20230712,월세,14.07,1000,50,2012.0,연립다세대,2023
성북구,12100,안암동1가,,20230221,월세,18.0,700,30,1992.0,단독다가구,2023
성북구,13600,하월곡동,5.0,20230617,월세,15.54,1000,57,2013.0,아파트,2023
성북구,13600,하월곡동,17.0,20230617,월세,15.62,1000,55,2013.0,아파트,2023
성북구,13300,정릉동,,20230224,월세,34.04,1000,40,1993.0,단독다가구,2023
성북구,11800,동선동3가,,20230218,월세,33.0,500,50,1997.0,단독다가구,2023
성북구,13900,석관동,6.0,20230927,월세,59.93,5000,100,2011.0,아파트,2023
성북구,13300,정릉동,,20230209,월세,62.18,3000,80,1967.0,단독다가구,2023
성북구,12800,보문동6가,17.0,20230426,월세,84.96,60000,20,2017.0,아파트,2023
성북구,13800,장위동,14.0,20231009,월세,14.71,7000,30,2019.0,아파트,2023
성북구,13500,종암동,,20230302,월세,20.34,300,25,1993.0,단독다가구,2023
성북구,13800,장위동,4.0,20230614,월세,43.72,1359,18,2018.0,연립다세대,2023
성북구,13800,장위동,11.0,20230726,월세,15.21,500,62,2019.0,아파트,2023
성북구,13800,장위동,,20230215,월세,32.49,300,35,1991.0,단독다가구,2023
성북구,13600,하월곡동,,20230215,월세,32.84,1000,52,2019.0,단독다가구,2023
성북구,11100,삼선동1가,,20230624,월세,18.0,1000,50,1992.0,단독다가구,2023
성북구,13900,석관동,,20230818,월세,19.56,1000,45,2017.0,단독다가구,2023
성북구,10300,돈암동,5.0,20230629,월세,84.95,2000,154,2004.0,아파트,2023
성북구,11500,삼선동5가,,20230302,월세,22.84,8500,7,1994.0,단독다가구,2023
성북구,12800,보문동6가,,20230413,월세,47.45,1000,60,1987.0,단독다가구,2023
성북구,13500,종암동,,20230413,월세,47.52,10000,30,1994.0,단독다가구,2023
성북구,13600,하월곡동,,20230227,월세,25.56,2000,70,2022.0,단독다가구,2023
성북구,10100,성북동,,20230215,월세,33.05,1000,50,1966.0,단독다가구,2023
성북구,11600,동선동1가,,20230221,월세,20.0,1000,50,2011.0,단독다가구,2023
성북구,13600,하월곡동,,20230221,월세,20.0,1000,45,2004.0,단독다가구,2023
성북구,13600,하월곡동,,20230818,월세,20.0,600,25,1991.0,단독다가구,2023
성북구,13400,길음동,19.0,20230613,월세,59.9,30000,100,2019.0,아파트,2023
성북구,12000,동선동5가,,20230621,월세,18.0,3000,30,2002.0,단독다가구,2023
성북구,12500,안암동5가,,20230818,월세,20.0,200,30,,단독다가구,2023
성북구,13400,길음동,11.0,20230613,월세,84.95,10000,210,2019.0,아파트,2023
성북구,12500,안암동5가,,20230301,월세,25.0,300,50,1996.0,단독다가구,2023
성북구,13800,장위동,2.0,20230328,월세,39.65,2621,16,2022.0,아파트,2023
성북구,13500,종암동,9.0,20230712,월세,84.97,8000,150,2010.0,아파트,2023
성북구,13300,정릉동,2.0,20230913,월세,14.97,1000,50,2023.0,연립다세대,2023
성북구,13300,정릉동,,20230220,월세,40.0,500,30,1994.0,단독다가구,2023
성북구,10100,성북동,,20230301,월세,26.0,1000,50,2004.0,단독다가구,2023
성북구,12300,안암동3가,,20230223,월세,39.82,300,40,1990.0,단독다가구,2023
성북구,13300,정릉동,3.0,20230328,월세,19.7,4180,22,2020.0,연립다세대,2023
성북구,13300,정릉동,3.0,20230328,월세,19.7,5780,19,2020.0,연립다세대,2023
성북구,13300,정릉동,9.0,20230328,월세,84.92,34000,30,2007.0,아파트,2023
성북구,12200,안암동2가,,20230224,월세,40.0,1000,40,1997.0,단독다가구,2023
성북구,11300,삼선동3가,12.0,20230530,월세,35.58,2012,20,2008.0,아파트,2023
성북구,13300,정릉동,3.0,20230315,월세,38.84,3000,55,2016.0,연립다세대,2023
성북구,12000,동선동5가,,20230812,월세,44.82,6000,110,2007.0,단독다가구,2023
성북구,13800,장위동,13.0,20230520,월세,59.99,30000,60,2020.0,아파트,2023
성북구,12000,동선동5가,,20230810,월세,26.42,5000,60,2002.0,단독다가구,2023
성북구,13500,종암동,,20230302,월세,25.42,13000,15,1961.0,단독다가구,2023
성북구,13500,종암동,1.0,20230426,월세,57.27,2000,84,2002.0,연립다세대,2023
성북구,10500,동소문동2가,,20230215,월세,39.67,10000,60,,단독다가구,2023
성북구,12500,안암동5가,,20230227,월세,30.0,500,42,1997.0,단독다가구,2023
성북구,11200,삼선동2가,10.0,20230518,월세,56.83,8000,120,2009.0,아파트,2023
성북구,13300,정릉동,,20230810,월세,27.0,500,50,2012.0,단독다가구,2023
성북구,13300,정릉동,,20230221,월세,22.0,1000,55,2023.0,단독다가구,2023
성북구,11200,삼선동2가,7.0,20230426,월세,114.65,20000,150,2008.0,아파트,2023
성북구,11200,삼선동2가,8.0,20230426,월세,84.98,0,242,2009.0,아파트,2023
성북구,13500,종암동,,20230215,월세,40.27,500,50,1991.0,단독다가구,2023
성북구,13800,장위동,4.0,20230620,월세,14.71,700,60,2019.0,아파트,2023
성북구,13500,종암동,6.0,20230904,월세,59.04,5000,110,1999.0,아파트,2023
성북구,13400,길음동,23.0,20231205,월세,59.78,45000,80,2022.0,아파트,2023
성북구,13300,정릉동,14.0,20230411,월세,59.9,5000,120,1999.0,아파트,2023
성북구,13800,장위동,,20230810,월세,28.0,500,25,1991.0,단독다가구,2023
성북구,13800,장위동,,20230224,월세,45.04,12000,10,1997.0,단독다가구,2023
성북구,12800,보문동6가,,20230215,월세,42.17,1000,70,1994.0,단독다가구,2023
성북구,13300,정릉동,15.0,20230915,월세,59.88,25000,25,2005.0,아파트,2023
성북구,12800,보문동6가,9.0,20230420,월세,45.96,3654,19,2017.0,아파트,2023
성북구,13800,장위동,,20230227,월세,33.0,500,25,1960.0,단독다가구,2023
성북구,13800,장위동,,20230309,월세,13.0,100,32,1971.0,단독다가구,2023
성북구,13600,하월곡동,2.0,20230324,월세,114.93,15000,180,2007.0,아파트,2023
성북구,13300,정릉동,,20230215,월세,43.5,400,50,1986.0,단독다가구,2023
성북구,13900,석관동,5.0,20230321,월세,59.67,6656,61,2021.0,연립다세대,2023
성북구,13800,장위동,,20230218,월세,45.0,5000,70,2016.0,단독다가구,2023
성북구,13900,석관동,10.0,20230616,월세,59.97,3000,110,1998.0,아파트,2023
성북구,13600,하월곡동,8.0,20230318,월세,59.86,13880,70,2003.0,아파트,2023
성북구,13600,하월곡동,12.0,20230318,월세,59.86,20000,70,2003.0,아파트,2023
성북구,13600,하월곡동,6.0,20230318,월세,59.86,10000,100,2003.0,아파트,2023
성북구,10300,돈암동,2.0,20230315,월세,84.97,13000,150,2004.0,아파트,2023
성북구,12100,안암동1가,,20230221,월세,25.19,500,50,1997.0,단독다가구,2023
성북구,12100,안암동1가,3.0,20230505,월세,48.84,12000,15,2001.0,연립다세대,2023
성북구,13500,종암동,4.0,20230607,월세,22.64,5000,50,2018.0,연립다세대,2023
성북구,13300,정릉동,,20230221,월세,26.46,1000,50,2017.0,단독다가구,2023
성북구,13300,정릉동,,20230807,월세,35.0,500,40,,단독다가구,2023
성북구,13200,보문동3가,1.0,20230306,월세,59.49,25000,65,2003.0,아파트,2023
성북구,13300,정릉동,4.0,20230714,월세,44.74,1000,120,2022.0,연립다세대,2023
성북구,13600,하월곡동,14.0,20230530,월세,15.55,1000,60,2013.0,아파트,2023
성북구,12300,안암동3가,,20230224,월세,53.66,2000,90,1989.0,단독다가구,2023
성북구,13500,종암동,,20230810,월세,30.0,500,50,2003.0,단독다가구,2023
성북구,13800,장위동,,20230215,월세,50.28,1000,65,1992.0,단독다가구,2023
성북구,12500,안암동5가,,20230428,월세,23.0,2000,75,2023.0,단독다가구,2023
성북구,13300,정릉동,3.0,20230907,월세,84.09,15000,50,2005.0,아파트,2023
성북구,11500,삼선동5가,3.0,20230420,월세,36.18,1000,50,2002.0,연립다세대,2023
성북구,13300,정릉동,,20230224,월세,63.0,5000,60,1997.0,단독다가구,2023
성북구,13800,장위동,3.0,20230405,월세,53.92,20000,10,2001.0,연립다세대,2023
성북구,11100,삼선동1가,,20230218,월세,58.11,5000,60,1989.0,단독다가구,2023
성북구,13300,정릉동,,20230218,월세,58.55,10000,100,2022.0,단독다가구,2023
성북구,13900,석관동,8.0,20230417,월세,84.92,30000,55,2011.0,아파트,2023
성북구,13300,정릉동,4.0,20230315,월세,26.39,6203,9,2020.0,연립다세대,2023
성북구,11900,동선동4가,,20230818,월세,24.0,300,30,1992.0,단독다가구,2023
성북구,13400,길음동,,20230818,월세,24.0,1500,55,1973.0,단독다가구,2023
성북구,13800,장위동,,20230227,월세,39.8,500,30,1994.0,단독다가구,2023
성북구,12500,안암동5가,,20230221,월세,33.0,1000,70,1994.0,단독다가구,2023
성북구,13600,하월곡동,,20230218,월세,63.37,2000,40,1974.0,단독다가구,2023
성북구,13800,장위동,2.0,20230411,월세,47.14,498,35,2019.0,연립다세대,2023
성북구,13800,장위동,,20230302,월세,37.08,1000,40,1995.0,단독다가구,2023
성북구,11200,삼선동2가,,20230224,월세,76.54,4500,100,1996.0,단독다가구,2023
성북구,13700,상월곡동,5.0,20230501,월세,25.58,3500,71,2019.0,연립다세대,2023
성북구,10900,동소문동6가,11.0,20230501,월세,14.01,15000,20,2015.0,아파트,2023
성북구,10700,동소문동4가,,20230221,월세,33.64,7000,25,2001.0,단독다가구,2023
성북구,13900,석관동,,20230215,월세,71.27,3000,70,1985.0,단독다가구,2023
성북구,10300,돈암동,3.0,20230921,월세,59.99,17000,66,2004.0,아파트,2023
성북구,11500,삼선동5가,4.0,20230829,월세,43.58,10000,100,2020.0,연립다세대,2023
성북구,13700,상월곡동,,20230221,월세,35.0,1000,40,1991.0,단독다가구,2023
성북구,12800,보문동6가,,20230302,월세,40.0,1500,50,1992.0,단독다가구,2023
성북구,13600,하월곡동,,20230302,월세,40.0,4000,45,2011.0,단독다가구,2023
성북구,10300,돈암동,13.0,20230516,월세,84.82,5000,175,2006.0,아파트,2023
성북구,13500,종암동,3.0,20230321,월세,59.68,10000,120,2005.0,아파트,2023
성북구,10300,돈암동,3.0,20230516,월세,59.38,20000,70,2007.0,아파트,2023
성북구,13900,석관동,,20230301,월세,27.0,500,25,1996.0,단독다가구,2023
성북구,12700,보문동5가,,20230313,월세,18.0,1000,50,2008.0,단독다가구,2023
성북구,13300,정릉동,,20230309,월세,23.0,500,30,1994.0,단독다가구,2023
성북구,11800,동선동3가,,20230309,월세,23.0,7000,15,1995.0,단독다가구,2023
성북구,13400,길음동,,20230228,월세,35.48,1000,50,1990.0,단독다가구,2023
성북구,12100,안암동1가,,20230306,월세,15.0,500,35,1994.0,단독다가구,2023
성북구,12100,안암동1가,,20230225,월세,55.99,5000,100,1991.0,단독다가구,2023
성북구,13300,정릉동,5.0,20230324,월세,46.58,10000,35,2014.0,연립다세대,2023
성북구,11900,동선동4가,,20230303,월세,38.11,2000,30,1992.0,단독다가구,2023
성북구,13300,정릉동,,20230425,월세,17.88,3000,30,2011.0,단독다가구,2023
성북구,12700,보문동5가,,20230303,월세,38.88,3000,30,1993.0,단독다가구,2023
성북구,13400,길음동,9.0,20230523,월세,59.97,15000,145,2019.0,아파트,2023
성북구,10500,동소문동2가,,20230225,월세,58.59,10000,60,1995.0,단독다가구,2023
성북구,13400,길음동,,20230810,월세,33.0,1000,60,1991.0,단독다가구,2023
성북구,11700,동선동2가,,20230309,월세,24.0,500,53,1997.0,단독다가구,2023
성북구,13500,종암동,15.0,20231024,월세,84.99,25000,120,2009.0,아파트,2023
성북구,12500,안암동5가,,20230309,월세,25.0,5000,40,2009.0,단독다가구,2023
성북구,13600,하월곡동,2.0,20230614,월세,40.47,1494,19,2017.0,연립다세대,2023
성북구,13800,장위동,,20230222,월세,45.01,3000,80,2016.0,단독다가구,2023
성북구,13600,하월곡동,,20230228,월세,39.0,10000,25,2011.0,단독다가구,2023
성북구,13300,정릉동,8.0,20230330,월세,59.88,5000,90,2005.0,아파트,2023
성북구,13800,장위동,6.0,20231015,월세,18.03,300,52,2019.0,오피스텔,2023
성북구,13800,장위동,1.0,20230613,월세,39.9,9628,25,2021.0,아파트,2023
성북구,12100,안암동1가,,20230309,월세,27.2,2000,40,1994.0,단독다가구,2023
성북구,12100,안암동1가,,20230624,월세,19.8,1000,50,2018.0,단독다가구,2023
성북구,13800,장위동,23.0,20230613,월세,84.97,15000,93,2021.0,아파트,2023
성북구,11800,동선동3가,,20230818,월세,28.0,6000,20,1995.0,단독다가구,2023
성북구,13300,정릉동,,20230228,월세,40.52,500,73,1990.0,단독다가구,2023
성북구,11800,동선동3가,,20230225,월세,86.0,1000,55,1989.0,단독다가구,2023
성북구,13600,하월곡동,13.0,20230626,월세,84.99,15000,140,2007.0,아파트,2023
성북구,13400,길음동,,20230815,월세,29.0,200,30,1997.0,단독다가구,2023
성북구,13200,보문동3가,15.0,20230408,월세,84.9,10000,190,2013.0,아파트,2023
성북구,13900,석관동,2.0,20231024,월세,39.01,9324,24,2019.0,아파트,2023
성북구,10300,돈암동,12.0,20230516,월세,80.54,5000,145,2003.0,아파트,2023
성북구,13300,정릉동,9.0,20230427,월세,84.68,18000,100,2005.0,아파트,2023
성북구,12100,안암동1가,,20230304,월세,30.0,1000,40,1992.0,단독다가구,2023
성북구,13800,장위동,3.0,20230620,월세,29.84,3000,90,2022.0,연립다세대,2023
성북구,13900,석관동,,20230313,월세,18.02,500,40,2011.0,단독다가구,2023
성북구,10100,성북동,,20230316,월세,24.5,1000,82,,단독다가구,2023
성북구,12500,안암동5가,,20230301,월세,30.0,500,50,1990.0,단독다가구,2023
성북구,13600,하월곡동,3.0,20230904,월세,49.26,5011,11,2018.0,연립다세대,2023
성북구,10100,성북동,,20230222,월세,65.36,20000,100,1984.0,단독다가구,2023
성북구,13600,하월곡동,15.0,20230403,월세,84.84,5000,150,2003.0,아파트,2023
성북구,13300,정릉동,3.0,20230411,월세,58.62,15000,45,2022.0,연립다세대,2023
성북구,11100,삼선동1가,,20230304,월세,33.0,1000,55,2001.0,단독다가구,2023
성북구,13300,정릉동,,20230301,월세,30.16,500,35,1988.0,단독다가구,2023
성북구,13300,정릉동,9.0,20230331,월세,59.99,20000,20,2005.0,아파트,2023
성북구,11500,삼선동5가,,20230426,월세,52.48,3000,70,2002.0,단독다가구,2023
성북구,11400,삼선동4가,2.0,20230315,월세,41.9,1000,29,2001.0,연립다세대,2023
성북구,13600,하월곡동,3.0,20230414,월세,59.98,3000,150,2007.0,아파트,2023
성북구,13400,길음동,,20231031,월세,40.0,1000,50,1994.0,단독다가구,2023
성북구,13300,정릉동,3.0,20230715,월세,12.29,820,40,2023.0,연립다세대,2023
성북구,13900,석관동,,20230310,월세,33.0,500,45,1994.0,단독다가구,2023
성북구,13300,정릉동,3.0,20230715,월세,14.97,1000,50,2023.0,연립다세대,2023
성북구,11700,동선동2가,,20230313,월세,20.0,500,35,1994.0,단독다가구,2023
성북구,13300,정릉동,2.0,20230715,월세,15.85,1050,51,2023.0,연립다세대,2023
성북구,13300,정릉동,4.0,20230715,월세,15.85,1050,54,2023.0,연립다세대,2023
성북구,11700,동선동2가,,20230810,월세,36.0,1000,220,1995.0,단독다가구,2023
성북구,13500,종암동,,20230301,월세,33.0,200,25,1989.0,단독다가구,2023
성북구,11700,동선동2가,,20230301,월세,33.0,2000,80,2013.0,단독다가구,2023
성북구,13800,장위동,6.0,20230526,월세,39.9,12426,32,2021.0,아파트,2023
성북구,13900,석관동,,20230304,월세,33.57,13000,20,,단독다가구,2023
성북구,13600,하월곡동,,20230304,월세,35.0,500,35,1995.0,단독다가구,2023
성북구,13800,장위동,,20230310,월세,33.63,7000,10,1994.0,단독다가구,2023
성북구,13500,종암동,3.0,20230520,월세,12.61,500,35,2010.0,연립다세대,2023
성북구,13800,장위동,,20230301,월세,33.21,1000,40,1991.0,단독다가구,2023
성북구,13500,종암동,,20230812,월세,99.44,1000,55,1994.0,단독다가구,2023
성북구,10100,성북동,,20230310,월세,34.3,500,37,1997.0,단독다가구,2023
성북구,10800,동소문동5가,16.0,20230801,월세,14.02,1000,85,2018.0,아파트,2023
성북구,12700,보문동5가,5.0,20230708,월세,27.42,3000,120,2022.0,연립다세대,2023
성북구,13400,길음동,21.0,20230613,월세,59.88,20000,150,2022.0,아파트,2023
성북구,10700,동소문동4가,6.0,20230504,월세,58.59,6000,85,1998.0,아파트,2023
성북구,10500,동소문동2가,,20230223,월세,56.2,2000,100,,단독다가구,2023
성북구,12900,보문동7가,5.0,20230414,월세,46.56,21280,26,2021.0,연립다세대,2023
성북구,13800,장위동,8.0,20230905,월세,18.39,500,36,2020.0,아파트,2023
성북구,13300,정릉동,,20230304,월세,37.72,10000,5,1994.0,단독다가구,2023
성북구,13400,길음동,,20230304,월세,38.0,1000,55,1996.0,단독다가구,2023
성북구,12800,보문동6가,,20230223,월세,59.5,2000,80,1992.0,단독다가구,2023
성북구,10100,성북동,2.0,20230526,월세,29.05,3000,85,2022.0,연립다세대,2023
성북구,13600,하월곡동,,20230307,월세,15.0,250,28,1989.0,단독다가구,2023
성북구,10100,성북동,,20230316,월세,32.0,1000,50,1995.0,단독다가구,2023
성북구,13800,장위동,,20230310,월세,38.0,1000,40,1994.0,단독다가구,2023
성북구,11300,삼선동3가,,20230624,월세,21.0,3000,35,1990.0,단독다가구,2023
성북구,13900,석관동,,20230624,월세,21.0,3000,50,2019.0,단독다가구,2023
성북구,12200,안암동2가,,20230624,월세,21.0,1000,47,2012.0,단독다가구,2023
성북구,13700,상월곡동,,20230624,월세,21.0,500,53,2017.0,단독다가구,2023
성북구,13800,장위동,2.0,20230421,월세,39.98,3000,110,2022.0,아파트,2023
성북구,10300,돈암동,,20230304,월세,41.0,1000,65,1994.0,단독다가구,2023
성북구,13300,정릉동,2.0,20231105,월세,38.85,2000,45,2015.0,연립다세대,2023
성북구,13300,정릉동,9.0,20230406,월세,59.63,17000,90,2015.0,아파트,2023
성북구,13300,정릉동,8.0,20230421,월세,59.63,20000,80,2015.0,아파트,2023
성북구,12100,안암동1가,,20230313,월세,27.0,500,50,1993.0,단독다가구,2023
성북구,12300,안암동3가,,20230624,월세,21.3,500,35,1996.0,단독다가구,2023
성북구,13800,장위동,2.0,20230918,월세,39.34,4083,6,2006.0,아파트,2023
성북구,13300,정릉동,3.0,20230412,월세,35.3,1000,130,2022.0,연립다세대,2023
성북구,13800,장위동,2.0,20230829,월세,38.72,1773,23,2018.0,연립다세대,2023
성북구,13600,하월곡동,,20230227,월세,66.0,13000,120,2018.0,단독다가구,2023
성북구,13300,정릉동,15.0,20230405,월세,84.19,5000,140,1999.0,아파트,2023
성북구,13600,하월곡동,,20230624,월세,22.0,500,25,2003.0,단독다가구,2023
성북구,13300,정릉동,18.0,20230405,월세,84.09,20000,80,2005.0,아파트,2023
성북구,12500,안암동5가,,20230807,월세,49.5,1500,64,1992.0,단독다가구,2023
성북구,13800,장위동,9.0,20230327,월세,39.98,4265,3,2022.0,아파트,2023
성북구,13500,종암동,,20230306,월세,21.0,1000,40,2010.0,단독다가구,2023
성북구,13300,정릉동,4.0,20230921,월세,19.7,5780,19,2020.0,연립다세대,2023
성북구,13800,장위동,10.0,20230907,월세,59.97,7000,120,2006.0,아파트,2023
성북구,10300,돈암동,7.0,20230715,월세,143.51,25000,30,2005.0,아파트,2023
성북구,10200,성북동1가,4.0,20230518,월세,39.6,4000,60,2002.0,연립다세대,2023
성북구,13600,하월곡동,,20231204,월세,40.0,3000,45,1994.0,단독다가구,2023
성북구,13300,정릉동,16.0,20230327,월세,32.76,1470,15,2005.0,아파트,2023
성북구,13300,정릉동,16.0,20230327,월세,32.76,3613,3,2005.0,아파트,2023
성북구,13300,정릉동,2.0,20230327,월세,19.7,5780,19,2020.0,연립다세대,2023
성북구,13300,정릉동,3.0,20230327,월세,22.26,6912,23,2020.0,연립다세대,2023
성북구,13300,정릉동,6.0,20230327,월세,84.97,42000,10,2008.0,아파트,2023
성북구,13300,정릉동,10.0,20230918,월세,114.75,23000,95,2005.0,아파트,2023
성북구,13300,정릉동,19.0,20230918,월세,114.75,7000,150,2005.0,아파트,2023
성북구,13500,종암동,,20230302,월세,42.38,2000,90,1974.0,단독다가구,2023
성북구,11000,동소문동7가,2.0,20230402,월세,84.95,30000,80,2004.0,아파트,2023
성북구,13300,정릉동,16.0,20230918,월세,32.76,2677,7,2005.0,아파트,2023
성북구,13300,정릉동,8.0,20230918,월세,32.76,3151,7,2005.0,아파트,2023
성북구,13300,정릉동,1.0,20230918,월세,32.76,1543,16,2005.0,아파트,2023
성북구,13300,정릉동,2.0,20230918,월세,19.7,5780,19,2020.0,연립다세대,2023
성북구,13800,장위동,4.0,20230617,월세,58.0,5000,100,2020.0,연립다세대,2023
성북구,12800,보문동6가,,20230227,월세,81.1,3000,80,1993.0,단독다가구,2023
성북구,13300,정릉동,2.0,20230610,월세,13.64,1000,45,2013.0,연립다세대,2023
성북구,13500,종암동,9.0,20230405,월세,84.72,40000,20,1999.0,아파트,2023
성북구,13800,장위동,2.0,20230524,월세,54.81,13000,10,1993.0,연립다세대,2023
성북구,10800,동소문동5가,9.0,20230614,월세,14.02,500,84,2018.0,아파트,2023
성북구,13500,종암동,2.0,20230816,월세,77.68,500,40,1978.0,연립다세대,2023
성북구,13600,하월곡동,,20230304,월세,42.97,1000,30,1995.0,단독다가구,2023
성북구,12800,보문동6가,,20230303,월세,49.66,2000,60,1996.0,단독다가구,2023
성북구,13900,석관동,,20230228,월세,47.77,1000,45,1993.0,단독다가구,2023
성북구,10300,돈암동,11.0,20231202,월세,59.79,31500,25,1998.0,아파트,2023
성북구,10100,성북동,,20230306,월세,26.0,1000,50,2004.0,단독다가구,2023
성북구,12000,동선동5가,,20230530,월세,30.0,2000,65,1987.0,단독다가구,2023
성북구,13500,종암동,,20230228,월세,50.0,5000,50,1994.0,단독다가구,2023
성북구,10900,동소문동6가,,20230306,월세,27.0,1000,60,1990.0,단독다가구,2023
성북구,11900,동선동4가,,20230904,월세,50.33,2000,65,1994.0,단독다가구,2023
성북구,13300,정릉동,2.0,20230429,월세,40.75,1000,95,2022.0,연립다세대,2023
성북구,13300,정릉동,5.0,20231009,월세,65.21,20000,25,2004.0,연립다세대,2023
성북구,13600,하월곡동,17.0,20230521,월세,84.69,10000,110,2007.0,아파트,2023
성북구,13700,상월곡동,,20230530,월세,30.0,1000,40,1993.0,단독다가구,2023
성북구,13300,정릉동,,20230807,월세,57.14,7000,75,1967.0,단독다가구,2023
성북구,10300,돈암동,4.0,20230315,월세,132.96,5000,200,1998.0,아파트,2023
성북구,13300,정릉동,4.0,20230626,월세,29.87,10000,50,2019.0,연립다세대,2023
성북구,11200,삼선동2가,3.0,20230805,월세,60.63,1000,46,1998.0,연립다세대,2023
성북구,13300,정릉동,15.0,20230414,월세,84.96,8000,100,2003.0,아파트,2023
성북구,13800,장위동,3.0,20230324,월세,29.16,4000,55,2019.0,연립다세대,2023
성북구,10100,성북동,,20230228,월세,70.0,11000,90,1998.0,단독다가구,2023
성북구,13300,정릉동,,20230309,월세,45.0,1500,50,1988.0,단독다가구,2023
성북구,13600,하월곡동,,20230309,월세,46.0,1000,30,1995.0,단독다가구,2023
성북구,13700,상월곡동,3.0,20230711,월세,44.59,17000,40,2016.0,연립다세대,2023
성북구,12100,안암동1가,12.0,20230527,월세,84.87,15000,150,2005.0,아파트,2023
성북구,13500,종암동,12.0,20230414,월세,59.98,15000,100,2010.0,아파트,2023
성북구,13600,하월곡동,6.0,20230417,월세,20.2,2000,58,2020.0,오피스텔,2023
성북구,12400,안암동4가,3.0,20230516,월세,46.78,5000,50,2022.0,연립다세대,2023
성북구,13100,보문동2가,,20230807,월세,65.57,5000,70,1994.0,단독다가구,2023
성북구,13800,장위동,9.0,20230616,월세,39.9,9094,24,2021.0,아파트,2023
성북구,13300,정릉동,2.0,20230816,월세,27.47,1000,51,2020.0,연립다세대,2023
성북구,10700,동소문동4가,,20230310,월세,45.0,1000,45,1990.0,단독다가구,2023
성북구,13400,길음동,7.0,20230529,월세,59.93,5000,150,2019.0,아파트,2023
성북구,10300,돈암동,16.0,20230424,월세,59.58,3000,105,1998.0,아파트,2023
성북구,10200,성북동1가,,20230316,월세,36.73,17000,15,1994.0,단독다가구,2023
성북구,10200,성북동1가,,20230316,월세,36.73,20200,0,1994.0,단독다가구,2023
성북구,10500,동소문동2가,,20230301,월세,52.8,1000,80,1997.0,단독다가구,2023
성북구,10300,돈암동,4.0,20230424,월세,113.67,30000,110,1998.0,아파트,2023
성북구,10300,돈암동,14.0,20230424,월세,132.96,30000,100,1998.0,아파트,2023
성북구,13500,종암동,9.0,20230517,월세,59.98,10000,150,2011.0,아파트,2023
성북구,10500,동소문동2가,,20230316,월세,38.0,500,38,1991.0,단독다가구,2023
성북구,13800,장위동,,20230301,월세,54.82,3000,25,1994.0,단독다가구,2023
성북구,13800,장위동,,20230418,월세,28.7,600,25,1992.0,단독다가구,2023
성북구,10400,동소문동1가,,20230301,월세,56.1,3000,50,1991.0,단독다가구,2023
성북구,13600,하월곡동,,20230316,월세,38.26,2000,30,2001.0,단독다가구,2023
성북구,12400,안암동4가,,20230313,월세,30.65,2000,50,1977.0,단독다가구,2023
성북구,13300,정릉동,1.0,20230819,월세,61.75,500,40,2001.0,연립다세대,2023
성북구,13300,정릉동,6.0,20230415,월세,85.0,7000,115,2006.0,아파트,2023
성북구,13700,상월곡동,,20230304,월세,50.09,10000,20,1989.0,단독다가구,2023
성북구,13500,종암동,12.0,20230516,월세,84.92,29000,90,2009.0,아파트,2023
성북구,10100,성북동,,20230310,월세,50.0,3500,50,1997.0,단독다가구,2023
성북구,13800,장위동,,20230304,월세,54.63,1000,40,1991.0,단독다가구,2023
성북구,12500,안암동5가,,20230307,월세,22.0,500,58,1994.0,단독다가구,2023
성북구,13300,정릉동,6.0,20230412,월세,59.98,5000,140,2008.0,아파트,2023
성북구,13600,하월곡동,5.0,20230719,월세,25.38,1000,35,2013.0,연립다세대,2023
성북구,13800,장위동,,20230516,월세,33.0,400,30,1995.0,단독다가구,2023
성북구,12000,동선동5가,,20230310,월세,57.37,2000,100,2007.0,단독다가구,2023
성북구,13300,정릉동,,20230304,월세,63.36,30,35,,단독다가구,2023
성북구,13700,상월곡동,,20230304,월세,65.42,15000,22,1994.0,단독다가구,2023
성북구,13300,정릉동,6.0,20230403,월세,84.98,5400,140,2004.0,아파트,2023
성북구,13300,정릉동,,20230313,월세,36.0,500,50,1992.0,단독다가구,2023
성북구,13800,장위동,9.0,20230516,월세,39.9,11476,42,2021.0,아파트,2023
성북구,13800,장위동,9.0,20230516,월세,39.9,13160,34,2021.0,아파트,2023
성북구,13400,길음동,2.0,20230710,월세,14.31,1000,52,2012.0,연립다세대,2023
성북구,10200,성북동1가,,20230823,월세,19.0,1000,60,,단독다가구,2023
성북구,13900,석관동,,20230309,월세,47.17,3000,50,1965.0,단독다가구,2023
성북구,12800,보문동6가,6.0,20231202,월세,59.81,10000,145,2017.0,아파트,2023
성북구,13300,정릉동,2.0,20230915,월세,47.26,5000,50,2002.0,연립다세대,2023
성북구,13300,정릉동,3.0,20230816,월세,50.56,5000,120,2023.0,연립다세대,2023
성북구,13300,정릉동,2.0,20230411,월세,42.99,3000,60,1995.0,연립다세대,2023
성북구,11200,삼선동2가,,20230821,월세,19.8,1000,75,1989.0,단독다가구,2023
성북구,13600,하월곡동,,20230306,월세,34.22,500,30,2001.0,단독다가구,2023
성북구,11400,삼선동4가,,20230302,월세,64.01,15000,45,1990.0,단독다가구,2023
성북구,13300,정릉동,4.0,20230411,월세,59.98,10000,110,2008.0,아파트,2023
성북구,11100,삼선동1가,4.0,20230408,월세,49.74,20000,65,2018.0,연립다세대,2023
성북구,13500,종암동,,20230306,월세,35.57,500,30,1969.0,단독다가구,2023
성북구,11100,삼선동1가,,20230306,월세,36.0,1000,80,1981.0,단독다가구,2023
성북구,13300,정릉동,3.0,20230805,월세,29.96,1000,80,2011.0,연립다세대,2023
성북구,13300,정릉동,3.0,20230408,월세,29.58,1000,100,2021.0,연립다세대,2023
성북구,13900,석관동,5.0,20230623,월세,28.52,5500,60,2018.0,연립다세대,2023
성북구,13300,정릉동,,20230309,월세,58.15,1000,60,,단독다가구,2023
성북구,13300,정릉동,6.0,20230426,월세,29.93,5000,120,2022.0,연립다세대,2023
성북구,13800,장위동,3.0,20230420,월세,52.08,4782,15,2018.0,연립다세대,2023
성북구,13300,정릉동,11.0,20230321,월세,59.88,20000,40,2005.0,아파트,2023
성북구,13800,장위동,6.0,20231021,월세,22.47,1000,120,2022.0,연립다세대,2023
성북구,11500,삼선동5가,,20230313,월세,36.54,500,47,1993.0,단독다가구,2023
성북구,10800,동소문동5가,8.0,20230429,월세,14.6,8000,55,2017.0,아파트,2023
성북구,13900,석관동,5.0,20230619,월세,32.02,2581,34,2021.0,연립다세대,2023
성북구,12500,안암동5가,,20230307,월세,32.23,1000,60,1997.0,단독다가구,2023
성북구,13300,정릉동,,20230316,월세,47.87,2000,70,1993.0,단독다가구,2023
성북구,13500,종암동,,20230316,월세,49.12,2000,60,1993.0,단독다가구,2023
성북구,13800,장위동,13.0,20230816,월세,18.39,7700,12,2020.0,아파트,2023
성북구,13400,길음동,,20230907,월세,69.83,100,30,1996.0,단독다가구,2023
성북구,13600,하월곡동,,20230821,월세,20.0,1000,50,,단독다가구,2023
성북구,13300,정릉동,1.0,20230331,월세,40.68,500,28,1986.0,연립다세대,2023
성북구,13400,길음동,11.0,20230517,월세,59.93,3000,180,2019.0,아파트,2023
성북구,13500,종암동,,20230821,월세,20.0,500,30,1989.0,단독다가구,2023
성북구,13300,정릉동,,20230821,월세,20.0,500,50,1992.0,단독다가구,2023
성북구,13900,석관동,,20230307,월세,37.0,500,33,1994.0,단독다가구,2023
성북구,13300,정릉동,3.0,20230420,월세,29.93,5000,120,2022.0,연립다세대,2023
성북구,13800,장위동,2.0,20230705,월세,54.81,10000,25,1993.0,연립다세대,2023
성북구,13900,석관동,,20230307,월세,40.0,400,41,1991.0,단독다가구,2023
성북구,13600,하월곡동,22.0,20230605,월세,84.14,5000,150,2007.0,아파트,2023
성북구,13300,정릉동,,20230312,월세,40.0,2000,20,1993.0,단독다가구,2023
성북구,12800,보문동6가,2.0,20231021,월세,59.19,10000,175,2017.0,아파트,2023
성북구,12000,동선동5가,3.0,20230808,월세,28.33,2000,80,2012.0,연립다세대,2023
성북구,12100,안암동1가,2.0,20230705,월세,59.7,5000,140,2005.0,아파트,2023
성북구,13300,정릉동,3.0,20230717,월세,59.9,10000,100,1999.0,아파트,2023
성북구,13800,장위동,2.0,20230414,월세,44.57,500,66,2006.0,연립다세대,2023
성북구,13500,종암동,5.0,20230915,월세,29.82,5000,80,2022.0,연립다세대,2023
성북구,12200,안암동2가,,20230307,월세,40.9,1000,70,,단독다가구,2023
성북구,11800,동선동3가,3.0,20230827,월세,24.48,500,53,2003.0,연립다세대,2023
성북구,13800,장위동,,20230315,월세,11.0,300,7,1983.0,단독다가구,2023
성북구,10200,성북동1가,,20230402,월세,18.0,200,40,2000.0,단독다가구,2023
성북구,11700,동선동2가,4.0,20230614,월세,49.29,1000,55,2001.0,연립다세대,2023
성북구,13300,정릉동,,20230307,월세,42.98,12000,135,1941.0,단독다가구,2023
성북구,10300,돈암동,3.0,20230408,월세,132.96,30000,115,1998.0,아파트,2023
성북구,11000,동소문동7가,10.0,20230405,월세,59.91,4000,120,2004.0,아파트,2023
성북구,13300,정릉동,5.0,20230420,월세,29.93,1000,100,2018.0,연립다세대,2023
성북구,13600,하월곡동,5.0,20230524,월세,41.73,2000,70,2002.0,연립다세대,2023
성북구,13500,종암동,,20230315,월세,16.5,300,40,1997.0,단독다가구,2023
성북구,13800,장위동,3.0,20230508,월세,23.82,11000,10,2020.0,연립다세대,2023
성북구,10300,돈암동,14.0,20230408,월세,59.58,5000,120,1998.0,아파트,2023
성북구,13600,하월곡동,,20230315,월세,18.0,500,25,1991.0,단독다가구,2023
성북구,12100,안암동1가,,20230312,월세,47.93,500,70,1994.0,단독다가구,2023
성북구,13800,장위동,2.0,20230505,월세,64.68,2000,80,2006.0,연립다세대,2023
성북구,10300,돈암동,,20230307,월세,50.0,1000,74,2004.0,단독다가구,2023
성북구,13800,장위동,8.0,20230822,월세,33.04,16900,27,2020.0,아파트,2023
성북구,13400,길음동,12.0,20231217,월세,59.94,8000,75,1998.0,아파트,2023
성북구,13500,종암동,,20230720,월세,45.26,1694,22,,단독다가구,2023
성북구,13300,정릉동,,20230318,월세,15.7,500,45,2011.0,단독다가구,2023
성북구,13800,장위동,,20230307,월세,57.65,500,20,1968.0,단독다가구,2023
성북구,13300,정릉동,,20230324,월세,15.0,3000,40,2022.0,단독다가구,2023
성북구,13800,장위동,2.0,20230626,월세,38.28,2000,40,1993.0,연립다세대,2023
성북구,13800,장위동,,20230307,월세,60.15,1000,30,,단독다가구,2023
성북구,11700,동선동2가,4.0,20230411,월세,35.45,1500,57,2001.0,연립다세대,2023
성북구,10100,성북동,,20230307,월세,70.04,19000,20,1993.0,단독다가구,2023
성북구,13300,정릉동,2.0,20230524,월세,57.25,5000,45,1979.0,연립다세대,2023
성북구,13600,하월곡동,,20230821,월세,21.0,400,30,1991.0,단독다가구,2023
성북구,11700,동선동2가,,20230821,월세,21.0,1000,45,2002.0,단독다가구,2023
성북구,13400,길음동,6.0,20231108,월세,84.97,42000,5,2005.0,아파트,2023
성북구,13400,길음동,8.0,20231202,월세,59.94,5000,120,1998.0,아파트,2023
성북구,11200,삼선동2가,3.0,20231202,월세,59.95,15000,70,2008.0,아파트,2023
성북구,13300,정릉동,,20230626,월세,30.81,4000,33,1988.0,단독다가구,2023
성북구,13600,하월곡동,5.0,20230418,월세,114.75,10000,150,2003.0,아파트,2023
성북구,13500,종암동,3.0,20230331,월세,37.95,16000,27,2013.0,연립다세대,2023
성북구,13600,하월곡동,2.0,20230418,월세,59.98,30000,30,2007.0,아파트,2023
성북구,13300,정릉동,3.0,20230408,월세,26.55,1000,45,1999.0,연립다세대,2023
성북구,11500,삼선동5가,,20230325,월세,18.0,3000,50,2017.0,단독다가구,2023
성북구,11100,삼선동1가,,20230325,월세,18.0,500,35,2006.0,단독다가구,2023
성북구,13400,길음동,14.0,20231108,월세,60.0,10000,120,2003.0,아파트,2023
성북구,10100,성북동,,20230308,월세,88.0,15000,50,1998.0,단독다가구,2023
성북구,13300,정릉동,20.0,20230505,월세,84.85,40000,15,2007.0,아파트,2023
성북구,13800,장위동,,20230313,월세,44.3,1000,60,1974.0,단독다가구,2023
성북구,13300,정릉동,,20230330,월세,15.0,500,40,2020.0,단독다가구,2023
성북구,12700,보문동5가,,20230330,월세,15.0,1000,30,2011.0,단독다가구,2023
성북구,13800,장위동,,20230313,월세,45.0,1000,30,1982.0,단독다가구,2023
성북구,13300,정릉동,3.0,20230504,월세,52.6,30000,40,2019.0,연립다세대,2023
성북구,13300,정릉동,,20230318,월세,20.26,6800,8,1969.0,단독다가구,2023
성북구,13500,종암동,,20230318,월세,21.0,8000,35,2009.0,단독다가구,2023
성북구,12100,안암동1가,,20230315,월세,27.52,300,35,1989.0,단독다가구,2023
성북구,13000,보문동1가,5.0,20230912,월세,30.02,1000,75,2013.0,연립다세대,2023
성북구,11800,동선동3가,2.0,20230629,월세,40.95,300,70,2002.0,연립다세대,2023
성북구,13600,하월곡동,15.0,20230502,월세,84.84,30000,60,2003.0,아파트,2023
성북구,13600,하월곡동,13.0,20230502,월세,84.84,26000,25,2003.0,아파트,2023
성북구,10300,돈암동,16.0,20230411,월세,32.49,722,9,1998.0,아파트,2023
성북구,12500,안암동5가,,20230318,월세,23.1,1000,40,2007.0,단독다가구,2023
성북구,13600,하월곡동,10.0,20230502,월세,84.88,25000,80,2007.0,아파트,2023
성북구,11500,삼선동5가,,20230324,월세,22.84,8500,70,1994.0,단독다가구,2023
성북구,13500,종암동,7.0,20230524,월세,84.72,32000,50,1999.0,아파트,2023
성북구,13300,정릉동,,20230315,월세,31.36,1000,40,1987.0,단독다가구,2023
성북구,13500,종암동,8.0,20231021,월세,59.99,30000,40,2004.0,아파트,2023
성북구,13500,종암동,6.0,20231021,월세,59.99,5000,145,2004.0,아파트,2023
성북구,12900,보문동7가,,20230327,월세,12.0,500,35,1985.0,단독다가구,2023
성북구,11100,삼선동1가,,20230318,월세,26.4,1000,55,1988.0,단독다가구,2023
성북구,13900,석관동,7.0,20230505,월세,59.79,10000,100,1994.0,아파트,2023
성북구,13300,정릉동,,20230405,월세,15.0,1000,55,2018.0,단독다가구,2023
성북구,10300,돈암동,,20230405,월세,15.0,500,40,1993.0,단독다가구,2023
성북구,13300,정릉동,1.0,20231214,월세,52.89,15000,35,1977.0,아파트,2023
성북구,13900,석관동,,20230330,월세,20.0,1000,45,2019.0,단독다가구,2023
성북구,13600,하월곡동,,20230330,월세,20.0,500,55,2004.0,단독다가구,2023
성북구,13600,하월곡동,,20230408,월세,15.0,200,30,2008.0,단독다가구,2023
성북구,11100,삼선동1가,3.0,20230414,월세,37.69,23000,15,2015.0,연립다세대,2023
성북구,11100,삼선동1가,,20230318,월세,30.0,300,40,1990.0,단독다가구,2023
성북구,13900,석관동,,20230729,월세,18.2,500,35,2014.0,단독다가구,2023
성북구,13300,정릉동,4.0,20230524,월세,59.99,7000,68,2005.0,아파트,2023
성북구,13300,정릉동,12.0,20230426,월세,32.76,3078,6,2005.0,아파트,2023
성북구,13300,정릉동,3.0,20230426,월세,22.26,9012,12,2020.0,연립다세대,2023
성북구,11500,삼선동5가,,20230408,월세,17.0,1000,45,2010.0,단독다가구,2023
성북구,13600,하월곡동,,20230324,월세,30.0,500,50,1993.0,단독다가구,2023
성북구,13500,종암동,,20230402,월세,39.76,2000,40,1997.0,단독다가구,2023
성북구,13800,장위동,3.0,20230429,월세,39.98,5000,100,2022.0,아파트,2023
성북구,11500,삼선동5가,,20230315,월세,38.2,1000,50,1994.0,단독다가구,2023
성북구,11100,삼선동1가,,20230318,월세,33.0,2000,55,1991.0,단독다가구,2023
성북구,13300,정릉동,7.0,20230429,월세,84.4,10000,140,2009.0,아파트,2023
성북구,10300,돈암동,18.0,20230913,월세,113.67,45000,30,1998.0,아파트,2023
성북구,13500,종암동,8.0,20230426,월세,84.72,8000,86,1999.0,아파트,2023
성북구,13900,석관동,,20230405,월세,18.02,400,37,2011.0,단독다가구,2023
성북구,12500,안암동5가,5.0,20231102,월세,15.48,1000,55,2016.0,연립다세대,2023
성북구,13900,석관동,,20230315,월세,39.92,300,30,1993.0,단독다가구,2023
성북구,13300,정릉동,9.0,20230420,월세,59.9,10000,60,1999.0,아파트,2023
성북구,13300,정릉동,2.0,20230420,월세,19.7,7660,9,2020.0,연립다세대,2023
성북구,11700,동선동2가,3.0,20231027,월세,12.18,2000,47,2017.0,연립다세대,2023
성북구,13900,석관동,,20230408,월세,19.0,500,31,1991.0,단독다가구,2023
성북구,13300,정릉동,-1.0,20230420,월세,62.66,2000,30,1998.0,연립다세대,2023
성북구,11400,삼선동4가,,20230327,월세,20.0,1000,55,2001.0,단독다가구,2023
성북구,13700,상월곡동,,20230324,월세,33.0,2500,40,1993.0,단독다가구,2023
성북구,13500,종암동,9.0,20230429,월세,114.75,25000,90,1999.0,아파트,2023
성북구,13300,정릉동,1.0,20230508,월세,42.99,10000,20,1995.0,연립다세대,2023
성북구,13800,장위동,3.0,20230417,월세,44.14,200,20,2015.0,연립다세대,2023
성북구,12500,안암동5가,,20230408,월세,19.5,1000,55,1992.0,단독다가구,2023
성북구,13500,종암동,,20230408,월세,19.8,400,40,,단독다가구,2023
성북구,13300,정릉동,17.0,20230708,월세,84.92,30000,50,2009.0,아파트,2023
성북구,11200,삼선동2가,,20231207,월세,16.0,1000,51,2016.0,단독다가구,2023
성북구,13300,정릉동,3.0,20230714,월세,15.85,1050,54,2023.0,연립다세대,2023
성북구,13300,정릉동,,20230315,월세,42.05,2000,55,1978.0,단독다가구,2023
성북구,13100,보문동2가,4.0,20230825,월세,23.26,3000,75,2015.0,연립다세대,2023
성북구,12500,안암동5가,4.0,20231105,월세,16.84,1000,70,2019.0,연립다세대,2023
성북구,13600,하월곡동,9.0,20231202,월세,15.62,1000,60,2013.0,아파트,2023
성북구,11100,삼선동1가,1.0,20230611,월세,53.84,17000,10,1991.0,연립다세대,2023
성북구,13400,길음동,8.0,20231122,월세,30.61,3861,1,2005.0,아파트,2023
성북구,13100,보문동2가,3.0,20230620,월세,35.15,1000,70,2002.0,오피스텔,2023
성북구,11800,동선동3가,,20230327,월세,22.07,1000,80,2023.0,단독다가구,2023
성북구,13300,정릉동,5.0,20230511,월세,49.34,20000,20,2019.0,연립다세대,2023
성북구,13800,장위동,,20230315,월세,46.0,500,30,1993.0,단독다가구,2023
성북구,13300,정릉동,1.0,20230605,월세,37.83,2000,50,1994.0,연립다세대,2023
성북구,11300,삼선동3가,3.0,20230423,월세,14.82,1000,52,2011.0,연립다세대,2023
성북구,13600,하월곡동,,20230324,월세,36.29,2000,35,1994.0,단독다가구,2023
성북구,13300,정릉동,7.0,20230702,월세,59.98,5000,120,2005.0,아파트,2023
성북구,12600,보문동4가,,20230327,월세,25.0,1000,42,1995.0,단독다가구,2023
성북구,13400,길음동,9.0,20231122,월세,59.99,5000,134,2010.0,아파트,2023
성북구,11800,동선동3가,3.0,20230617,월세,41.15,5000,90,2001.0,연립다세대,2023
성북구,13300,정릉동,4.0,20231122,월세,114.63,20000,100,1999.0,아파트,2023
성북구,13400,길음동,,20231115,월세,19.5,1000,53,2019.0,단독다가구,2023
성북구,13300,정릉동,,20230327,월세,28.0,11000,25,2020.0,단독다가구,2023
성북구,12100,안암동1가,,20230405,월세,28.0,1000,70,1994.0,단독다가구,2023
성북구,13600,하월곡동,6.0,20230626,월세,59.98,30000,50,2007.0,아파트,2023
성북구,13500,종암동,1.0,20230511,월세,133.98,200,72,1984.0,연립다세대,2023
성북구,13300,정릉동,2.0,20230720,월세,15.85,1050,54,2023.0,연립다세대,2023
성북구,13600,하월곡동,,20230324,월세,45.0,10000,20,1994.0,단독다가구,2023
성북구,11100,삼선동1가,1.0,20230720,월세,79.02,0,55,2008.0,연립다세대,2023
성북구,13300,정릉동,1.0,20230629,월세,40.2,2000,55,1992.0,연립다세대,2023
성북구,13800,장위동,,20230330,월세,37.32,300,45,1993.0,단독다가구,2023
성북구,10300,돈암동,9.0,20230708,월세,84.97,10000,180,2004.0,아파트,2023
성북구,13500,종암동,9.0,20231018,월세,84.73,35000,40,2005.0,아파트,2023
성북구,10900,동소문동6가,4.0,20230825,월세,32.17,2000,150,2023.0,연립다세대,2023
성북구,13800,장위동,,20230315,월세,108.88,2500,40,1983.0,단독다가구,2023
성북구,13300,정릉동,,20230904,월세,56.63,13000,20,1991.0,단독다가구,2023
성북구,13200,보문동3가,4.0,20230608,월세,84.9,43000,50,2013.0,아파트,2023
성북구,13400,길음동,3.0,20231027,월세,33.99,6402,5,2010.0,아파트,2023
성북구,11700,동선동2가,,20230322,월세,18.0,1000,45,2008.0,단독다가구,2023
성북구,13900,석관동,,20230321,월세,20.0,500,20,1993.0,단독다가구,2023
성북구,12500,안암동5가,,20230321,월세,20.0,300,43,1994.0,단독다가구,2023
성북구,13800,장위동,,20231201,월세,49.5,4000,30,1996.0,단독다가구,2023
성북구,13200,보문동3가,5.0,20230829,월세,59.49,10000,140,2003.0,아파트,2023
성북구,13900,석관동,,20230330,월세,38.88,500,38,1994.0,단독다가구,2023
성북구,13900,석관동,,20230324,월세,49.46,6000,55,1993.0,단독다가구,2023
성북구,13300,정릉동,1.0,20230723,월세,15.85,1050,54,2023.0,연립다세대,2023
성북구,13600,하월곡동,,20230405,월세,31.69,6000,35,1993.0,단독다가구,2023
성북구,11100,삼선동1가,2.0,20230723,월세,73.32,0,55,2008.0,연립다세대,2023
성북구,13300,정릉동,4.0,20230708,월세,14.97,1000,50,2023.0,연립다세대,2023
성북구,13300,정릉동,3.0,20230708,월세,15.26,1020,51,2023.0,연립다세대,2023
성북구,13300,정릉동,1.0,20230708,월세,19.04,1270,63,2023.0,연립다세대,2023
성북구,12200,안암동2가,,20230823,월세,24.0,1000,65,2003.0,단독다가구,2023
성북구,11100,삼선동1가,,20230517,월세,33.0,5000,25,1959.0,단독다가구,2023
성북구,13800,장위동,2.0,20230421,월세,28.42,4000,45,2020.0,연립다세대,2023
성북구,12500,안암동5가,,20230821,월세,25.0,1000,78,2018.0,단독다가구,2023
성북구,13300,정릉동,11.0,20231027,월세,50.45,10000,59,1999.0,아파트,2023
성북구,13300,정릉동,2.0,20230403,월세,29.96,1000,100,2021.0,연립다세대,2023
성북구,10300,돈암동,16.0,20230610,월세,84.92,26500,35,1998.0,아파트,2023
성북구,13400,길음동,18.0,20231027,월세,84.84,30000,90,2003.0,아파트,2023
성북구,13400,길음동,12.0,20231027,월세,84.84,5200,100,2003.0,아파트,2023
성북구,11500,삼선동5가,2.0,20230504,월세,59.77,7000,55,2007.0,연립다세대,2023
성북구,13800,장위동,4.0,20231006,월세,39.0,5000,100,2022.0,아파트,2023
성북구,13300,정릉동,1.0,20230412,월세,61.56,1500,50,1992.0,연립다세대,2023
성북구,12400,안암동4가,,20230325,월세,20.0,300,38,1996.0,단독다가구,2023
성북구,13300,정릉동,9.0,20230714,월세,84.31,5000,150,2007.0,아파트,2023
성북구,13400,길음동,2.0,20230816,월세,33.28,5517,11,2010.0,아파트,2023
성북구,13400,길음동,11.0,20230816,월세,59.37,20000,100,2007.0,아파트,2023
성북구,12800,보문동6가,20.0,20230610,월세,84.99,40000,45,2017.0,아파트,2023
성북구,13400,길음동,19.0,20230816,월세,84.78,20000,140,2010.0,아파트,2023
성북구,13500,종암동,,20230322,월세,24.0,500,30,1991.0,단독다가구,2023
성북구,12100,안암동1가,,20230322,월세,24.0,300,45,1994.0,단독다가구,2023
성북구,10300,돈암동,3.0,20230902,월세,66.02,1000,60,1981.0,아파트,2023
성북구,11500,삼선동5가,3.0,20230527,월세,29.86,23500,10,2019.0,연립다세대,2023
성북구,13800,장위동,,20230322,월세,26.58,8000,5,1983.0,단독다가구,2023
성북구,13500,종암동,,20230818,월세,36.0,500,70,1992.0,단독다가구,2023
성북구,13300,정릉동,2.0,20230705,월세,14.97,1000,50,2023.0,연립다세대,2023
성북구,13600,하월곡동,,20230325,월세,26.04,300,30,1991.0,단독다가구,2023
성북구,12800,보문동6가,10.0,20230607,월세,29.96,2415,12,2017.0,아파트,2023
성북구,12800,보문동6가,10.0,20230607,월세,29.96,4189,2,2017.0,아파트,2023
성북구,12800,보문동6가,8.0,20230607,월세,29.96,2415,12,2017.0,아파트,2023
성북구,10300,돈암동,14.0,20230406,월세,59.58,5000,100,1998.0,아파트,2023
성북구,10400,동소문동1가,,20230325,월세,26.44,400,50,2002.0,단독다가구,2023
성북구,13600,하월곡동,,20230322,월세,30.0,2000,75,1991.0,단독다가구,2023
성북구,13300,정릉동,3.0,20230705,월세,17.09,1140,68,2023.0,연립다세대,2023
성북구,13300,정릉동,3.0,20230705,월세,24.49,1600,83,2023.0,연립다세대,2023
성북구,13300,정릉동,4.0,20230705,월세,24.49,1600,83,2023.0,연립다세대,2023
성북구,13300,정릉동,-1.0,20231127,월세,39.39,500,55,1991.0,연립다세대,2023
성북구,13800,장위동,2.0,20231127,월세,42.33,9450,20,2002.0,연립다세대,2023
성북구,12800,보문동6가,2.0,20230601,월세,45.81,10000,130,2017.0,아파트,2023
성북구,13300,정릉동,5.0,20230418,월세,49.34,20000,20,2019.0,연립다세대,2023
성북구,11000,동소문동7가,8.0,20230505,월세,59.91,3000,144,2004.0,아파트,2023
성북구,10200,성북동1가,3.0,20230523,월세,24.5,12000,32,2015.0,연립다세대,2023
성북구,11400,삼선동4가,10.0,20230502,월세,59.94,10000,120,1999.0,아파트,2023
성북구,11800,동선동3가,,20230821,월세,26.0,1000,65,1996.0,단독다가구,2023
성북구,12000,동선동5가,,20230331,월세,15.0,400,30,2010.0,단독다가구,2023
성북구,13900,석관동,,20230325,월세,33.0,1000,30,1995.0,단독다가구,2023
성북구,12100,안암동1가,,20230325,월세,33.0,1000,67,1994.0,단독다가구,2023
성북구,13400,길음동,4.0,20230819,월세,59.99,10000,150,2003.0,아파트,2023
성북구,13400,길음동,1.0,20230819,월세,84.96,20000,110,2003.0,아파트,2023
성북구,13400,길음동,8.0,20230819,월세,59.75,20000,90,2006.0,아파트,2023
성북구,13300,정릉동,,20230915,월세,15.0,400,45,1987.0,단독다가구,2023
성북구,10700,동소문동4가,,20230331,월세,16.5,500,55,2011.0,단독다가구,2023
성북구,13400,길음동,5.0,20230819,월세,59.98,26000,80,2010.0,아파트,2023
성북구,10200,성북동1가,3.0,20230918,월세,48.71,7000,59,2003.0,연립다세대,2023
성북구,12600,보문동4가,,20230826,월세,10.78,1000,50,2003.0,단독다가구,2023
성북구,13400,길음동,,20230325,월세,33.82,500,25,1962.0,단독다가구,2023
성북구,13300,정릉동,14.0,20230602,월세,59.37,8000,110,2009.0,아파트,2023
성북구,13500,종암동,3.0,20230520,월세,59.99,10000,110,2004.0,아파트,2023
성북구,12800,보문동6가,14.0,20230523,월세,29.96,7755,19,2017.0,아파트,2023
성북구,13500,종암동,,20230331,월세,17.15,2000,40,2018.0,단독다가구,2023
성북구,10300,돈암동,17.0,20230421,월세,59.58,5000,110,1998.0,아파트,2023
성북구,12800,보문동6가,14.0,20230613,월세,72.96,10000,175,2017.0,아파트,2023
성북구,11300,삼선동3가,11.0,20230607,월세,35.58,2012,20,2008.0,아파트,2023
성북구,13800,장위동,28.0,20230819,월세,59.49,20000,120,2022.0,아파트,2023
성북구,13800,장위동,14.0,20230819,월세,111.83,30000,200,2022.0,아파트,2023
성북구,13200,보문동3가,11.0,20230403,월세,59.65,13000,130,2003.0,아파트,2023
성북구,13300,정릉동,3.0,20230602,월세,36.33,11304,37,2020.0,연립다세대,2023
성북구,11000,동소문동7가,13.0,20230523,월세,84.96,56000,30,2010.0,아파트,2023
성북구,11800,동선동3가,,20230331,월세,19.8,500,50,2002.0,단독다가구,2023
성북구,13900,석관동,4.0,20231030,월세,23.78,17000,10,2022.0,연립다세대,2023
성북구,10300,돈암동,8.0,20230505,월세,59.58,26000,30,1998.0,아파트,2023
성북구,13500,종암동,17.0,20230714,월세,59.98,5000,135,2010.0,아파트,2023
성북구,13300,정릉동,,20230826,월세,14.0,500,40,2018.0,단독다가구,2023
성북구,13500,종암동,4.0,20230429,월세,29.9,5000,80,2022.0,연립다세대,2023
성북구,13200,보문동3가,6.0,20230415,월세,59.65,10000,85,2003.0,아파트,2023
성북구,12500,안암동5가,,20230915,월세,16.74,9000,15,2023.0,단독다가구,2023
성북구,13500,종암동,,20230331,월세,21.0,300,38,2017.0,단독다가구,2023
성북구,13400,길음동,15.0,20230523,월세,111.71,20000,30,1998.0,아파트,2023
성북구,11800,동선동3가,,20230328,월세,21.46,500,55,2000.0,단독다가구,2023
성북구,13600,하월곡동,8.0,20230713,월세,29.76,1000,53,2020.0,오피스텔,2023
성북구,13400,길음동,6.0,20230902,월세,59.99,20000,100,2005.0,아파트,2023
성북구,13600,하월곡동,15.0,20230607,월세,15.62,1000,60,2013.0,아파트,2023
성북구,13100,보문동2가,,20230328,월세,23.0,2000,45,1993.0,단독다가구,2023
성북구,13400,길음동,20.0,20230830,월세,59.96,10000,150,2010.0,아파트,2023
성북구,13100,보문동2가,,20230325,월세,45.44,7000,40,1993.0,단독다가구,2023
성북구,11500,삼선동5가,,20230331,월세,25.0,1000,44,1997.0,단독다가구,2023
성북구,13400,길음동,5.0,20230902,월세,84.92,48000,10,2010.0,아파트,2023
성북구,13300,정릉동,2.0,20230504,월세,35.3,2000,120,2022.0,연립다세대,2023
성북구,10100,성북동,4.0,20230918,월세,45.61,2000,70,1995.0,연립다세대,2023
성북구,13600,하월곡동,8.0,20231009,월세,84.84,19900,65,2003.0,아파트,2023
성북구,13400,길음동,5.0,20230902,월세,84.84,36750,35,2003.0,아파트,2023
성북구,13100,보문동2가,2.0,20230616,월세,66.17,10000,160,2023.0,오피스텔,2023
성북구,12000,동선동5가,,20230406,월세,16.5,500,45,2007.0,단독다가구,2023
성북구,12800,보문동6가,,20230424,월세,24.99,1000,40,2003.0,단독다가구,2023
성북구,13800,장위동,15.0,20231021,월세,14.71,1000,60,2019.0,아파트,2023
성북구,13800,장위동,11.0,20231021,월세,14.71,1000,60,2019.0,아파트,2023
성북구,13800,장위동,3.0,20231021,월세,15.21,1000,50,2019.0,아파트,2023
성북구,13800,장위동,,20230406,월세,16.65,5000,20,1998.0,단독다가구,2023
성북구,13800,장위동,,20230823,월세,27.27,300,45,1958.0,단독다가구,2023
성북구,12000,동선동5가,,20230322,월세,57.24,3000,90,1992.0,단독다가구,2023
성북구,13600,하월곡동,7.0,20230523,월세,15.62,1000,65,2013.0,아파트,2023
성북구,11800,동선동3가,,20230406,월세,18.0,1000,60,2010.0,단독다가구,2023
성북구,13700,상월곡동,2.0,20230418,월세,29.98,2000,77,2019.0,연립다세대,2023
성북구,11500,삼선동5가,1.0,20230501,월세,21.69,500,50,2001.0,연립다세대,2023
성북구,13800,장위동,,20230325,월세,55.5,1000,50,1996.0,단독다가구,2023
성북구,13900,석관동,7.0,20230516,월세,33.15,12000,12,2003.0,오피스텔,2023
성북구,13900,석관동,7.0,20230516,월세,33.15,9000,25,2003.0,오피스텔,2023
성북구,10300,돈암동,12.0,20230617,월세,117.16,20000,140,2005.0,아파트,2023
성북구,13900,석관동,,20230331,월세,30.16,500,30,1994.0,단독다가구,2023
성북구,13300,정릉동,,20230415,월세,13.0,1000,50,2021.0,단독다가구,2023
성북구,12100,안암동1가,,20230322,월세,65.68,3000,90,1992.0,단독다가구,2023
성북구,13500,종암동,,20230415,월세,13.1,300,40,2009.0,단독다가구,2023
성북구,13300,정릉동,5.0,20230501,월세,29.1,4000,50,2018.0,연립다세대,2023
성북구,13300,정릉동,17.0,20230805,월세,114.76,22000,120,1999.0,아파트,2023
성북구,13800,장위동,3.0,20230816,월세,29.77,5000,40,2021.0,연립다세대,2023
성북구,11800,동선동3가,,20230331,월세,33.0,2000,97,1991.0,단독다가구,2023
성북구,10300,돈암동,8.0,20230805,월세,59.84,30100,50,2014.0,아파트,2023
성북구,13500,종암동,,20230424,월세,29.7,500,40,1989.0,단독다가구,2023
성북구,10800,동소문동5가,,20230424,월세,29.7,1000,50,,단독다가구,2023
성북구,13300,정릉동,,20230826,월세,16.0,300,29,,단독다가구,2023
성북구,13900,석관동,,20230424,월세,30.0,1000,50,1991.0,단독다가구,2023
성북구,11900,동선동4가,9.0,20230716,월세,23.09,1000,70,2005.0,오피스텔,2023
성북구,13300,정릉동,12.0,20230510,월세,59.9,2000,110,2009.0,아파트,2023
성북구,13600,하월곡동,17.0,20230513,월세,59.98,30010,40,2007.0,아파트,2023
성북구,13400,길음동,4.0,20230501,월세,42.57,2000,60,2000.0,연립다세대,2023
성북구,13600,하월곡동,11.0,20230622,월세,84.78,20000,90,2008.0,아파트,2023
성북구,13500,종암동,,20230323,월세,75.55,3000,100,2016.0,단독다가구,2023
성북구,13600,하월곡동,,20230424,월세,30.36,1000,50,1991.0,단독다가구,2023
성북구,11800,동선동3가,,20230915,월세,20.0,300,30,1994.0,단독다가구,2023
성북구,13700,상월곡동,,20230915,월세,20.0,300,25,,단독다가구,2023
성북구,13700,상월곡동,,20230415,월세,18.0,50,40,1964.0,단독다가구,2023
성북구,11800,동선동3가,,20230403,월세,20.0,1000,80,2023.0,단독다가구,2023
성북구,11400,삼선동4가,,20230823,월세,28.5,3000,35,1991.0,단독다가구,2023
성북구,12700,보문동5가,,20230412,월세,16.5,1000,45,2009.0,단독다가구,2023
성북구,13300,정릉동,1.0,20230619,월세,99.3,4000,10,1982.0,연립다세대,2023
성북구,12500,안암동5가,,20230427,월세,19.53,1000,63,2021.0,단독다가구,2023
성북구,13800,장위동,4.0,20230501,월세,25.48,3000,40,2020.0,연립다세대,2023
성북구,13800,장위동,5.0,20230520,월세,15.21,500,60,2019.0,아파트,2023
성북구,11700,동선동2가,,20230406,월세,22.0,12000,10,1993.0,단독다가구,2023
성북구,13600,하월곡동,,20230412,월세,17.0,3000,40,2011.0,단독다가구,2023
성북구,13600,하월곡동,,20230330,월세,42.98,500,10,1967.0,단독다가구,2023
성북구,10800,동소문동5가,6.0,20231021,월세,14.02,1000,84,2018.0,아파트,2023
성북구,13400,길음동,8.0,20230701,월세,84.97,30000,60,2005.0,아파트,2023
성북구,13400,길음동,3.0,20230701,월세,114.73,20100,150,2005.0,아파트,2023
성북구,13400,길음동,8.0,20230701,월세,59.37,20000,100,2007.0,아파트,2023
성북구,13600,하월곡동,7.0,20230805,월세,114.61,30000,80,2010.0,아파트,2023
성북구,13500,종암동,,20230327,월세,98.12,13000,80,1986.0,단독다가구,2023
성북구,13400,길음동,5.0,20230701,월세,59.99,5000,160,2010.0,아파트,2023
성북구,13400,길음동,11.0,20230701,월세,60.0,10000,110,2003.0,아파트,2023
성북구,13500,종암동,,20230330,월세,46.0,1000,55,1991.0,단독다가구,2023
성북구,13800,장위동,,20230406,월세,25.0,200,15,1991.0,단독다가구,2023
성북구,13600,하월곡동,12.0,20230517,월세,15.54,1000,55,2013.0,아파트,2023
성북구,13400,길음동,14.0,20230628,월세,114.99,65000,21,2010.0,아파트,2023
성북구,13300,정릉동,,20230821,월세,30.0,300,35,1977.0,단독다가구,2023
성북구,13600,하월곡동,17.0,20230628,월세,66.61,3000,145,2011.0,아파트,2023
성북구,13900,석관동,,20230424,월세,35.0,400,31,1997.0,단독다가구,2023
성북구,13800,장위동,,20230406,월세,26.0,500,31,1993.0,단독다가구,2023
성북구,13800,장위동,2.0,20230701,월세,84.47,10000,190,2022.0,아파트,2023
성북구,12300,안암동3가,,20230406,월세,26.13,500,47,1995.0,단독다가구,2023
성북구,10300,돈암동,,20230331,월세,36.4,2000,60,1988.0,단독다가구,2023
성북구,13600,하월곡동,3.0,20230610,월세,57.61,4000,110,2007.0,오피스텔,2023
성북구,13300,정릉동,,20230826,월세,16.5,500,30,1985.0,단독다가구,2023
성북구,13900,석관동,,20230409,월세,30.13,1000,40,1992.0,단독다가구,2023
성북구,10300,돈암동,10.0,20230825,월세,32.49,2224,6,1999.0,아파트,2023
성북구,13400,길음동,12.0,20230625,월세,84.99,32000,40,2010.0,아파트,2023
성북구,13500,종암동,7.0,20230905,월세,59.67,7000,79,2000.0,아파트,2023
성북구,13400,길음동,14.0,20230704,월세,59.99,5000,125,2010.0,아파트,2023
성북구,13900,석관동,,20230328,월세,40.0,6500,32,1996.0,단독다가구,2023
성북구,13400,길음동,3.0,20230707,월세,84.64,20000,110,2005.0,아파트,2023
성북구,13300,정릉동,4.0,20230819,월세,88.15,5000,100,1998.0,연립다세대,2023
성북구,13600,하월곡동,23.0,20230704,월세,84.54,5000,128,2011.0,아파트,2023
성북구,13800,장위동,,20230403,월세,26.48,3555,37,,단독다가구,2023
성북구,10300,돈암동,12.0,20230704,월세,34.35,4458,3,2014.0,아파트,2023
성북구,13400,길음동,9.0,20230822,월세,84.05,10000,185,2007.0,아파트,2023
성북구,10700,동소문동4가,2.0,20231113,월세,21.2,1000,42,2002.0,연립다세대,2023
성북구,12200,안암동2가,,20230331,월세,40.0,11000,40,1994.0,단독다가구,2023
성북구,13400,길음동,9.0,20230622,월세,59.99,10000,160,2010.0,아파트,2023
성북구,11100,삼선동1가,,20230901,월세,16.5,200,20,1998.0,단독다가구,2023
성북구,13400,길음동,15.0,20230622,월세,60.0,15000,80,2003.0,아파트,2023
성북구,13300,정릉동,,20230901,월세,16.5,1000,54,2019.0,단독다가구,2023
성북구,13600,하월곡동,3.0,20230704,월세,84.73,30000,70,2010.0,아파트,2023
성북구,13300,정릉동,,20230427,월세,28.0,500,30,1995.0,단독다가구,2023
성북구,13600,하월곡동,4.0,20231220,월세,79.25,20000,80,2004.0,아파트,2023
성북구,13400,길음동,12.0,20230719,월세,59.75,30000,55,2006.0,아파트,2023
성북구,11200,삼선동2가,,20230328,월세,44.18,1000,60,1992.0,단독다가구,2023
성북구,11500,삼선동5가,,20230406,월세,33.0,12000,8,1993.0,단독다가구,2023
성북구,10100,성북동,,20230412,월세,24.5,1000,82,,단독다가구,2023
성북구,13400,길음동,7.0,20230722,월세,113.23,10000,230,2007.0,아파트,2023
성북구,13400,길음동,9.0,20230722,월세,84.96,10000,200,2010.0,아파트,2023
성북구,13400,길음동,12.0,20230722,월세,59.99,5000,170,2010.0,아파트,2023
성북구,13400,길음동,4.0,20230722,월세,59.99,10000,150,2010.0,아파트,2023
성북구,12100,안암동1가,,20230415,월세,26.5,500,60,1996.0,단독다가구,2023
성북구,13400,길음동,12.0,20230728,월세,59.99,40000,35,2003.0,아파트,2023
성북구,13600,하월곡동,,20230331,월세,43.55,15000,15,1994.0,단독다가구,2023
성북구,13300,정릉동,8.0,20230513,월세,114.81,4300,145,2003.0,아파트,2023
성북구,13300,정릉동,2.0,20230513,월세,59.98,5000,145,2008.0,아파트,2023
성북구,13400,길음동,12.0,20230710,월세,34.88,604,20,2003.0,아파트,2023
성북구,13400,길음동,15.0,20230710,월세,34.88,866,12,2003.0,아파트,2023
성북구,13600,하월곡동,6.0,20231111,월세,84.91,20000,120,2011.0,아파트,2023
성북구,13300,정릉동,2.0,20230501,월세,34.01,500,50,1992.0,연립다세대,2023
성북구,13300,정릉동,2.0,20230510,월세,84.09,18000,30,2005.0,아파트,2023
성북구,13800,장위동,,20230427,월세,30.0,2000,15,1967.0,단독다가구,2023
성북구,13800,장위동,,20230403,월세,31.4,500,40,1968.0,단독다가구,2023
성북구,13300,정릉동,4.0,20230510,월세,59.98,33600,30,2008.0,아파트,2023
성북구,13400,길음동,5.0,20230713,월세,114.88,5000,235,2005.0,아파트,2023
성북구,13400,길음동,15.0,20230713,월세,114.88,30000,160,2005.0,아파트,2023
성북구,13400,길음동,14.0,20230619,월세,84.97,30000,90,2005.0,아파트,2023
성북구,10300,돈암동,3.0,20231122,월세,84.93,13900,80,2009.0,아파트,2023
성북구,13400,길음동,16.0,20230713,월세,84.99,30000,125,2010.0,아파트,2023
성북구,13400,길음동,1.0,20230713,월세,59.9,38800,20,2010.0,아파트,2023
성북구,13400,길음동,6.0,20230728,월세,60.0,5000,130,2003.0,아파트,2023
성북구,12800,보문동6가,,20230403,월세,33.0,5000,65,2012.0,단독다가구,2023
성북구,10300,돈암동,14.0,20230728,월세,84.98,10000,173,2014.0,아파트,2023
성북구,13800,장위동,7.0,20230710,월세,40.47,12677,47,2022.0,아파트,2023
성북구,13800,장위동,7.0,20230710,월세,40.47,14537,37,2022.0,아파트,2023
성북구,13800,장위동,11.0,20230710,월세,59.1,20000,125,2022.0,아파트,2023
성북구,13400,길음동,7.0,20230725,월세,30.61,823,18,2005.0,아파트,2023
성북구,13400,길음동,7.0,20230725,월세,30.61,1723,16,2005.0,아파트,2023
성북구,13500,종암동,,20230415,월세,30.0,5000,70,1994.0,단독다가구,2023
성북구,13400,길음동,3.0,20230725,월세,32.36,2747,23,2010.0,아파트,2023
성북구,13400,길음동,3.0,20230725,월세,32.36,1098,27,2010.0,아파트,2023
성북구,13600,하월곡동,12.0,20230710,월세,84.73,5000,160,2010.0,아파트,2023
성북구,13800,장위동,,20230412,월세,27.27,5000,10,1958.0,단독다가구,2023
성북구,13300,정릉동,3.0,20231030,월세,51.55,4000,50,1997.0,연립다세대,2023
성북구,13800,장위동,1.0,20230619,월세,39.0,11096,29,2022.0,아파트,2023
성북구,13800,장위동,21.0,20230619,월세,59.92,5000,160,2017.0,아파트,2023
성북구,13300,정릉동,2.0,20230719,월세,50.94,11900,15,1991.0,연립다세대,2023
성북구,13300,정릉동,,20230328,월세,50.27,500,40,1979.0,단독다가구,2023
성북구,13900,석관동,,20230409,월세,40.0,1000,45,1995.0,단독다가구,2023
성북구,13700,상월곡동,,20230913,월세,20.0,5000,45,2017.0,단독다가구,2023
성북구,13500,종암동,,20230427,월세,33.0,1000,45,1994.0,단독다가구,2023
성북구,13600,하월곡동,,20230328,월세,53.04,2000,47,1993.0,단독다가구,2023
성북구,10700,동소문동4가,11.0,20230601,월세,84.87,6700,110,1998.0,아파트,2023
성북구,13800,장위동,,20230406,월세,37.54,200,30,1992.0,단독다가구,2023
성북구,13800,장위동,,20230331,월세,52.38,3000,60,1993.0,단독다가구,2023
성북구,13800,장위동,,20230406,월세,37.96,500,40,1997.0,단독다가구,2023
성북구,13800,장위동,,20230409,월세,40.63,1000,40,1994.0,단독다가구,2023
성북구,13300,정릉동,1.0,20230513,월세,30.21,1000,50,1991.0,연립다세대,2023
성북구,13800,장위동,6.0,20230725,월세,84.48,55000,20,2022.0,아파트,2023
성북구,11000,동소문동7가,,20230406,월세,38.77,5000,65,2018.0,단독다가구,2023
성북구,13300,정릉동,,20230829,월세,16.0,500,50,2018.0,단독다가구,2023
성북구,12000,동선동5가,5.0,20231108,월세,14.67,5000,30,2014.0,연립다세대,2023
성북구,13300,정릉동,,20230829,월세,16.0,100,35,1971.0,단독다가구,2023
성북구,13800,장위동,,20230403,월세,36.39,500,40,1991.0,단독다가구,2023
성북구,13800,장위동,,20230328,월세,60.0,10000,30,2002.0,단독다가구,2023
성북구,13300,정릉동,19.0,20230513,월세,59.98,10000,100,2004.0,아파트,2023
성북구,13600,하월곡동,,20230328,월세,63.88,14000,20,,단독다가구,2023
성북구,13100,보문동2가,,20230415,월세,34.03,2000,50,1997.0,단독다가구,2023
성북구,13400,길음동,,20230328,월세,66.71,13000,25,1967.0,단독다가구,2023
성북구,11500,삼선동5가,,20230421,월세,30.0,500,50,1997.0,단독다가구,2023
성북구,12500,안암동5가,,20230415,월세,35.0,1000,70,1993.0,단독다가구,2023
성북구,13900,석관동,,20230427,월세,36.0,1000,43,1997.0,단독다가구,2023
성북구,13600,하월곡동,,20230331,월세,65.51,1000,70,1987.0,단독다가구,2023
성북구,10700,동소문동4가,,20230403,월세,40.0,3000,50,2005.0,단독다가구,2023
성북구,13300,정릉동,3.0,20231030,월세,59.1,2103,18,2012.0,연립다세대,2023
성북구,13800,장위동,,20230328,월세,75.74,500,65,1977.0,단독다가구,2023
성북구,13300,정릉동,1.0,20230523,월세,30.5,1000,55,1994.0,연립다세대,2023
성북구,13000,보문동1가,,20230415,월세,36.0,5000,60,1990.0,단독다가구,2023
성북구,13900,석관동,3.0,20230722,월세,28.68,500,40,1996.0,연립다세대,2023
성북구,10300,돈암동,4.0,20230819,월세,114.66,25000,70,1999.0,아파트,2023
성북구,13300,정릉동,2.0,20230504,월세,39.52,3500,100,2022.0,오피스텔,2023
성북구,13300,정릉동,,20230818,월세,40.0,1000,60,1994.0,단독다가구,2023
성북구,12500,안암동5가,,20230924,월세,15.0,5000,65,,단독다가구,2023
성북구,13300,정릉동,,20230424,월세,65.5,3000,65,1971.0,단독다가구,2023
성북구,10900,동소문동6가,3.0,20230607,월세,18.44,3000,65,2015.0,오피스텔,2023
성북구,12300,안암동3가,3.0,20230722,월세,42.61,1000,40,1971.0,아파트,2023
성북구,13900,석관동,,20230403,월세,44.1,13000,10,1993.0,단독다가구,2023
성북구,13500,종암동,2.0,20230628,월세,35.65,1000,90,2017.0,연립다세대,2023
성북구,11200,삼선동2가,,20230418,월세,15.0,1000,40,2012.0,단독다가구,2023
성북구,13500,종암동,,20230415,월세,40.0,5000,40,1992.0,단독다가구,2023
성북구,12000,동선동5가,,20230409,월세,54.96,1000,55,1998.0,단독다가구,2023
성북구,12200,안암동2가,,20230424,월세,72.0,6000,10,1996.0,단독다가구,2023
성북구,13800,장위동,,20230412,월세,38.0,2000,32,1997.0,단독다가구,2023
성북구,12800,보문동6가,9.0,20231205,월세,29.96,11637,30,2017.0,아파트,2023
성북구,13300,정릉동,,20230427,월세,42.0,500,67,1966.0,단독다가구,2023
성북구,13400,길음동,17.0,20230731,월세,59.37,44000,14,2007.0,아파트,2023
성북구,10800,동소문동5가,15.0,20230520,월세,16.67,3000,82,2017.0,아파트,2023
성북구,12800,보문동6가,6.0,20231205,월세,84.99,1000,80,2017.0,아파트,2023
성북구,13600,하월곡동,,20230406,월세,52.71,7000,25,1996.0,단독다가구,2023
성북구,13900,석관동,,20230403,월세,49.68,2000,55,1977.0,단독다가구,2023
성북구,13300,정릉동,6.0,20230619,월세,84.83,7000,110,2001.0,아파트,2023
성북구,13300,정릉동,,20230330,월세,62.01,500,70,1992.0,단독다가구,2023
성북구,13700,상월곡동,,20230425,월세,19.0,500,40,1991.0,단독다가구,2023
성북구,12000,동선동5가,,20230406,월세,56.1,3000,130,2007.0,단독다가구,2023
성북구,13600,하월곡동,19.0,20231108,월세,178.84,5000,380,2011.0,아파트,2023
성북구,13900,석관동,,20230915,월세,29.75,500,60,1996.0,단독다가구,2023
성북구,10300,돈암동,6.0,20230701,월세,114.66,6000,150,1999.0,아파트,2023
성북구,13500,종암동,,20230901,월세,20.0,2000,30,2012.0,단독다가구,2023
성북구,10900,동소문동6가,,20230428,월세,26.4,500,60,1995.0,단독다가구,2023
성북구,13300,정릉동,6.0,20230722,월세,59.98,3000,89,2001.0,아파트,2023
성북구,11700,동선동2가,,20230913,월세,24.0,1000,60,1996.0,단독다가구,2023
성북구,13800,장위동,,20230330,월세,79.24,5000,30,1987.0,단독다가구,2023
성북구,10100,성북동,,20230412,월세,45.0,2000,60,1993.0,단독다가구,2023
성북구,13400,길음동,3.0,20230905,월세,33.99,5679,11,2010.0,아파트,2023
성북구,13400,길음동,5.0,20230905,월세,33.28,2989,25,2010.0,아파트,2023
성북구,13400,길음동,4.0,20230806,월세,59.99,18000,80,2003.0,아파트,2023
성북구,13500,종암동,8.0,20230620,월세,119.87,5000,230,2010.0,아파트,2023
성북구,13600,하월곡동,5.0,20231018,월세,84.77,11000,23,2003.0,아파트,2023
성북구,10100,성북동,2.0,20230527,월세,45.81,5000,65,1993.0,연립다세대,2023
성북구,10100,성북동,2.0,20230505,월세,75.79,10000,99,2002.0,연립다세대,2023
성북구,13400,길음동,1.0,20230905,월세,59.99,5000,150,2003.0,아파트,2023
성북구,10300,돈암동,14.0,20230705,월세,117.16,10000,190,2005.0,아파트,2023
성북구,13300,정릉동,3.0,20230429,월세,39.52,2000,110,2022.0,오피스텔,2023
성북구,10300,돈암동,3.0,20230524,월세,132.96,10000,180,1998.0,아파트,2023
성북구,13500,종암동,14.0,20230611,월세,59.98,35000,30,2010.0,아파트,2023
성북구,11200,삼선동2가,,20230414,월세,23.0,1000,57,1997.0,단독다가구,2023
성북구,13300,정릉동,2.0,20230530,월세,84.89,38850,20,2005.0,아파트,2023
성북구,13900,석관동,20.0,20230819,월세,84.9,5000,150,1998.0,아파트,2023
성북구,13300,정릉동,3.0,20230530,월세,36.33,11304,37,2020.0,연립다세대,2023
성북구,13300,정릉동,4.0,20230530,월세,36.33,14974,18,2020.0,연립다세대,2023
성북구,13300,정릉동,4.0,20230530,월세,36.33,11304,37,2020.0,연립다세대,2023
성북구,13300,정릉동,2.0,20230726,월세,19.73,1310,65,2023.0,연립다세대,2023
성북구,11800,동선동3가,,20230918,월세,19.0,1000,47,1993.0,단독다가구,2023
성북구,13800,장위동,20.0,20230816,월세,59.99,10000,150,2020.0,아파트,2023
성북구,13300,정릉동,12.0,20230720,월세,84.09,500,30,2005.0,아파트,2023
성북구,13400,길음동,28.0,20230905,월세,84.96,10000,220,2010.0,아파트,2023
성북구,13800,장위동,14.0,20231214,월세,14.71,500,58,2019.0,아파트,2023
성북구,13800,장위동,4.0,20231214,월세,14.71,1000,53,2019.0,아파트,2023
성북구,13600,하월곡동,,20230405,월세,40.0,500,55,1997.0,단독다가구,2023
성북구,13300,정릉동,10.0,20231009,월세,59.88,10000,45,2005.0,아파트,2023
성북구,13300,정릉동,1.0,20230617,월세,59.77,10000,85,2006.0,아파트,2023
성북구,10300,돈암동,4.0,20230426,월세,84.87,10000,120,1998.0,아파트,2023
성북구,10300,돈암동,14.0,20230426,월세,84.87,5000,150,1998.0,아파트,2023
성북구,13300,정릉동,10.0,20230708,월세,59.98,4000,110,2005.0,아파트,2023
성북구,12500,안암동5가,,20230918,월세,19.8,1000,50,1995.0,단독다가구,2023
성북구,13900,석관동,12.0,20230620,월세,84.85,1000,90,1994.0,아파트,2023
성북구,13800,장위동,,20230408,월세,35.73,7000,10,1994.0,단독다가구,2023
성북구,13300,정릉동,3.0,20230527,월세,39.0,3000,100,2022.0,오피스텔,2023
성북구,13400,길음동,,20230408,월세,36.0,1000,45,1993.0,단독다가구,2023
성북구,13300,정릉동,7.0,20230602,월세,84.95,3000,120,2005.0,아파트,2023
성북구,13300,정릉동,3.0,20230717,월세,15.89,1050,54,2023.0,연립다세대,2023
성북구,13800,장위동,5.0,20230620,월세,14.17,5000,25,2021.0,연립다세대,2023
성북구,11900,동선동4가,9.0,20231127,월세,21.05,1000,60,2011.0,오피스텔,2023
성북구,13700,상월곡동,,20230918,월세,20.0,2500,5,1993.0,단독다가구,2023
성북구,13900,석관동,,20230918,월세,20.0,100,20,1993.0,단독다가구,2023
성북구,13500,종암동,2.0,20230720,월세,55.7,13000,60,2015.0,연립다세대,2023
성북구,13700,상월곡동,,20230414,월세,28.44,2000,70,1985.0,단독다가구,2023
성북구,13300,정릉동,3.0,20230623,월세,41.73,2000,45,1991.0,연립다세대,2023
성북구,13300,정릉동,,20230405,월세,44.52,1000,60,1994.0,단독다가구,2023
성북구,13300,정릉동,3.0,20230711,월세,13.88,920,61,2023.0,연립다세대,2023
성북구,13300,정릉동,4.0,20230530,월세,29.94,1000,80,2016.0,연립다세대,2023
성북구,13300,정릉동,3.0,20230626,월세,19.7,4667,7,2020.0,연립다세대,2023
성북구,10300,돈암동,4.0,20230502,월세,113.67,30000,150,1998.0,아파트,2023
성북구,13500,종암동,,20230417,월세,23.0,2000,60,2019.0,단독다가구,2023
성북구,13300,정릉동,9.0,20230819,월세,84.65,40000,45,2008.0,아파트,2023
성북구,10300,돈암동,13.0,20231027,월세,80.54,8000,160,2003.0,아파트,2023
성북구,13400,길음동,9.0,20230808,월세,33.28,6217,5,2010.0,아파트,2023
성북구,13000,보문동1가,,20230915,월세,33.06,1000,78,1942.0,단독다가구,2023
성북구,13800,장위동,,20230411,월세,27.27,1000,40,1958.0,단독다가구,2023
성북구,13400,길음동,17.0,20230808,월세,59.99,5000,155,2005.0,아파트,2023
성북구,12700,보문동5가,,20230414,월세,32.35,500,47,1994.0,단독다가구,2023
성북구,10300,돈암동,1.0,20231116,월세,32.49,916,14,1999.0,아파트,2023
성북구,10300,돈암동,8.0,20230527,월세,59.58,4000,115,1998.0,아파트,2023
성북구,10300,돈암동,16.0,20230527,월세,59.58,5000,120,1998.0,아파트,2023
성북구,10300,돈암동,11.0,20230502,월세,132.96,45000,40,1998.0,아파트,2023
성북구,13600,하월곡동,,20230829,월세,19.8,500,40,1977.0,단독다가구,2023
성북구,13800,장위동,,20230915,월세,34.0,500,35,1992.0,단독다가구,2023
성북구,13200,보문동3가,,20230901,월세,22.5,300,35,1993.0,단독다가구,2023
성북구,13200,보문동3가,10.0,20230426,월세,59.65,5000,150,2003.0,아파트,2023
성북구,12000,동선동5가,,20230408,월세,44.82,4000,120,2007.0,단독다가구,2023
성북구,10300,돈암동,2.0,20230511,월세,68.13,10000,100,1998.0,아파트,2023
성북구,11100,삼선동1가,,20231204,월세,28.73,1000,52,2010.0,단독다가구,2023
성북구,13400,길음동,10.0,20230819,월세,59.97,30000,95,2019.0,아파트,2023
성북구,13600,하월곡동,4.0,20230808,월세,84.73,10000,140,2010.0,아파트,2023
성북구,11100,삼선동1가,,20230408,월세,45.94,12000,30,1995.0,단독다가구,2023
성북구,10100,성북동,3.0,20231006,월세,29.51,1000,95,2021.0,연립다세대,2023
성북구,13300,정릉동,2.0,20230726,월세,19.7,7660,9,2020.0,연립다세대,2023
성북구,13300,정릉동,10.0,20230720,월세,84.68,10000,120,2005.0,아파트,2023
성북구,12600,보문동4가,,20230408,월세,46.44,3500,70,1993.0,단독다가구,2023
성북구,12700,보문동5가,,20230411,월세,30.81,3000,70,1976.0,단독다가구,2023
성북구,13300,정릉동,3.0,20230429,월세,54.14,15000,25,2007.0,연립다세대,2023
성북구,12300,안암동3가,,20230408,월세,47.42,5000,60,1995.0,단독다가구,2023
성북구,13600,하월곡동,,20230921,월세,22.3,500,53,2019.0,단독다가구,2023
성북구,11600,동선동1가,8.0,20231202,월세,14.08,1000,65,2014.0,연립다세대,2023
성북구,13300,정릉동,,20230408,월세,47.8,12000,20,1968.0,단독다가구,2023
성북구,13800,장위동,9.0,20231130,월세,15.21,1000,60,2019.0,아파트,2023
성북구,13300,정릉동,,20230408,월세,48.36,7000,35,1991.0,단독다가구,2023
성북구,13800,장위동,,20230411,월세,33.0,300,30,1993.0,단독다가구,2023
성북구,10300,돈암동,,20230408,월세,49.5,2000,55,1994.0,단독다가구,2023
성북구,13300,정릉동,9.0,20230705,월세,84.98,20000,70,2004.0,아파트,2023
성북구,13700,상월곡동,,20230408,월세,50.22,2000,60,1994.0,단독다가구,2023
성북구,13300,정릉동,14.0,20230717,월세,32.76,4222,1,2005.0,아파트,2023
성북구,13300,정릉동,2.0,20230717,월세,32.76,3654,4,2005.0,아파트,2023
성북구,13300,정릉동,6.0,20230717,월세,32.76,4516,4,2005.0,아파트,2023
성북구,12100,안암동1가,3.0,20230511,월세,14.99,1000,52,2014.0,연립다세대,2023
성북구,13900,석관동,5.0,20230608,월세,84.87,8000,75,1999.0,아파트,2023
성북구,10900,동소문동6가,,20230408,월세,54.89,2000,70,1993.0,단독다가구,2023
성북구,12200,안암동2가,3.0,20230803,월세,12.15,7000,15,2013.0,연립다세대,2023
성북구,13500,종암동,,20230405,월세,81.88,7000,75,1978.0,단독다가구,2023
성북구,13900,석관동,15.0,20231021,월세,84.92,40000,27,2011.0,아파트,2023
성북구,13800,장위동,3.0,20231012,월세,39.98,10000,70,2022.0,아파트,2023
성북구,13800,장위동,,20230405,월세,118.67,3000,100,1990.0,단독다가구,2023
성북구,13300,정릉동,,20230417,월세,32.34,3000,20,1983.0,단독다가구,2023
성북구,13500,종암동,,20230417,월세,33.0,3500,38,1994.0,단독다가구,2023
성북구,13300,정릉동,6.0,20230711,월세,84.96,32000,40,2003.0,아파트,2023
성북구,13800,장위동,,20230413,월세,58.64,5000,30,1996.0,단독다가구,2023
성북구,11900,동선동4가,2.0,20231116,월세,24.88,1000,65,2008.0,오피스텔,2023
성북구,13300,정릉동,13.0,20230605,월세,59.26,13000,40,1999.0,아파트,2023
성북구,13600,하월곡동,,20230413,월세,59.78,3000,110,2021.0,단독다가구,2023
성북구,13900,석관동,,20230505,월세,18.0,200,15,1991.0,단독다가구,2023
성북구,10900,동소문동6가,,20230915,월세,37.76,2000,60,1993.0,단독다가구,2023
성북구,13300,정릉동,4.0,20230801,월세,21.99,1460,70,2023.0,연립다세대,2023
성북구,10100,성북동,3.0,20230620,월세,39.46,5000,105,2022.0,연립다세대,2023
성북구,13700,상월곡동,15.0,20230805,월세,59.95,5000,100,2003.0,아파트,2023
성북구,13300,정릉동,,20230907,월세,13.0,500,40,2016.0,단독다가구,2023
성북구,13900,석관동,15.0,20231113,월세,44.19,5465,9,2019.0,아파트,2023
성북구,11800,동선동3가,,20230414,월세,43.04,1000,75,1995.0,단독다가구,2023
성북구,10300,돈암동,6.0,20230822,월세,84.59,35000,40,1999.0,아파트,2023
성북구,11900,동선동4가,4.0,20230502,월세,15.3,1000,67,2012.0,연립다세대,2023
성북구,10200,성북동1가,6.0,20230502,월세,22.47,1000,75,2015.0,오피스텔,2023
성북구,13400,길음동,3.0,20231205,월세,59.94,15000,90,1998.0,아파트,2023
성북구,13300,정릉동,,20230921,월세,26.44,500,35,1992.0,단독다가구,2023
성북구,13900,석관동,,20230423,월세,19.0,200,35,1991.0,단독다가구,2023
성북구,13500,종암동,2.0,20231214,월세,59.35,10000,65,2015.0,연립다세대,2023
성북구,13800,장위동,3.0,20231113,월세,46.35,14408,53,2020.0,아파트,2023
성북구,13800,장위동,3.0,20231113,월세,46.35,16520,42,2020.0,아파트,2023
성북구,13800,장위동,3.0,20231113,월세,46.35,5398,9,2020.0,아파트,2023
성북구,13800,장위동,9.0,20231113,월세,46.35,14408,53,2020.0,아파트,2023
성북구,13800,장위동,6.0,20231113,월세,51.62,3645,23,2020.0,아파트,2023
성북구,13300,정릉동,3.0,20230620,월세,64.9,6000,60,2008.0,연립다세대,2023
성북구,10300,돈암동,17.0,20231121,월세,84.59,3000,127,1999.0,아파트,2023
성북구,10300,돈암동,13.0,20230623,월세,132.96,7000,165,1998.0,아파트,2023
성북구,13600,하월곡동,,20230417,월세,42.3,1000,35,1996.0,단독다가구,2023
성북구,13500,종암동,,20230502,월세,13.1,500,40,2009.0,단독다가구,2023
성북구,11900,동선동4가,8.0,20230511,월세,19.95,1000,65,2012.0,오피스텔,2023
성북구,12700,보문동5가,,20230426,월세,20.0,4000,25,2008.0,단독다가구,2023
성북구,12700,보문동5가,,20230502,월세,15.0,1000,35,2011.0,단독다가구,2023
성북구,12300,안암동3가,,20230829,월세,24.0,1000,52,2019.0,단독다가구,2023
성북구,13300,정릉동,,20230829,월세,24.0,500,65,,단독다가구,2023
성북구,13400,길음동,18.0,20230819,월세,84.93,30000,100,2019.0,아파트,2023
성북구,12500,안암동5가,,20230829,월세,24.0,500,44,1997.0,단독다가구,2023
성북구,12100,안암동1가,,20230915,월세,41.17,1000,75,1993.0,단독다가구,2023
성북구,13900,석관동,,20230502,월세,16.0,500,18,1993.0,단독다가구,2023
성북구,13800,장위동,4.0,20230626,월세,45.75,1000,70,2021.0,연립다세대,2023
성북구,11800,동선동3가,,20230910,월세,18.0,500,40,1996.0,단독다가구,2023
성북구,13800,장위동,,20230423,월세,24.9,500,30,1993.0,단독다가구,2023
성북구,12500,안암동5가,,20230508,월세,15.0,200,35,1960.0,단독다가구,2023
성북구,13800,장위동,2.0,20230714,월세,29.16,5500,45,2019.0,연립다세대,2023
성북구,13600,하월곡동,,20230426,월세,22.3,500,55,2019.0,단독다가구,2023
성북구,13800,장위동,5.0,20230714,월세,52.35,16470,40,2016.0,연립다세대,2023
성북구,13400,길음동,7.0,20230908,월세,30.61,775,19,2005.0,아파트,2023
성북구,13400,길음동,,20230421,월세,41.0,500,30,1991.0,단독다가구,2023
성북구,13800,장위동,,20230415,월세,50.48,1000,45,1994.0,단독다가구,2023
성북구,13600,하월곡동,,20230904,월세,18.0,500,45,1997.0,단독다가구,2023
성북구,10300,돈암동,6.0,20230707,월세,84.98,0,40,2013.0,아파트,2023
성북구,13500,종암동,16.0,20230610,월세,114.99,17000,100,2004.0,아파트,2023
성북구,11600,동선동1가,5.0,20231111,월세,17.93,3700,70,2020.0,연립다세대,2023
성북구,13300,정릉동,,20230907,월세,17.35,100,20,2020.0,단독다가구,2023
성북구,13800,장위동,,20230412,월세,59.54,10000,24,1994.0,단독다가구,2023
성북구,13300,정릉동,5.0,20230819,월세,35.76,15000,7,2012.0,연립다세대,2023
성북구,11600,동선동1가,6.0,20230808,월세,16.94,18000,19,2020.0,연립다세대,2023
성북구,12100,안암동1가,2.0,20230526,월세,59.7,5000,140,2005.0,아파트,2023
성북구,13100,보문동2가,,20230501,월세,15.0,500,35,2007.0,단독다가구,2023
성북구,11000,동소문동7가,4.0,20230601,월세,54.91,36000,6,2020.0,연립다세대,2023
성북구,13600,하월곡동,27.0,20231118,월세,126.6,10000,270,2011.0,아파트,2023
성북구,13400,길음동,17.0,20230908,월세,84.64,30000,100,2005.0,아파트,2023
성북구,12000,동선동5가,,20230428,월세,33.0,500,47,1995.0,단독다가구,2023
성북구,12500,안암동5가,,20230425,월세,25.0,500,50,1993.0,단독다가구,2023
성북구,13600,하월곡동,9.0,20230622,월세,12.66,1000,70,2022.0,연립다세대,2023
성북구,10300,돈암동,16.0,20231006,월세,113.67,30000,80,1998.0,아파트,2023
성북구,11500,삼선동5가,,20230501,월세,16.0,500,32,1993.0,단독다가구,2023
성북구,13900,석관동,,20230421,월세,48.81,2000,60,1989.0,단독다가구,2023
성북구,10900,동소문동6가,4.0,20230510,월세,12.47,7000,29,2013.0,아파트,2023
성북구,12500,안암동5가,,20230813,월세,21.0,500,50,1995.0,단독다가구,2023
성북구,13800,장위동,7.0,20231108,월세,84.98,40000,50,2021.0,아파트,2023
성북구,13800,장위동,5.0,20230701,월세,29.03,3000,50,2020.0,연립다세대,2023
성북구,13900,석관동,,20230415,월세,73.89,5000,80,1997.0,단독다가구,2023
성북구,13700,상월곡동,,20230501,월세,16.52,500,45,2016.0,단독다가구,2023
성북구,12800,보문동6가,,20230418,월세,25.68,1000,40,2010.0,단독다가구,2023
성북구,13700,상월곡동,9.0,20230707,월세,84.97,34650,8,2003.0,아파트,2023
성북구,13500,종암동,6.0,20231021,월세,59.68,5000,150,2005.0,아파트,2023
성북구,10700,동소문동4가,2.0,20230628,월세,29.98,24000,10,2019.0,연립다세대,2023
성북구,13900,석관동,5.0,20230616,월세,57.04,22440,24,2021.0,연립다세대,2023
성북구,10300,돈암동,9.0,20230722,월세,114.66,10000,150,1999.0,아파트,2023
성북구,10300,돈암동,3.0,20230722,월세,41.58,11000,35,1991.0,아파트,2023
성북구,13700,상월곡동,15.0,20230619,월세,59.95,10000,85,2003.0,아파트,2023
성북구,12300,안암동3가,,20230527,월세,18.0,500,50,2019.0,단독다가구,2023
성북구,13400,길음동,17.0,20230809,월세,84.94,7000,240,2010.0,아파트,2023
성북구,13900,석관동,,20230921,월세,33.0,500,25,1991.0,단독다가구,2023
성북구,11700,동선동2가,,20230921,월세,33.0,15000,10,1993.0,단독다가구,2023
성북구,13800,장위동,,20230502,월세,18.0,500,25,1993.0,단독다가구,2023
성북구,11600,동선동1가,8.0,20230602,월세,13.25,1000,60,2012.0,연립다세대,2023
성북구,13300,정릉동,6.0,20231018,월세,59.88,5000,125,2005.0,아파트,2023
성북구,13900,석관동,,20230426,월세,24.0,1000,47,1992.0,단독다가구,2023
성북구,13900,석관동,,20230505,월세,29.75,1000,55,2012.0,단독다가구,2023
성북구,13300,정릉동,,20230904,월세,18.5,200,30,1988.0,단독다가구,2023
성북구,12800,보문동6가,,20230524,월세,22.0,1000,50,2008.0,단독다가구,2023
성북구,11000,동소문동7가,1.0,20230620,월세,59.91,5000,120,2004.0,아파트,2023
성북구,13500,종암동,,20230426,월세,25.0,1000,40,1979.0,단독다가구,2023
성북구,12700,보문동5가,,20230429,월세,23.1,450,30,1993.0,단독다가구,2023
성북구,10300,돈암동,12.0,20230530,월세,84.87,30000,40,1998.0,아파트,2023
성북구,10700,동소문동4가,3.0,20230729,월세,80.19,10000,60,1991.0,연립다세대,2023
성북구,10700,동소문동4가,,20230429,월세,24.0,500,45,2002.0,단독다가구,2023
성북구,13800,장위동,3.0,20230614,월세,58.72,1950,25,2019.0,연립다세대,2023
성북구,13900,석관동,,20230426,월세,25.34,1000,60,1965.0,단독다가구,2023
성북구,13300,정릉동,,20230910,월세,20.0,1000,30,2019.0,단독다가구,2023
성북구,12500,안암동5가,,20230508,월세,18.0,1000,60,2002.0,단독다가구,2023
성북구,13400,길음동,5.0,20231030,월세,59.9,38000,75,2019.0,아파트,2023
성북구,10300,돈암동,10.0,20231111,월세,41.58,5000,80,1991.0,아파트,2023
성북구,13300,정릉동,,20230904,월세,19.8,5000,30,2021.0,단독다가구,2023
성북구,13600,하월곡동,,20230420,월세,36.0,1000,25,1991.0,단독다가구,2023
성북구,13500,종암동,2.0,20230714,월세,26.89,1000,75,2012.0,연립다세대,2023
성북구,13500,종암동,,20230524,월세,25.79,1000,81,2019.0,단독다가구,2023
성북구,12300,안암동3가,,20230426,월세,30.0,2000,50,1990.0,단독다가구,2023
성북구,13600,하월곡동,-1.0,20230905,월세,39.98,600,34,2001.0,연립다세대,2023
성북구,13800,장위동,4.0,20231018,월세,31.91,11000,30,1995.0,연립다세대,2023
성북구,12500,안암동5가,,20230907,월세,19.83,1000,55,1970.0,단독다가구,2023
성북구,11800,동선동3가,,20230918,월세,33.53,500,60,1998.0,단독다가구,2023
성북구,11700,동선동2가,,20230502,월세,21.0,500,47,1990.0,단독다가구,2023
성북구,13800,장위동,21.0,20230805,월세,84.98,40000,75,2021.0,아파트,2023
성북구,13600,하월곡동,,20230429,월세,30.0,1000,40,1991.0,단독다가구,2023
성북구,12100,안암동1가,,20230511,월세,19.0,500,35,1991.0,단독다가구,2023
성북구,10900,동소문동6가,10.0,20230708,월세,12.7,3000,50,2013.0,아파트,2023
성북구,11200,삼선동2가,,20230826,월세,23.1,2000,20,1993.0,단독다가구,2023
성북구,10300,돈암동,13.0,20230617,월세,59.58,5000,105,1998.0,아파트,2023
성북구,13300,정릉동,,20230511,월세,19.8,2000,60,,단독다가구,2023
성북구,13800,장위동,3.0,20230720,월세,37.71,4798,5,2018.0,연립다세대,2023
성북구,13600,하월곡동,,20230524,월세,30.0,500,39,1990.0,단독다가구,2023
성북구,11100,삼선동1가,,20230527,월세,23.0,500,50,1989.0,단독다가구,2023
성북구,13100,보문동2가,,20230420,월세,41.0,1000,50,1997.0,단독다가구,2023
성북구,10400,동소문동1가,6.0,20230729,월세,28.05,12000,50,1998.0,연립다세대,2023
성북구,13100,보문동2가,,20230420,월세,42.0,4000,60,,단독다가구,2023
성북구,13900,석관동,,20230502,월세,25.0,100,15,1993.0,단독다가구,2023
성북구,13900,석관동,,20231122,월세,44.7,500,35,1992.0,단독다가구,2023
성북구,12100,안암동1가,,20230829,월세,29.75,4000,65,,단독다가구,2023
성북구,11800,동선동3가,2.0,20230617,월세,32.13,8000,40,2002.0,연립다세대,2023
성북구,13600,하월곡동,28.0,20230808,월세,126.6,55000,60,2011.0,아파트,2023
성북구,13800,장위동,4.0,20230720,월세,58.72,877,29,2019.0,연립다세대,2023
성북구,13900,석관동,11.0,20231024,월세,114.97,30000,85,2009.0,아파트,2023
성북구,12800,보문동6가,,20230426,월세,33.3,1000,50,1985.0,단독다가구,2023
성북구,12800,보문동6가,,20230426,월세,33.6,1000,50,1994.0,단독다가구,2023
성북구,10900,동소문동6가,3.0,20231111,월세,29.59,20000,8,2011.0,연립다세대,2023
성북구,13300,정릉동,4.0,20231012,월세,29.41,18450,4,2019.0,연립다세대,2023
성북구,13400,길음동,15.0,20230805,월세,59.78,15000,160,2022.0,아파트,2023
성북구,13400,길음동,16.0,20230805,월세,84.77,20000,210,2022.0,아파트,2023
성북구,12100,안암동1가,,20230426,월세,36.0,3000,30,1995.0,단독다가구,2023
성북구,11100,삼선동1가,,20230527,월세,26.05,2000,45,1966.0,단독다가구,2023
성북구,11200,삼선동2가,,20230921,월세,36.8,1500,60,1994.0,단독다가구,2023
성북구,10900,동소문동6가,7.0,20230816,월세,14.18,1000,80,2012.0,아파트,2023
성북구,11100,삼선동1가,,20230511,월세,23.0,500,35,1995.0,단독다가구,2023
성북구,10100,성북동,,20230915,월세,58.96,3000,58,1985.0,단독다가구,2023
성북구,13800,장위동,4.0,20230827,월세,43.28,4000,50,2016.0,연립다세대,2023
성북구,12800,보문동6가,,20230502,월세,30.0,500,52,1994.0,단독다가구,2023
성북구,11900,동선동4가,,20230423,월세,41.45,1000,75,1995.0,단독다가구,2023
성북구,13600,하월곡동,,20230527,월세,28.9,500,50,1992.0,단독다가구,2023
성북구,12500,안암동5가,,20230826,월세,24.0,1000,75,2019.0,단독다가구,2023
성북구,13900,석관동,,20230527,월세,29.0,3000,60,2019.0,단독다가구,2023
성북구,13900,석관동,6.0,20230801,월세,27.36,100,80,2020.0,연립다세대,2023
성북구,13900,석관동,12.0,20230822,월세,39.01,9713,25,2019.0,아파트,2023
성북구,10300,돈암동,,20230426,월세,39.5,300,30,,단독다가구,2023
성북구,10300,돈암동,,20230511,월세,25.0,1000,45,1994.0,단독다가구,2023
성북구,13500,종암동,,20230521,월세,16.5,1000,40,,단독다가구,2023
성북구,13500,종암동,,20230527,월세,30.0,6000,35,2002.0,단독다가구,2023
성북구,11600,동선동1가,,20230702,월세,14.4,1000,70,2016.0,단독다가구,2023
성북구,13900,석관동,,20230518,월세,18.9,1000,55,2017.0,단독다가구,2023
성북구,13500,종암동,5.0,20230805,월세,37.72,5000,69,2015.0,연립다세대,2023
성북구,12700,보문동5가,,20230502,월세,33.0,7000,70,2017.0,단독다가구,2023
성북구,13900,석관동,,20230502,월세,33.0,1000,40,1993.0,단독다가구,2023
성북구,13600,하월곡동,,20230502,월세,33.0,1000,40,1995.0,단독다가구,2023
성북구,13800,장위동,,20230426,월세,41.3,1000,35,1994.0,단독다가구,2023
성북구,13900,석관동,6.0,20231102,월세,30.01,5045,10,2009.0,아파트,2023
성북구,13300,정릉동,,20230511,월세,27.12,500,45,1997.0,단독다가구,2023
성북구,13900,석관동,,20230918,월세,38.25,3000,45,1993.0,단독다가구,2023
성북구,13500,종암동,,20230702,월세,16.0,200,35,2018.0,단독다가구,2023
성북구,13900,석관동,,20230602,월세,17.0,500,40,2017.0,단독다가구,2023
성북구,11200,삼선동2가,,20230918,월세,39.0,5000,45,1990.0,단독다가구,2023
성북구,12900,보문동7가,,20230530,월세,15.0,500,33,2008.0,단독다가구,2023
성북구,13800,장위동,,20230429,월세,41.9,3500,3,1983.0,단독다가구,2023
성북구,12900,보문동7가,,20230602,월세,18.0,3000,30,2012.0,단독다가구,2023
성북구,10100,성북동,,20230921,월세,40.0,1000,50,1997.0,단독다가구,2023
성북구,13900,석관동,,20230426,월세,45.0,1000,40,1997.0,단독다가구,2023
성북구,10300,돈암동,14.0,20230720,월세,59.58,3000,90,1998.0,아파트,2023
성북구,10300,돈암동,4.0,20230720,월세,59.58,7000,65,1998.0,아파트,2023
성북구,13500,종암동,,20230518,월세,21.0,100,15,1968.0,단독다가구,2023
성북구,13400,길음동,3.0,20231130,월세,59.54,6785,18,2022.0,연립다세대,2023
성북구,13500,종암동,,20230429,월세,45.0,5000,35,1997.0,단독다가구,2023
성북구,12100,안암동1가,,20230623,월세,17.0,500,40,1991.0,단독다가구,2023
성북구,11700,동선동2가,,20230620,월세,15.0,500,45,1990.0,단독다가구,2023
성북구,13800,장위동,10.0,20230822,월세,51.57,4830,9,2021.0,아파트,2023
성북구,13300,정릉동,,20230629,월세,15.0,1000,35,2008.0,단독다가구,2023
성북구,13500,종암동,,20230611,월세,16.5,300,33,2008.0,단독다가구,2023
성북구,11900,동선동4가,,20230826,월세,25.0,3000,32,1992.0,단독다가구,2023
성북구,13300,정릉동,,20230623,월세,18.0,1000,55,2018.0,단독다가구,2023
성북구,10700,동소문동4가,,20230511,월세,33.0,7000,25,2001.0,단독다가구,2023
성북구,12500,안암동5가,,20231115,월세,20.97,5000,60,2023.0,단독다가구,2023
성북구,13600,하월곡동,15.0,20230809,월세,84.54,10000,140,2011.0,아파트,2023
성북구,10100,성북동,,20230921,월세,41.0,1000,60,1985.0,단독다가구,2023
성북구,11800,동선동3가,3.0,20230707,월세,40.84,1000,52,2008.0,연립다세대,2023
성북구,13600,하월곡동,,20230501,월세,18.16,500,42,2015.0,단독다가구,2023
성북구,10300,돈암동,18.0,20230722,월세,80.54,3000,180,2003.0,아파트,2023
성북구,11000,동소문동7가,1.0,20230510,월세,59.91,3000,150,2004.0,아파트,2023
성북구,13900,석관동,,20230425,월세,37.92,1000,30,1993.0,단독다가구,2023
성북구,13300,정릉동,-1.0,20231030,월세,57.75,1000,60,1991.0,연립다세대,2023
성북구,13900,석관동,4.0,20230529,월세,24.65,3000,90,2018.0,연립다세대,2023
성북구,13900,석관동,,20230425,월세,39.0,400,30,1995.0,단독다가구,2023
성북구,13100,보문동2가,,20230428,월세,40.0,500,40,1993.0,단독다가구,2023
성북구,11800,동선동3가,,20230501,월세,19.81,500,53,2000.0,단독다가구,2023
성북구,13700,상월곡동,5.0,20230710,월세,59.95,15000,60,2003.0,아파트,2023
성북구,11400,삼선동4가,,20230501,월세,20.0,1000,50,1994.0,단독다가구,2023
성북구,13600,하월곡동,,20230501,월세,20.0,1000,43,2014.0,단독다가구,2023
성북구,13600,하월곡동,,20230921,월세,42.07,1000,45,1986.0,단독다가구,2023
성북구,10300,돈암동,1.0,20230725,월세,21.32,300,35,1965.0,연립다세대,2023
성북구,13100,보문동2가,2.0,20231208,월세,31.12,1000,80,2002.0,연립다세대,2023
성북구,11500,삼선동5가,,20230428,월세,42.3,5000,47,1993.0,단독다가구,2023
성북구,13300,정릉동,,20230827,월세,16.0,2000,50,2018.0,단독다가구,2023
성북구,13500,종암동,2.0,20230701,월세,59.97,13000,110,2009.0,아파트,2023
성북구,12100,안암동1가,6.0,20230529,월세,59.7,10000,108,2005.0,아파트,2023
성북구,10700,동소문동4가,2.0,20230722,월세,61.82,1000,60,2002.0,연립다세대,2023
성북구,11200,삼선동2가,,20230428,월세,45.0,1000,65,1991.0,단독다가구,2023
성북구,13600,하월곡동,14.0,20230628,월세,84.59,5000,150,2006.0,아파트,2023
성북구,11700,동선동2가,,20230901,월세,39.63,14000,13,2003.0,단독다가구,2023
성북구,13900,석관동,7.0,20230722,월세,59.97,7000,60,1998.0,아파트,2023
성북구,13300,정릉동,2.0,20231208,월세,71.7,19870,31,2022.0,연립다세대,2023
성북구,11800,동선동3가,,20230501,월세,23.64,300,40,1991.0,단독다가구,2023
성북구,13500,종암동,2.0,20230728,월세,29.85,16000,15,2017.0,연립다세대,2023
성북구,13800,장위동,3.0,20230625,월세,84.97,22000,120,2021.0,아파트,2023
성북구,13800,장위동,,20230907,월세,26.0,500,31,1993.0,단독다가구,2023
성북구,13800,장위동,,20230428,월세,54.51,4000,40,1979.0,단독다가구,2023
성북구,13800,장위동,8.0,20230622,월세,84.97,15000,160,2021.0,아파트,2023
성북구,13600,하월곡동,4.0,20231015,월세,29.97,6000,50,2017.0,연립다세대,2023
성북구,13500,종암동,17.0,20230619,월세,59.97,20000,100,2009.0,아파트,2023
성북구,12100,안암동1가,,20230501,월세,30.0,500,55,1994.0,단독다가구,2023
성북구,11800,동선동3가,,20230501,월세,30.0,1000,80,1992.0,단독다가구,2023
성북구,13500,종암동,,20230827,월세,17.15,1000,41,2019.0,단독다가구,2023
성북구,13600,하월곡동,3.0,20230707,월세,84.59,20000,100,2006.0,아파트,2023
성북구,11200,삼선동2가,,20230428,월세,62.03,2000,80,1996.0,단독다가구,2023
성북구,13800,장위동,6.0,20230707,월세,59.99,15000,120,2020.0,아파트,2023
성북구,13500,종암동,,20230507,월세,17.0,1000,40,2011.0,단독다가구,2023
성북구,13100,보문동2가,,20230821,월세,42.0,5000,35,1993.0,단독다가구,2023
성북구,12100,안암동1가,11.0,20230616,월세,84.87,20000,130,2005.0,아파트,2023
성북구,13800,장위동,,20230425,월세,64.58,10500,5,1982.0,단독다가구,2023
성북구,13300,정릉동,3.0,20230922,월세,36.83,500,20,2008.0,연립다세대,2023
성북구,10900,동소문동6가,3.0,20230911,월세,36.96,1000,175,2023.0,연립다세대,2023
성북구,13600,하월곡동,7.0,20230604,월세,18.02,1000,65,2020.0,오피스텔,2023
성북구,13700,상월곡동,4.0,20231012,월세,29.98,16500,36,2019.0,연립다세대,2023
성북구,13300,정릉동,3.0,20230919,월세,58.49,4104,10,2016.0,연립다세대,2023
성북구,10300,돈암동,2.0,20230520,월세,84.98,36500,25,2005.0,아파트,2023
성북구,13800,장위동,1.0,20230707,월세,84.97,22000,120,2021.0,아파트,2023
성북구,13900,석관동,,20231006,월세,13.0,200,28,1993.0,단독다가구,2023
성북구,11900,동선동4가,,20230904,월세,27.36,1000,25,1990.0,단독다가구,2023
성북구,11500,삼선동5가,,20230428,월세,79.14,8000,100,1997.0,단독다가구,2023
성북구,11100,삼선동1가,,20230428,월세,82.0,5000,100,1992.0,단독다가구,2023
성북구,13600,하월곡동,1.0,20230803,월세,76.72,4000,70,1987.0,연립다세대,2023
성북구,13400,길음동,7.0,20230722,월세,59.97,5000,170,2019.0,아파트,2023
성북구,13400,길음동,17.0,20230722,월세,59.97,10000,165,2019.0,아파트,2023
성북구,13300,정릉동,2.0,20230729,월세,39.0,3500,100,2022.0,오피스텔,2023
성북구,13600,하월곡동,1.0,20230610,월세,59.86,5000,130,2003.0,아파트,2023
성북구,13800,장위동,22.0,20231116,월세,36.14,4202,7,2020.0,아파트,2023
성북구,13800,장위동,10.0,20231116,월세,46.35,5505,8,2020.0,아파트,2023
성북구,13800,장위동,5.0,20231116,월세,46.35,5398,9,2020.0,아파트,2023
성북구,13800,장위동,6.0,20231116,월세,46.35,5398,9,2020.0,아파트,2023
성북구,12400,안암동4가,,20230504,월세,23.1,500,30,1997.0,단독다가구,2023
성북구,13800,장위동,3.0,20231116,월세,46.35,3267,21,2020.0,아파트,2023
성북구,13800,장위동,3.0,20231116,월세,46.35,5398,9,2020.0,아파트,2023
성북구,13800,장위동,5.0,20231116,월세,51.62,6023,10,2020.0,아파트,2023
성북구,13800,장위동,4.0,20231116,월세,51.62,6023,10,2020.0,아파트,2023
성북구,11200,삼선동2가,,20230428,월세,139.0,2000,80,1996.0,단독다가구,2023
성북구,10500,동소문동2가,,20230501,월세,33.8,200,20,,단독다가구,2023
성북구,13400,길음동,,20230425,월세,95.27,2000,74,1995.0,단독다가구,2023
성북구,13800,장위동,18.0,20231116,월세,84.94,3000,250,2020.0,아파트,2023
성북구,11200,삼선동2가,,20230524,월세,42.9,1000,70,1991.0,단독다가구,2023
성북구,11100,삼선동1가,,20230429,월세,49.0,1000,80,1992.0,단독다가구,2023
성북구,13500,종암동,,20230602,월세,19.64,1000,40,2015.0,단독다가구,2023
성북구,13800,장위동,2.0,20230808,월세,39.9,9628,25,2021.0,아파트,2023
성북구,13800,장위동,3.0,20230808,월세,42.79,4559,17,2021.0,아파트,2023
성북구,11200,삼선동2가,,20230611,월세,17.0,1000,50,2019.0,단독다가구,2023
성북구,11900,동선동4가,,20230502,월세,39.67,2000,52,2002.0,단독다가구,2023
성북구,10700,동소문동4가,,20230429,월세,50.0,3000,80,2002.0,단독다가구,2023
성북구,13900,석관동,,20230508,월세,35.0,1000,50,1991.0,단독다가구,2023
성북구,13800,장위동,,20230502,월세,40.0,500,30,1994.0,단독다가구,2023
성북구,13900,석관동,,20230904,월세,29.0,3000,59,2021.0,단독다가구,2023
성북구,13500,종암동,13.0,20231122,월세,84.99,34000,130,2011.0,아파트,2023
성북구,13900,석관동,,20230620,월세,16.5,400,40,1971.0,단독다가구,2023
성북구,13400,길음동,27.0,20230704,월세,84.98,10000,250,2022.0,아파트,2023
성북구,13500,종암동,9.0,20230713,월세,59.92,10000,130,2009.0,아파트,2023
성북구,13300,정릉동,11.0,20230520,월세,59.77,3000,105,2006.0,아파트,2023
성북구,13800,장위동,12.0,20230710,월세,36.14,10311,38,2020.0,아파트,2023
성북구,13800,장위동,12.0,20230710,월세,36.14,11823,30,2020.0,아파트,2023
성북구,13300,정릉동,6.0,20230520,월세,84.09,5000,106,2005.0,아파트,2023
성북구,12300,안암동3가,5.0,20230908,월세,54.88,8500,20,1971.0,아파트,2023
성북구,13300,정릉동,15.0,20230520,월세,84.92,19000,100,2004.0,아파트,2023
성북구,13300,정릉동,4.0,20230601,월세,52.72,350,75,2016.0,연립다세대,2023
성북구,13900,석관동,16.0,20230719,월세,59.98,10000,150,2019.0,아파트,2023
성북구,13100,보문동2가,,20230907,월세,30.0,1000,65,1994.0,단독다가구,2023
성북구,10300,돈암동,,20230510,월세,10.0,500,30,,단독다가구,2023
성북구,12100,안암동1가,,20230504,월세,26.0,4000,10,1997.0,단독다가구,2023
성북구,13600,하월곡동,19.0,20230722,월세,59.75,8000,100,2006.0,아파트,2023
성북구,13500,종암동,,20230427,월세,55.0,2000,70,1994.0,단독다가구,2023
성북구,13600,하월곡동,,20230510,월세,13.22,300,37,1996.0,단독다가구,2023
성북구,13800,장위동,2.0,20230710,월세,39.9,11476,42,2021.0,아파트,2023
성북구,13800,장위동,2.0,20230710,월세,39.9,13160,34,2021.0,아파트,2023
성북구,13800,장위동,2.0,20230710,월세,42.79,13416,49,2021.0,아파트,2023
성북구,10700,동소문동4가,,20230510,월세,15.0,200,35,2002.0,단독다가구,2023
성북구,10100,성북동,,20230427,월세,57.36,9000,42,1998.0,단독다가구,2023
성북구,13400,길음동,37.0,20230725,월세,59.9,5000,190,2019.0,아파트,2023
성북구,11700,동선동2가,,20230504,월세,28.0,1000,77,2016.0,단독다가구,2023
성북구,13600,하월곡동,22.0,20230516,월세,59.98,10000,115,2007.0,아파트,2023
성북구,13300,정릉동,5.0,20230516,월세,24.32,500,54,2004.0,오피스텔,2023
성북구,10300,돈암동,19.0,20230610,월세,59.99,5000,150,2004.0,아파트,2023
성북구,13800,장위동,4.0,20230516,월세,27.27,5000,80,2022.0,연립다세대,2023
성북구,12200,안암동2가,,20230510,월세,16.4,200,10,1992.0,단독다가구,2023
성북구,12500,안암동5가,,20230510,월세,16.5,500,50,1994.0,단독다가구,2023
성북구,10700,동소문동4가,4.0,20230902,월세,29.21,21900,20,2019.0,연립다세대,2023
성북구,13300,정릉동,,20230823,월세,42.82,2318,14,,단독다가구,2023
성북구,12500,안암동5가,,20230827,월세,20.0,2000,85,2023.0,단독다가구,2023
성북구,13600,하월곡동,17.0,20231202,월세,84.69,10000,120,1996.0,아파트,2023
성북구,13600,하월곡동,20.0,20231127,월세,79.98,12100,100,2004.0,아파트,2023
성북구,13400,길음동,7.0,20230710,월세,38.02,4167,3,2022.0,아파트,2023
성북구,11200,삼선동2가,13.0,20230819,월세,84.84,22000,75,2008.0,아파트,2023
성북구,13300,정릉동,,20230427,월세,83.94,4000,80,1994.0,단독다가구,2023
성북구,13300,정릉동,,20230507,월세,26.0,500,50,1937.0,단독다가구,2023
성북구,10300,돈암동,6.0,20230610,월세,59.52,4450,120,2005.0,아파트,2023
성북구,13900,석관동,3.0,20230628,월세,24.62,50,50,2019.0,연립다세대,2023
성북구,13800,장위동,1.0,20230520,월세,59.98,15000,70,2006.0,아파트,2023
성북구,13900,석관동,,20230503,월세,34.52,300,25,1994.0,단독다가구,2023
성북구,13800,장위동,5.0,20230725,월세,84.97,25000,85,2021.0,아파트,2023
성북구,11800,동선동3가,,20230509,월세,19.8,1000,55,2001.0,단독다가구,2023
성북구,13900,석관동,11.0,20231122,월세,84.98,1000,55,2019.0,아파트,2023
성북구,13600,하월곡동,14.0,20230613,월세,84.84,35000,30,2003.0,아파트,2023
성북구,13900,석관동,,20230904,월세,31.0,500,40,1993.0,단독다가구,2023
성북구,10300,돈암동,3.0,20230516,월세,63.01,5000,50,1997.0,연립다세대,2023
성북구,13800,장위동,10.0,20230803,월세,47.92,8893,20,2022.0,아파트,2023
성북구,13300,정릉동,,20230506,월세,33.0,1000,65,2023.0,단독다가구,2023
성북구,13400,길음동,7.0,20230808,월세,59.87,10000,180,2022.0,아파트,2023
성북구,13500,종암동,3.0,20231202,월세,84.98,20000,120,2004.0,아파트,2023
성북구,13800,장위동,12.0,20230830,월세,84.94,35000,90,2020.0,아파트,2023
성북구,13600,하월곡동,,20230901,월세,47.45,5000,30,1992.0,단독다가구,2023
성북구,13600,하월곡동,,20230821,월세,45.62,13000,40,1992.0,단독다가구,2023
성북구,12500,안암동5가,,20230827,월세,21.5,500,42,1997.0,단독다가구,2023
성북구,12500,안암동5가,,20230509,월세,21.5,200,47,1997.0,단독다가구,2023
성북구,13500,종암동,7.0,20230610,월세,59.4,5000,100,1996.0,아파트,2023
성북구,11100,삼선동1가,2.0,20231021,월세,36.68,3000,55,1998.0,연립다세대,2023
성북구,13400,길음동,6.0,20230725,월세,43.63,3120,16,2022.0,아파트,2023
성북구,13300,정릉동,3.0,20230517,월세,114.56,45000,20,2006.0,아파트,2023
성북구,13300,정릉동,2.0,20230516,월세,84.97,5000,140,2008.0,아파트,2023
성북구,13400,길음동,,20230512,월세,27.0,1000,60,1970.0,단독다가구,2023
성북구,12000,동선동5가,,20230503,월세,42.0,800,48,1991.0,단독다가구,2023
성북구,13600,하월곡동,12.0,20231021,월세,84.77,10000,160,2003.0,아파트,2023
성북구,13100,보문동2가,,20230823,월세,45.0,5000,70,1992.0,단독다가구,2023
성북구,13400,길음동,15.0,20231116,월세,84.77,20000,220,2022.0,아파트,2023
성북구,13900,석관동,,20230901,월세,48.73,7500,45,1988.0,단독다가구,2023
성북구,13300,정릉동,11.0,20230607,월세,59.37,10000,120,2009.0,아파트,2023
성북구,13500,종암동,20.0,20231122,월세,59.99,10000,88,2004.0,아파트,2023
성북구,13500,종암동,16.0,20231122,월세,84.95,5000,150,2004.0,아파트,2023
성북구,13400,길음동,3.0,20230731,월세,84.95,20000,190,2019.0,아파트,2023
성북구,13600,하월곡동,8.0,20230616,월세,59.86,13880,70,2003.0,아파트,2023
성북구,12700,보문동5가,,20230829,월세,39.25,5000,90,2019.0,단독다가구,2023
성북구,13800,장위동,26.0,20230830,월세,84.97,10000,130,2021.0,아파트,2023
성북구,13800,장위동,,20230503,월세,44.67,300,30,1958.0,단독다가구,2023
성북구,13500,종암동,,20230503,월세,45.0,3000,50,1992.0,단독다가구,2023
성북구,13100,보문동2가,,20230512,월세,30.0,1500,53,2008.0,단독다가구,2023
성북구,12800,보문동6가,,20230506,월세,39.0,10000,20,1965.0,단독다가구,2023
성북구,10300,돈암동,3.0,20230816,월세,84.95,10000,120,2004.0,아파트,2023
성북구,11400,삼선동4가,5.0,20230919,월세,24.21,8000,65,2014.0,연립다세대,2023
성북구,13300,정릉동,,20230829,월세,40.0,1000,40,1993.0,단독다가구,2023
성북구,13500,종암동,2.0,20230523,월세,36.28,20000,5,2016.0,연립다세대,2023
성북구,13800,장위동,3.0,20230610,월세,71.34,3000,50,1982.0,연립다세대,2023
성북구,13500,종암동,5.0,20230520,월세,29.92,5000,90,2022.0,연립다세대,2023
성북구,13900,석관동,,20230821,월세,48.86,5000,50,1995.0,단독다가구,2023
성북구,11900,동선동4가,,20230509,월세,32.38,1000,75,1992.0,단독다가구,2023
성북구,10300,돈암동,8.0,20231012,월세,84.87,21000,96,1998.0,아파트,2023
성북구,10900,동소문동6가,4.0,20230610,월세,69.3,8000,80,2001.0,아파트,2023
성북구,12300,안암동3가,,20230506,월세,47.87,2000,60,1993.0,단독다가구,2023
성북구,10300,돈암동,8.0,20231012,월세,132.96,50000,60,1998.0,아파트,2023
성북구,13000,보문동1가,17.0,20230628,월세,59.79,22000,140,2022.0,아파트,2023
성북구,13300,정릉동,3.0,20230613,월세,84.99,10000,100,2006.0,아파트,2023
성북구,13400,길음동,12.0,20231111,월세,84.98,60000,60,2022.0,아파트,2023
성북구,10300,돈암동,4.0,20230905,월세,84.68,30000,30,1999.0,아파트,2023
성북구,13500,종암동,10.0,20230902,월세,59.92,5000,140,2009.0,아파트,2023
성북구,13500,종암동,,20230503,월세,66.29,1500,90,1991.0,단독다가구,2023
성북구,12800,보문동6가,3.0,20230701,월세,84.99,10000,45,2017.0,아파트,2023
성북구,12100,안암동1가,,20230818,월세,50.24,4000,80,1991.0,단독다가구,2023
성북구,13300,정릉동,,20230823,월세,48.0,500,80,1990.0,단독다가구,2023
성북구,13900,석관동,,20230818,월세,50.37,1000,60,1993.0,단독다가구,2023
성북구,12800,보문동6가,,20230512,월세,40.0,1000,50,1993.0,단독다가구,2023
성북구,11400,삼선동4가,1.0,20230516,월세,114.84,25000,120,1999.0,아파트,2023
성북구,13900,석관동,,20230503,월세,88.74,19000,10,1993.0,단독다가구,2023
성북구,13800,장위동,3.0,20230601,월세,39.71,11020,21,2020.0,연립다세대,2023
성북구,13800,장위동,4.0,20230601,월세,83.83,3200,5,2020.0,연립다세대,2023
성북구,13800,장위동,,20230901,월세,56.46,13000,10,1969.0,단독다가구,2023
성북구,13800,장위동,4.0,20231105,월세,22.47,1000,120,2022.0,연립다세대,2023
성북구,13100,보문동2가,5.0,20230704,월세,66.02,5000,200,2023.0,오피스텔,2023
성북구,13800,장위동,,20230513,월세,21.0,500,45,1981.0,단독다가구,2023
성북구,13300,정릉동,2.0,20230619,월세,42.03,1000,140,2022.0,연립다세대,2023
성북구,13500,종암동,15.0,20230616,월세,84.72,16000,95,1999.0,아파트,2023
성북구,13400,길음동,8.0,20230701,월세,84.13,5000,120,1998.0,아파트,2023
성북구,11900,동선동4가,8.0,20230701,월세,19.32,1000,56,2017.0,오피스텔,2023
성북구,11700,동선동2가,,20230504,월세,43.45,500,60,1991.0,단독다가구,2023
성북구,13800,장위동,5.0,20230523,월세,41.27,10500,50,2016.0,연립다세대,2023
성북구,10300,돈암동,8.0,20230526,월세,68.13,25000,50,1998.0,아파트,2023
성북구,13800,장위동,4.0,20230713,월세,52.48,5000,45,2002.0,연립다세대,2023
성북구,12500,안암동5가,,20230510,월세,23.1,500,43,2001.0,단독다가구,2023
성북구,13900,석관동,,20230826,월세,33.0,500,40,1994.0,단독다가구,2023
성북구,13300,정릉동,,20230826,월세,33.0,1000,80,1995.0,단독다가구,2023
성북구,13300,정릉동,4.0,20230619,월세,47.53,14000,20,2007.0,연립다세대,2023
성북구,10300,돈암동,17.0,20231021,월세,59.99,10000,120,2004.0,아파트,2023
성북구,13400,길음동,23.0,20231122,월세,59.88,8000,180,2022.0,아파트,2023
성북구,10200,성북동1가,,20230510,월세,25.0,1000,50,1994.0,단독다가구,2023
성북구,12500,안암동5가,,20230507,월세,35.0,500,70,1993.0,단독다가구,2023
성북구,12500,안암동5가,3.0,20231215,월세,14.13,3000,65,2012.0,연립다세대,2023
성북구,10300,돈암동,6.0,20230523,월세,68.13,3000,130,1998.0,아파트,2023
성북구,12500,안암동5가,,20230623,월세,18.25,1000,65,1997.0,단독다가구,2023
성북구,11500,삼선동5가,,20230513,월세,30.0,3000,35,1995.0,단독다가구,2023
성북구,13800,장위동,,20230510,월세,30.0,500,40,1993.0,단독다가구,2023
성북구,13300,정릉동,,20230510,월세,30.0,500,35,1988.0,단독다가구,2023
성북구,12100,안암동1가,,20230510,월세,30.0,500,50,1993.0,단독다가구,2023
성북구,12800,보문동6가,1.0,20230710,월세,29.96,10212,37,2017.0,아파트,2023
성북구,12800,보문동6가,7.0,20230710,월세,29.96,11708,30,2017.0,아파트,2023
성북구,12800,보문동6가,7.0,20230710,월세,29.96,10212,37,2017.0,아파트,2023
성북구,12800,보문동6가,14.0,20230710,월세,29.96,10212,37,2017.0,아파트,2023
성북구,12800,보문동6가,10.0,20230710,월세,29.96,11708,30,2017.0,아파트,2023
성북구,12800,보문동6가,10.0,20230710,월세,29.96,10212,37,2017.0,아파트,2023
성북구,13300,정릉동,2.0,20230731,월세,22.2,1000,65,2015.0,연립다세대,2023
성북구,13500,종암동,2.0,20230616,월세,29.92,10000,50,2014.0,연립다세대,2023
성북구,13600,하월곡동,9.0,20230722,월세,56.97,10000,135,2020.0,아파트,2023
성북구,13800,장위동,,20230504,월세,66.23,3000,65,2000.0,단독다가구,2023
성북구,13900,석관동,2.0,20230607,월세,45.42,300,41,2021.0,연립다세대,2023
성북구,10300,돈암동,14.0,20230610,월세,68.13,20000,40,1998.0,아파트,2023
성북구,12800,보문동6가,11.0,20231004,월세,45.81,10000,150,2017.0,아파트,2023
성북구,13500,종암동,7.0,20230707,월세,59.99,5000,128,2004.0,아파트,2023
성북구,10400,동소문동1가,,20230510,월세,33.0,2000,77,,단독다가구,2023
성북구,13300,정릉동,,20230616,월세,33.0,1000,50,1993.0,단독다가구,2023
성북구,10300,돈암동,16.0,20230601,월세,113.67,5250,190,1998.0,아파트,2023
성북구,12800,보문동6가,,20230623,월세,18.5,500,40,1940.0,단독다가구,2023
성북구,13500,종암동,3.0,20230728,월세,87.4,1000,75,2002.0,연립다세대,2023
성북구,13300,정릉동,,20230616,월세,33.0,1000,80,1995.0,단독다가구,2023
성북구,13500,종암동,,20230520,월세,16.5,500,50,1997.0,단독다가구,2023
성북구,10300,돈암동,7.0,20230529,월세,113.67,10000,147,1998.0,아파트,2023
성북구,12100,안암동1가,3.0,20231208,월세,59.7,2749,130,2005.0,아파트,2023
성북구,13300,정릉동,2.0,20230622,월세,55.0,1200,42,2001.0,연립다세대,2023
성북구,10300,돈암동,3.0,20231018,월세,84.87,26790,50,1998.0,아파트,2023
성북구,10100,성북동,1.0,20230713,월세,59.99,3000,140,1997.0,연립다세대,2023
성북구,13300,정릉동,,20230907,월세,41.11,1000,45,1993.0,단독다가구,2023
성북구,12100,안암동1가,,20231006,월세,30.0,4000,60,1993.0,단독다가구,2023
성북구,13800,장위동,18.0,20230806,월세,59.99,15000,130,2020.0,아파트,2023
성북구,10300,돈암동,3.0,20230607,월세,59.58,3000,105,1998.0,아파트,2023
성북구,11300,삼선동3가,,20230513,월세,37.0,1000,45,1994.0,단독다가구,2023
성북구,13800,장위동,,20230829,월세,46.85,1000,18,1996.0,단독다가구,2023
성북구,10300,돈암동,2.0,20230529,월세,132.96,15000,150,1998.0,아파트,2023
성북구,13400,길음동,11.0,20230809,월세,59.97,15000,150,2019.0,아파트,2023
성북구,10200,성북동1가,,20230510,월세,37.35,1000,60,1997.0,단독다가구,2023
성북구,13800,장위동,,20230526,월세,10.0,100,10,1990.0,단독다가구,2023
성북구,11100,삼선동1가,,20231204,월세,33.0,1000,60,2006.0,단독다가구,2023
성북구,12800,보문동6가,4.0,20231113,월세,29.96,10212,37,2017.0,아파트,2023
성북구,13300,정릉동,,20230507,월세,65.67,12000,25,1991.0,단독다가구,2023
성북구,13300,정릉동,,20230520,월세,19.0,1000,60,2019.0,단독다가구,2023
성북구,13500,종암동,,20230513,월세,39.76,500,40,1997.0,단독다가구,2023
성북구,13800,장위동,10.0,20230806,월세,84.97,38325,38,2021.0,아파트,2023
성북구,13300,정릉동,3.0,20230722,월세,54.09,11000,30,1990.0,연립다세대,2023
성북구,13300,정릉동,,20230829,월세,47.85,1000,60,1994.0,단독다가구,2023
성북구,13500,종암동,4.0,20231113,월세,63.62,2000,70,2003.0,연립다세대,2023
성북구,13800,장위동,,20230907,월세,42.66,500,50,1996.0,단독다가구,2023
성북구,13100,보문동2가,3.0,20230725,월세,56.46,5000,175,2023.0,오피스텔,2023
성북구,12500,안암동5가,,20230510,월세,40.0,1000,63,2021.0,단독다가구,2023
성북구,13400,길음동,7.0,20230722,월세,111.71,40000,40,1998.0,아파트,2023
성북구,11400,삼선동4가,7.0,20230819,월세,60.97,2000,170,2008.0,연립다세대,2023
성북구,11200,삼선동2가,,20230513,월세,40.12,1000,50,1995.0,단독다가구,2023
성북구,13800,장위동,11.0,20230622,월세,18.03,1000,55,2019.0,오피스텔,2023
성북구,13800,장위동,4.0,20230713,월세,29.12,13000,30,2021.0,연립다세대,2023
성북구,13800,장위동,3.0,20230713,월세,29.94,6000,80,2021.0,연립다세대,2023
성북구,13800,장위동,,20230826,월세,35.0,500,25,1993.0,단독다가구,2023
성북구,10300,돈암동,7.0,20230717,월세,132.96,30000,150,1998.0,아파트,2023
성북구,12500,안암동5가,,20230602,월세,21.0,500,45,1994.0,단독다가구,2023
성북구,11500,삼선동5가,,20230623,월세,19.38,1000,60,1997.0,단독다가구,2023
성북구,13300,정릉동,7.0,20231021,월세,60.0,25000,30,2005.0,아파트,2023
성북구,13500,종암동,,20230714,월세,12.0,500,50,2003.0,단독다가구,2023
성북구,10100,성북동,,20231006,월세,31.44,1000,43,1996.0,단독다가구,2023
성북구,13800,장위동,10.0,20230619,월세,14.71,1000,60,2019.0,아파트,2023
성북구,10100,성북동,,20230901,월세,127.89,500,60,2003.0,단독다가구,2023
성북구,13300,정릉동,,20230518,월세,29.15,500,30,1991.0,단독다가구,2023
성북구,13300,정릉동,,20230617,월세,16.0,300,50,2018.0,단독다가구,2023
성북구,13800,장위동,,20231006,월세,32.0,200,25,1993.0,단독다가구,2023
성북구,13800,장위동,,20230518,월세,30.0,300,35,1995.0,단독다가구,2023
성북구,13900,석관동,,20230623,월세,20.0,200,20,1992.0,단독다가구,2023
성북구,11600,동선동1가,,20230702,월세,20.0,500,50,2011.0,단독다가구,2023
성북구,13300,정릉동,,20230617,월세,16.5,500,50,2018.0,단독다가구,2023
성북구,13300,정릉동,,20230617,월세,16.5,5000,30,2021.0,단독다가구,2023
성북구,12700,보문동5가,,20230508,월세,43.15,500,50,1993.0,단독다가구,2023
성북구,13300,정릉동,,20230511,월세,39.6,130,35,1971.0,단독다가구,2023
성북구,13500,종암동,,20230614,월세,16.0,200,70,2011.0,단독다가구,2023
성북구,12700,보문동5가,,20230508,월세,44.21,2000,70,1992.0,단독다가구,2023
성북구,13100,보문동2가,,20230608,월세,20.0,300,36,1993.0,단독다가구,2023
성북구,11700,동선동2가,,20230602,월세,23.48,1000,60,2000.0,단독다가구,2023
성북구,13100,보문동2가,,20230611,월세,20.0,3000,32,1999.0,단독다가구,2023
성북구,10300,돈암동,17.0,20230711,월세,59.58,5000,110,1998.0,아파트,2023
성북구,12000,동선동5가,,20230508,월세,46.36,16000,20,1985.0,단독다가구,2023
성북구,12500,안암동5가,,20230511,월세,40.23,500,80,1994.0,단독다가구,2023
성북구,10100,성북동,,20230602,월세,25.0,1000,45,1954.0,단독다가구,2023
성북구,13600,하월곡동,,20230527,월세,44.22,1000,45,1997.0,단독다가구,2023
성북구,12500,안암동5가,,20230714,월세,16.0,500,50,2001.0,단독다가구,2023
성북구,11900,동선동4가,,20230614,월세,17.0,2000,53,2019.0,단독다가구,2023
성북구,13900,석관동,,20230524,월세,58.5,1000,75,1992.0,단독다가구,2023
성북구,13500,종암동,,20230620,월세,19.5,500,53,2008.0,단독다가구,2023
성북구,13300,정릉동,,20230511,월세,41.88,1000,63,1993.0,단독다가구,2023
성북구,13500,종암동,15.0,20231021,월세,84.72,28000,60,1999.0,아파트,2023
성북구,13500,종암동,11.0,20231021,월세,84.72,5500,160,1999.0,아파트,2023
성북구,12700,보문동5가,,20230620,월세,20.0,1000,40,2013.0,단독다가구,2023
성북구,13400,길음동,8.0,20230925,월세,84.96,5000,130,2003.0,아파트,2023
성북구,13600,하월곡동,,20230530,월세,23.14,1000,60,2012.0,단독다가구,2023
성북구,11900,동선동4가,,20230514,월세,43.47,17000,20,1991.0,단독다가구,2023
성북구,11200,삼선동2가,,20230514,월세,43.5,10000,10,1992.0,단독다가구,2023
성북구,13300,정릉동,,20230629,월세,20.0,500,50,2004.0,단독다가구,2023
성북구,12500,안암동5가,,20230617,월세,18.5,500,48,1998.0,단독다가구,2023
성북구,13300,정릉동,,20230518,월세,35.03,8000,20,2007.0,단독다가구,2023
성북구,12500,안암동5가,,20230626,월세,14.0,2000,45,2008.0,단독다가구,2023
성북구,13900,석관동,,20230508,월세,53.06,5000,60,1971.0,단독다가구,2023
성북구,13700,상월곡동,,20230714,월세,17.0,500,53,2017.0,단독다가구,2023
성북구,12100,안암동1가,,20230626,월세,15.0,7000,15,2019.0,단독다가구,2023
성북구,13900,석관동,,20230602,월세,29.0,500,30,1986.0,단독다가구,2023
성북구,13500,종암동,2.0,20230923,월세,32.18,13000,15,1994.0,연립다세대,2023
성북구,13300,정릉동,,20230708,월세,15.0,1000,45,2021.0,단독다가구,2023
성북구,10300,돈암동,,20230907,월세,46.17,2000,50,2013.0,단독다가구,2023
성북구,12100,안암동1가,,20230518,월세,37.22,2000,80,1993.0,단독다가구,2023
성북구,13800,장위동,,20231006,월세,35.0,500,35,1993.0,단독다가구,2023
성북구,12100,안암동1가,,20230617,월세,20.0,1000,45,1993.0,단독다가구,2023
성북구,13400,길음동,3.0,20231127,월세,58.64,5000,28,2022.0,연립다세대,2023
성북구,12000,동선동5가,,20230511,월세,49.58,1000,80,1997.0,단독다가구,2023
성북구,13800,장위동,,20230527,월세,55.83,1500,55,1971.0,단독다가구,2023
성북구,12400,안암동4가,,20230904,월세,44.64,1000,70,1992.0,단독다가구,2023
성북구,13600,하월곡동,7.0,20230701,월세,84.99,41000,4,2007.0,아파트,2023
성북구,13600,하월곡동,,20230508,월세,68.04,15000,15,2002.0,단독다가구,2023
성북구,10300,돈암동,,20230531,월세,15.0,1500,30,2010.0,단독다가구,2023
성북구,13400,길음동,15.0,20231113,월세,59.94,30000,30,1998.0,아파트,2023
성북구,13400,길음동,2.0,20230806,월세,84.98,30000,140,2022.0,아파트,2023
성북구,12800,보문동6가,6.0,20231030,월세,45.81,10000,140,2017.0,아파트,2023
성북구,13800,장위동,2.0,20230615,월세,57.42,618,60,2019.0,연립다세대,2023
성북구,13600,하월곡동,15.0,20230722,월세,15.62,1000,60,2013.0,아파트,2023
성북구,11200,삼선동2가,,20230910,월세,55.74,0,50,1997.0,단독다가구,2023
성북구,11500,삼선동5가,6.0,20230606,월세,28.26,8000,70,2020.0,연립다세대,2023
성북구,12700,보문동5가,,20230907,월세,47.65,1000,70,1991.0,단독다가구,2023
성북구,11400,삼선동4가,2.0,20230908,월세,12.03,3000,32,2010.0,연립다세대,2023
성북구,13500,종암동,8.0,20230728,월세,59.99,5000,140,2004.0,아파트,2023
성북구,13500,종암동,18.0,20230728,월세,59.99,12000,100,2004.0,아파트,2023
성북구,11500,삼선동5가,,20230512,월세,44.44,1000,60,2002.0,단독다가구,2023
성북구,13300,정릉동,,20230523,월세,15.0,100,50,2019.0,단독다가구,2023
성북구,13700,상월곡동,,20230531,월세,16.52,1000,50,2019.0,단독다가구,2023
성북구,12300,안암동3가,,20230509,월세,46.0,4500,55,1996.0,단독다가구,2023
성북구,13600,하월곡동,,20230907,월세,48.12,2000,70,1993.0,단독다가구,2023
성북구,13600,하월곡동,,20230520,월세,23.0,500,45,2019.0,단독다가구,2023
성북구,13400,길음동,13.0,20230923,월세,59.99,20000,80,2005.0,아파트,2023
성북구,13600,하월곡동,,20230512,월세,47.43,1500,60,1993.0,단독다가구,2023
성북구,13400,길음동,5.0,20230923,월세,59.86,8000,130,2005.0,아파트,2023
성북구,13800,장위동,,20230517,월세,13.5,500,40,1997.0,단독다가구,2023
성북구,13400,길음동,7.0,20230914,월세,33.28,2989,25,2010.0,아파트,2023
성북구,13300,정릉동,,20230523,월세,16.0,500,50,2018.0,단독다가구,2023
성북구,13400,길음동,10.0,20230923,월세,59.99,5000,165,2010.0,아파트,2023
성북구,13400,길음동,5.0,20230920,월세,30.15,2476,5,2005.0,아파트,2023
성북구,13300,정릉동,1.0,20231024,월세,62.78,2006,17,2008.0,연립다세대,2023
성북구,13300,정릉동,10.0,20230923,월세,114.63,30000,100,1999.0,아파트,2023
성북구,13800,장위동,10.0,20230905,월세,59.99,35000,20,2020.0,아파트,2023
성북구,13300,정릉동,,20230509,월세,49.59,500,58,1940.0,단독다가구,2023
성북구,13400,길음동,11.0,20230914,월세,84.92,30000,120,2010.0,아파트,2023
성북구,13400,길음동,15.0,20230923,월세,84.84,5000,170,2003.0,아파트,2023
성북구,11200,삼선동2가,,20231006,월세,38.28,1000,50,1993.0,단독다가구,2023
성북구,13300,정릉동,,20230526,월세,19.8,500,35,1970.0,단독다가구,2023
성북구,13900,석관동,,20230512,월세,50.04,13000,17,1990.0,단독다가구,2023
성북구,11700,동선동2가,,20230512,월세,50.34,6500,50,2002.0,단독다가구,2023
성북구,13400,길음동,16.0,20230920,월세,84.96,50000,50,2006.0,아파트,2023
성북구,10300,돈암동,7.0,20230914,월세,34.35,2616,14,2014.0,아파트,2023
성북구,13600,하월곡동,,20230601,월세,15.0,500,45,2011.0,단독다가구,2023
성북구,13300,정릉동,,20230601,월세,15.0,1000,40,2018.0,단독다가구,2023
성북구,13500,종암동,3.0,20230616,월세,29.23,1000,75,2012.0,연립다세대,2023
성북구,13400,길음동,21.0,20230920,월세,60.0,30000,70,2003.0,아파트,2023
성북구,13400,길음동,3.0,20230920,월세,84.84,22000,70,2003.0,아파트,2023
성북구,13300,정릉동,,20230523,월세,18.0,2000,40,2019.0,단독다가구,2023
성북구,12100,안암동1가,,20230523,월세,18.0,500,30,2009.0,단독다가구,2023
성북구,10900,동소문동6가,,20230516,월세,16.51,1000,50,1994.0,단독다가구,2023
성북구,12500,안암동5가,,20230610,월세,15.0,300,50,2004.0,단독다가구,2023
성북구,10900,동소문동6가,20.0,20230622,월세,14.01,1000,80,2015.0,아파트,2023
성북구,10100,성북동,2.0,20231113,월세,73.14,7000,60,1994.0,연립다세대,2023
성북구,10400,동소문동1가,,20230526,월세,20.67,286,7,1997.0,단독다가구,2023
성북구,13800,장위동,5.0,20230920,월세,39.0,11109,41,2022.0,아파트,2023
성북구,13800,장위동,8.0,20230920,월세,39.0,12737,33,2022.0,아파트,2023
성북구,13800,장위동,5.0,20230920,월세,39.0,12737,33,2022.0,아파트,2023
성북구,13800,장위동,11.0,20230920,월세,39.0,11109,41,2022.0,아파트,2023
성북구,13800,장위동,11.0,20230920,월세,39.0,12737,33,2022.0,아파트,2023
성북구,13800,장위동,8.0,20230920,월세,39.0,11109,41,2022.0,아파트,2023
성북구,10900,동소문동6가,6.0,20230914,월세,42.12,1000,225,2023.0,연립다세대,2023
성북구,11900,동선동4가,,20230907,월세,49.59,5000,110,,단독다가구,2023
성북구,13500,종암동,,20230610,월세,16.0,300,55,2018.0,단독다가구,2023
성북구,10300,돈암동,15.0,20230616,월세,84.87,35000,45,1998.0,아파트,2023
성북구,12800,보문동6가,4.0,20231102,월세,45.81,32800,23,2017.0,아파트,2023
성북구,11200,삼선동2가,,20230610,월세,16.5,1000,45,2011.0,단독다가구,2023
성북구,13600,하월곡동,,20230517,월세,19.0,500,45,2010.0,단독다가구,2023
성북구,11800,동선동3가,,20230604,월세,19.0,1000,35,1983.0,단독다가구,2023
성북구,12800,보문동6가,7.0,20230731,월세,29.96,7665,20,2017.0,아파트,2023
성북구,13700,상월곡동,,20230607,월세,13.74,2000,45,2019.0,단독다가구,2023
성북구,11300,삼선동3가,,20230523,월세,20.0,500,52,1983.0,단독다가구,2023
성북구,13500,종암동,,20230516,월세,19.5,100,45,2003.0,단독다가구,2023
성북구,13300,정릉동,,20230607,월세,15.0,1000,47,2017.0,단독다가구,2023
성북구,12700,보문동5가,,20230610,월세,18.0,2500,22,2011.0,단독다가구,2023
성북구,13700,상월곡동,,20230604,월세,20.0,500,50,2002.0,단독다가구,2023
성북구,12200,안암동2가,,20231012,월세,16.5,1000,45,2014.0,단독다가구,2023
성북구,13900,석관동,,20230827,월세,49.0,500,30,1994.0,단독다가구,2023
성북구,13500,종암동,,20230607,월세,16.0,300,55,2018.0,단독다가구,2023
성북구,10100,성북동,2.0,20230707,월세,57.86,2000,159,2018.0,연립다세대,2023
성북구,10300,돈암동,,20230829,월세,69.3,1000,50,1991.0,단독다가구,2023
성북구,11500,삼선동5가,,20230510,월세,47.71,500,55,1997.0,단독다가구,2023
성북구,12100,안암동1가,,20230513,월세,43.96,4000,60,1992.0,단독다가구,2023
성북구,13900,석관동,,20230516,월세,20.84,100,20,1993.0,단독다가구,2023
성북구,11100,삼선동1가,,20230520,월세,34.46,12000,8,2014.0,단독다가구,2023
성북구,13500,종암동,,20230607,월세,17.0,200,50,2010.0,단독다가구,2023
성북구,13800,장위동,10.0,20230713,월세,18.03,500,60,2019.0,오피스텔,2023
성북구,12100,안암동1가,,20230516,월세,23.0,500,50,1991.0,단독다가구,2023
성북구,12200,안암동2가,4.0,20231111,월세,14.67,1000,62,2018.0,연립다세대,2023
성북구,12700,보문동5가,,20230907,월세,50.76,10000,6,1993.0,단독다가구,2023
성북구,11700,동선동2가,,20230529,월세,18.0,500,35,2011.0,단독다가구,2023
성북구,11500,삼선동5가,,20230526,월세,29.7,1000,65,1993.0,단독다가구,2023
성북구,12900,보문동7가,,20230510,월세,51.85,1000,65,1993.0,단독다가구,2023
성북구,13500,종암동,,20230516,월세,23.1,3000,30,2003.0,단독다가구,2023
성북구,12100,안암동1가,,20230516,월세,23.1,500,45,,단독다가구,2023
성북구,11500,삼선동5가,,20230510,월세,52.29,3000,65,1992.0,단독다가구,2023
성북구,10800,동소문동5가,17.0,20230710,월세,15.42,14500,42,2018.0,아파트,2023
성북구,10800,동소문동5가,17.0,20230710,월세,15.42,18000,30,2018.0,아파트,2023
성북구,12500,안암동5가,,20230610,월세,20.0,1000,55,1997.0,단독다가구,2023
성북구,13500,종암동,,20230517,월세,24.1,200,15,1993.0,단독다가구,2023
성북구,10200,성북동1가,,20230516,월세,25.0,1000,50,1994.0,단독다가구,2023
성북구,13300,정릉동,3.0,20230905,월세,13.6,2000,40,2023.0,연립다세대,2023
성북구,10400,동소문동1가,,20231012,월세,18.0,2000,50,2010.0,단독다가구,2023
성북구,12500,안암동5가,,20231012,월세,18.0,1000,70,2019.0,단독다가구,2023
성북구,12300,안암동3가,,20230529,월세,19.0,100,35,1997.0,단독다가구,2023
성북구,13900,석관동,1.0,20230920,월세,36.23,1000,40,1997.0,연립다세대,2023
성북구,13900,석관동,5.0,20230622,월세,43.07,19500,8,2015.0,연립다세대,2023
성북구,11800,동선동3가,,20230529,월세,19.8,500,45,2002.0,단독다가구,2023
성북구,13700,상월곡동,,20230526,월세,33.0,2000,40,1993.0,단독다가구,2023
성북구,13300,정릉동,2.0,20230816,월세,17.09,1140,68,2023.0,연립다세대,2023
성북구,11200,삼선동2가,5.0,20230731,월세,114.86,39000,70,2009.0,아파트,2023
성북구,10100,성북동,,20230510,월세,66.0,2750,60,1994.0,단독다가구,2023
성북구,12700,보문동5가,,20230517,월세,28.6,1000,60,1991.0,단독다가구,2023
성북구,11500,삼선동5가,,20230523,월세,29.0,3000,40,1995.0,단독다가구,2023
성북구,11700,동선동2가,,20230607,월세,20.0,1000,50,2016.0,단독다가구,2023
성북구,13600,하월곡동,,20230510,월세,72.0,1000,45,1994.0,단독다가구,2023
성북구,10100,성북동,1.0,20230717,월세,46.9,13000,20,1995.0,연립다세대,2023
성북구,13500,종암동,,20230516,월세,30.0,500,55,2004.0,단독다가구,2023
성북구,13600,하월곡동,,20230827,월세,59.37,8000,30,1997.0,단독다가구,2023
성북구,10200,성북동1가,4.0,20230719,월세,39.0,4000,60,2002.0,연립다세대,2023
성북구,13300,정릉동,,20230827,월세,59.62,10000,90,2022.0,단독다가구,2023
성북구,11100,삼선동1가,,20230529,월세,21.0,1000,50,1991.0,단독다가구,2023
성북구,12700,보문동5가,,20230601,월세,26.4,500,40,1994.0,단독다가구,2023
성북구,11500,삼선동5가,,20230513,월세,67.94,7000,30,1997.0,단독다가구,2023
성북구,12200,안암동2가,,20230610,월세,24.0,1000,65,2002.0,단독다가구,2023
성북구,13900,석관동,,20230531,월세,17.0,1000,30,2010.0,단독다가구,2023
성북구,13500,종암동,,20230531,월세,17.0,300,45,2001.0,단독다가구,2023
성북구,11500,삼선동5가,,20230511,월세,76.89,3000,110,1997.0,단독다가구,2023
성북구,13500,종암동,,20230518,월세,45.0,2000,50,1993.0,단독다가구,2023
성북구,13600,하월곡동,,20230525,월세,28.86,500,35,1985.0,단독다가구,2023
성북구,13800,장위동,4.0,20230619,월세,29.73,2000,90,2021.0,연립다세대,2023
성북구,13600,하월곡동,,20230525,월세,30.0,1000,50,1993.0,단독다가구,2023
성북구,13800,장위동,27.0,20230908,월세,59.99,20000,80,2020.0,아파트,2023
성북구,13800,장위동,12.0,20230728,월세,14.71,1000,60,2019.0,아파트,2023
성북구,13300,정릉동,,20230516,월세,31.57,1000,60,1964.0,단독다가구,2023
성북구,13900,석관동,,20230520,월세,44.57,5000,30,1995.0,단독다가구,2023
성북구,13800,장위동,,20230516,월세,53.55,1000,50,1985.0,단독다가구,2023
성북구,12500,안암동5가,,20230529,월세,22.0,500,50,1995.0,단독다가구,2023
성북구,13500,종암동,3.0,20230628,월세,29.03,10000,45,2016.0,연립다세대,2023
성북구,13900,석관동,,20230529,월세,22.15,13000,60,2016.0,단독다가구,2023
성북구,11400,삼선동4가,6.0,20231114,월세,22.22,14000,25,2014.0,연립다세대,2023
성북구,11800,동선동3가,,20230607,월세,22.0,1000,50,1992.0,단독다가구,2023
성북구,13600,하월곡동,5.0,20230625,월세,26.77,15000,35,2021.0,연립다세대,2023
성북구,11600,동선동1가,7.0,20230722,월세,14.08,2000,56,2014.0,연립다세대,2023
성북구,12700,보문동5가,,20230616,월세,15.0,1000,45,2009.0,단독다가구,2023
성북구,12900,보문동7가,,20230616,월세,15.0,3000,30,1967.0,단독다가구,2023
성북구,13300,정릉동,,20230607,월세,23.0,500,43,2013.0,단독다가구,2023
성북구,13300,정릉동,,20230517,월세,59.67,1000,60,1966.0,단독다가구,2023
성북구,13700,상월곡동,,20230516,월세,60.87,3000,65,1988.0,단독다가구,2023
성북구,13400,길음동,6.0,20231117,월세,59.9,5000,170,2010.0,아파트,2023
성북구,10300,돈암동,-1.0,20231114,월세,59.22,300,35,1992.0,연립다세대,2023
성북구,13600,하월곡동,,20230529,월세,25.0,500,35,1993.0,단독다가구,2023
성북구,12500,안암동5가,,20230529,월세,25.0,500,52,1994.0,단독다가구,2023
성북구,10100,성북동,,20231012,월세,20.0,2000,50,,단독다가구,2023
성북구,13300,정릉동,8.0,20230816,월세,59.26,8000,65,1999.0,아파트,2023
성북구,12500,안암동5가,,20231009,월세,24.0,1000,65,1993.0,단독다가구,2023
성북구,13800,장위동,10.0,20231023,월세,39.0,10145,37,2022.0,아파트,2023
성북구,13800,장위동,5.0,20231023,월세,39.0,11434,31,2022.0,아파트,2023
성북구,11700,동선동2가,,20231015,월세,18.18,1000,45,2003.0,단독다가구,2023
성북구,10300,돈암동,10.0,20230925,월세,32.49,483,16,1999.0,아파트,2023
성북구,13600,하월곡동,,20230526,월세,41.04,2000,40,2000.0,단독다가구,2023
성북구,12500,안암동5가,5.0,20231021,월세,12.96,2000,63,2012.0,연립다세대,2023
성북구,10300,돈암동,,20230601,월세,32.48,1000,40,1985.0,단독다가구,2023
성북구,11300,삼선동3가,3.0,20231024,월세,49.19,7175,19,2022.0,연립다세대,2023
성북구,12800,보문동6가,11.0,20230830,월세,29.96,11708,30,2017.0,아파트,2023
성북구,13300,정릉동,2.0,20230722,월세,55.82,2000,70,1992.0,연립다세대,2023
성북구,13600,하월곡동,,20230616,월세,18.0,300,40,1977.0,단독다가구,2023
성북구,13500,종암동,,20230526,월세,45.0,1000,45,1994.0,단독다가구,2023
성북구,13500,종암동,,20231018,월세,16.0,500,41,2003.0,단독다가구,2023
성북구,12100,안암동1가,,20230525,월세,30.82,13000,10,1992.0,단독다가구,2023
성북구,11500,삼선동5가,10.0,20230831,월세,18.6,13000,30,2014.0,오피스텔,2023
성북구,13300,정릉동,,20231006,월세,54.58,3000,50,1996.0,단독다가구,2023
성북구,12000,동선동5가,,20230603,월세,19.57,500,45,2007.0,단독다가구,2023
성북구,13900,석관동,,20230603,월세,20.0,300,33,1990.0,단독다가구,2023
성북구,13300,정릉동,,20230927,월세,23.4,500,55,2015.0,단독다가구,2023
성북구,10100,성북동,1.0,20230828,월세,110.01,2000,200,1998.0,연립다세대,2023
성북구,13300,정릉동,,20230525,월세,35.0,1000,45,1986.0,단독다가구,2023
성북구,11800,동선동3가,,20231012,월세,21.46,1000,54,2000.0,단독다가구,2023
성북구,12000,동선동5가,3.0,20230906,월세,49.89,5000,35,2002.0,연립다세대,2023
성북구,13600,하월곡동,,20230521,월세,50.46,1000,50,1994.0,단독다가구,2023
성북구,13800,장위동,4.0,20230920,월세,29.89,3000,75,2021.0,연립다세대,2023
성북구,13500,종암동,25.0,20230701,월세,84.98,15000,90,2008.0,아파트,2023
성북구,12000,동선동5가,,20230525,월세,37.46,500,50,1993.0,단독다가구,2023
성북구,13100,보문동2가,3.0,20230828,월세,20.47,1500,52,2011.0,연립다세대,2023
성북구,13300,정릉동,,20230521,월세,54.81,1000,60,1968.0,단독다가구,2023
성북구,10300,돈암동,2.0,20230606,월세,113.67,45000,20,1998.0,아파트,2023
성북구,13300,정릉동,1.0,20230916,월세,48.0,3000,60,1990.0,연립다세대,2023
성북구,13600,하월곡동,,20230525,월세,38.86,7000,15,1993.0,단독다가구,2023
성북구,11000,동소문동7가,17.0,20230606,월세,59.91,10000,115,2004.0,아파트,2023
성북구,12200,안암동2가,,20230525,월세,40.0,1000,50,1994.0,단독다가구,2023
성북구,13500,종암동,,20230603,월세,25.79,995,79,2019.0,단독다가구,2023
성북구,12100,안암동1가,12.0,20230710,월세,59.7,10000,100,2005.0,아파트,2023
성북구,13600,하월곡동,,20230907,월세,58.92,13000,10,1996.0,단독다가구,2023
성북구,12300,안암동3가,,20231012,월세,24.0,500,35,1995.0,단독다가구,2023
성북구,12300,안암동3가,,20231006,월세,66.42,3000,100,1998.0,단독다가구,2023
성북구,11100,삼선동1가,,20230522,월세,52.05,1500,115,1991.0,단독다가구,2023
성북구,12200,안암동2가,,20230528,월세,36.0,500,41,1993.0,단독다가구,2023
성북구,13600,하월곡동,9.0,20230701,월세,84.88,50000,5,2007.0,아파트,2023
성북구,10300,돈암동,,20230531,월세,27.0,1000,35,1996.0,단독다가구,2023
성북구,13800,장위동,14.0,20231004,월세,18.03,500,45,2019.0,오피스텔,2023
성북구,13800,장위동,15.0,20231004,월세,18.03,2000,55,2019.0,오피스텔,2023
성북구,10200,성북동1가,,20230525,월세,43.0,3000,65,1993.0,단독다가구,2023
성북구,13500,종암동,3.0,20230805,월세,60.93,16000,14,1994.0,연립다세대,2023
성북구,12100,안암동1가,6.0,20231129,월세,29.82,5500,90,2017.0,연립다세대,2023
성북구,13900,석관동,,20230531,월세,30.0,500,50,1991.0,단독다가구,2023
성북구,13300,정릉동,4.0,20230707,월세,29.74,1000,67,2013.0,연립다세대,2023
성북구,13600,하월곡동,8.0,20230805,월세,79.98,5000,145,2004.0,아파트,2023
성북구,12300,안암동3가,,20230525,월세,45.2,1000,60,2002.0,단독다가구,2023
성북구,10100,성북동,,20230921,월세,45.0,27300,20,2016.0,단독다가구,2023
성북구,13600,하월곡동,22.0,20230819,월세,59.98,2000,180,2007.0,아파트,2023
성북구,13600,하월곡동,10.0,20230819,월세,59.98,30000,55,2007.0,아파트,2023
성북구,13500,종암동,,20230525,월세,46.04,3000,40,1993.0,단독다가구,2023
성북구,11400,삼선동4가,5.0,20230912,월세,31.85,19000,11,2014.0,연립다세대,2023
성북구,12800,보문동6가,7.0,20230806,월세,59.19,10000,155,2017.0,아파트,2023
성북구,10300,돈암동,11.0,20230612,월세,59.58,5000,100,1998.0,아파트,2023
성북구,10300,돈암동,9.0,20230701,월세,59.99,3000,140,2004.0,아파트,2023
성북구,13600,하월곡동,2.0,20231117,월세,110.04,3000,90,1989.0,연립다세대,2023
성북구,12100,안암동1가,3.0,20230719,월세,59.7,5000,140,2005.0,아파트,2023
성북구,13300,정릉동,4.0,20230704,월세,17.36,1000,49,2004.0,오피스텔,2023
성북구,13800,장위동,3.0,20230619,월세,39.34,1329,20,2006.0,아파트,2023
성북구,13600,하월곡동,,20231015,월세,25.0,300,25,1997.0,단독다가구,2023
성북구,11500,삼선동5가,,20230610,월세,33.0,1000,45,1993.0,단독다가구,2023
성북구,11700,동선동2가,,20230601,월세,36.0,3000,80,2018.0,단독다가구,2023
성북구,13300,정릉동,9.0,20230628,월세,59.37,10000,115,2009.0,아파트,2023
성북구,11700,동선동2가,,20230523,월세,46.5,12600,21,1994.0,단독다가구,2023
성북구,12900,보문동7가,3.0,20231016,월세,45.18,6000,70,2004.0,연립다세대,2023
성북구,13300,정릉동,,20230529,월세,33.0,500,30,1983.0,단독다가구,2023
성북구,13800,장위동,,20230523,월세,47.54,12000,20,1976.0,단독다가구,2023
성북구,12800,보문동6가,,20230523,월세,48.14,4000,51,2009.0,단독다가구,2023
성북구,10300,돈암동,15.0,20230923,월세,84.96,60000,20,2016.0,아파트,2023
성북구,12600,보문동4가,,20230601,월세,38.0,1000,55,1993.0,단독다가구,2023
성북구,11900,동선동4가,,20230604,월세,40.0,2000,35,1995.0,단독다가구,2023
성북구,13100,보문동2가,4.0,20230809,월세,20.08,15000,7,2015.0,연립다세대,2023
성북구,12800,보문동6가,,20230616,월세,20.0,500,45,1993.0,단독다가구,2023
성북구,13400,길음동,8.0,20230808,월세,84.13,20000,70,1998.0,아파트,2023
성북구,13400,길음동,11.0,20230925,월세,59.99,10000,160,2019.0,아파트,2023
성북구,13400,길음동,27.0,20230925,월세,59.99,25000,130,2019.0,아파트,2023
성북구,11000,동소문동7가,4.0,20230813,월세,84.95,10000,170,2004.0,아파트,2023
성북구,12300,안암동3가,,20230613,월세,23.1,1000,60,2002.0,단독다가구,2023
성북구,13800,장위동,2.0,20231214,월세,53.16,14500,20,2003.0,연립다세대,2023
성북구,13400,길음동,3.0,20231126,월세,84.05,27500,100,2007.0,아파트,2023
성북구,13300,정릉동,3.0,20231220,월세,17.1,1140,73,2023.0,연립다세대,2023
성북구,10100,성북동,2.0,20230831,월세,29.04,21000,10,2021.0,연립다세대,2023
성북구,13300,정릉동,10.0,20230701,월세,60.0,10000,100,2005.0,아파트,2023
성북구,11800,동선동3가,4.0,20231013,월세,38.76,5000,35,1997.0,연립다세대,2023
성북구,10900,동소문동6가,,20230601,월세,41.44,5000,60,1993.0,단독다가구,2023
성북구,13800,장위동,,20230523,월세,59.51,2000,60,2001.0,단독다가구,2023
성북구,11800,동선동3가,,20230613,월세,24.43,500,40,1994.0,단독다가구,2023
성북구,12500,안암동5가,,20230613,월세,25.0,500,55,1992.0,단독다가구,2023
성북구,10800,동소문동5가,7.0,20231027,월세,14.09,1000,85,2018.0,아파트,2023
성북구,13500,종암동,1.0,20230701,월세,75.5,5000,110,1996.0,아파트,2023
성북구,13300,정릉동,,20230529,월세,38.44,1000,45,1996.0,단독다가구,2023
성북구,13300,정릉동,4.0,20230707,월세,12.29,820,46,2023.0,연립다세대,2023
성북구,13300,정릉동,2.0,20230707,월세,14.97,1000,50,2023.0,연립다세대,2023
성북구,13600,하월곡동,,20230601,월세,44.1,4000,50,2002.0,단독다가구,2023
성북구,11900,동선동4가,6.0,20230722,월세,12.11,1000,58,2014.0,연립다세대,2023
성북구,13300,정릉동,3.0,20230906,월세,50.56,5000,150,2023.0,연립다세대,2023
성북구,13800,장위동,,20230613,월세,26.4,200,20,1993.0,단독다가구,2023
성북구,13100,보문동2가,3.0,20230809,월세,66.02,5000,190,2023.0,오피스텔,2023
성북구,12100,안암동1가,,20230529,월세,40.0,2000,70,1993.0,단독다가구,2023
성북구,13300,정릉동,,20230523,월세,75.0,19000,30,1997.0,단독다가구,2023
성북구,12800,보문동6가,13.0,20230809,월세,84.99,10000,220,2017.0,아파트,2023
성북구,13900,석관동,,20230610,월세,40.2,1000,50,1993.0,단독다가구,2023
성북구,10300,돈암동,,20230523,월세,82.08,20000,20,1965.0,단독다가구,2023
성북구,13300,정릉동,,20230705,월세,15.11,4000,30,1980.0,단독다가구,2023
성북구,13800,장위동,,20230530,월세,27.27,13000,30,1958.0,단독다가구,2023
성북구,11900,동선동4가,,20230629,월세,21.46,1000,50,1994.0,단독다가구,2023
성북구,13500,종암동,,20230614,월세,20.0,1000,65,2019.0,단독다가구,2023
성북구,12500,안암동5가,,20231018,월세,23.0,1000,70,1993.0,단독다가구,2023
성북구,13400,길음동,3.0,20230911,월세,33.46,733,13,2019.0,아파트,2023
성북구,13400,길음동,20.0,20230911,월세,33.46,7670,20,2019.0,아파트,2023
성북구,13400,길음동,8.0,20230911,월세,33.46,733,13,2019.0,아파트,2023
성북구,12300,안암동3가,,20230523,월세,108.66,1000,42,2001.0,단독다가구,2023
성북구,13300,정릉동,1.0,20231220,월세,57.25,500,80,1979.0,연립다세대,2023
성북구,12100,안암동1가,,20230527,월세,60.0,3000,80,1995.0,단독다가구,2023
성북구,13400,길음동,11.0,20230911,월세,49.18,4148,7,2019.0,아파트,2023
성북구,13400,길음동,3.0,20230911,월세,59.97,5168,8,2019.0,아파트,2023
성북구,13400,길음동,2.0,20230911,월세,59.97,5068,8,2019.0,아파트,2023
성북구,11800,동선동3가,4.0,20230710,월세,24.48,1000,50,2003.0,연립다세대,2023
성북구,13800,장위동,1.0,20230925,월세,59.99,30000,50,2020.0,아파트,2023
성북구,11100,삼선동1가,,20230609,월세,12.0,300,35,1990.0,단독다가구,2023
성북구,13300,정릉동,,20230525,월세,156.03,10000,87,1985.0,단독다가구,2023
성북구,13900,석관동,,20230620,월세,23.3,500,40,2017.0,단독다가구,2023
성북구,10800,동소문동5가,,20230615,월세,16.5,500,47,1985.0,단독다가구,2023
성북구,13800,장위동,2.0,20231024,월세,49.12,2305,30,2019.0,연립다세대,2023
성북구,12500,안암동5가,,20230531,월세,36.0,1000,60,2002.0,단독다가구,2023
성북구,13800,장위동,12.0,20230819,월세,39.98,3000,120,2022.0,아파트,2023
성북구,13600,하월곡동,,20230708,월세,17.0,1000,50,2011.0,단독다가구,2023
성북구,13600,하월곡동,,20230615,월세,17.0,500,50,2020.0,단독다가구,2023
성북구,12500,안암동5가,,20230708,월세,17.0,1000,60,,단독다가구,2023
성북구,11800,동선동3가,,20230531,월세,39.78,1000,75,1991.0,단독다가구,2023
성북구,13300,정릉동,,20230720,월세,15.0,2000,45,2017.0,단독다가구,2023
성북구,11100,삼선동1가,,20230531,월세,40.0,1000,55,1996.0,단독다가구,2023
성북구,12500,안암동5가,,20230626,월세,18.0,300,25,1995.0,단독다가구,2023
성북구,12500,안암동5가,,20230626,월세,18.0,2000,60,2018.0,단독다가구,2023
성북구,13300,정릉동,7.0,20230707,월세,59.37,30000,40,2009.0,아파트,2023
성북구,13300,정릉동,1.0,20230707,월세,74.57,15000,20,1983.0,연립다세대,2023
성북구,13300,정릉동,5.0,20230825,월세,21.02,300,37,2017.0,연립다세대,2023
성북구,13300,정릉동,3.0,20230707,월세,36.33,14974,18,2020.0,연립다세대,2023
성북구,13300,정릉동,1.0,20230707,월세,47.0,1000,70,1991.0,연립다세대,2023
성북구,13600,하월곡동,,20230613,월세,30.0,1000,35,1991.0,단독다가구,2023
성북구,10100,성북동,,20230529,월세,65.39,22000,80,,단독다가구,2023
성북구,10300,돈암동,9.0,20231021,월세,84.87,10000,160,1998.0,아파트,2023
성북구,13500,종암동,,20230529,월세,70.0,3000,70,1994.0,단독다가구,2023
성북구,10900,동소문동6가,5.0,20230920,월세,29.34,14900,22,2011.0,연립다세대,2023
성북구,10200,성북동1가,,20230610,월세,47.0,5000,85,1994.0,단독다가구,2023
성북구,12200,안암동2가,,20230918,월세,45.09,500,75,1994.0,단독다가구,2023
성북구,13500,종암동,1.0,20230704,월세,143.55,500,50,1984.0,연립다세대,2023
성북구,11100,삼선동1가,,20230601,월세,59.0,21000,30,1983.0,단독다가구,2023
성북구,11100,삼선동1가,,20230613,월세,33.0,1000,60,1995.0,단독다가구,2023
성북구,13300,정릉동,2.0,20230713,월세,13.88,920,57,2023.0,연립다세대,2023
성북구,13300,정릉동,4.0,20230713,월세,14.97,1000,50,2023.0,연립다세대,2023
성북구,13600,하월곡동,,20230607,월세,44.1,3000,60,1965.0,단독다가구,2023
성북구,13900,석관동,15.0,20230914,월세,54.55,5000,89,1998.0,아파트,2023
성북구,11900,동선동4가,8.0,20230809,월세,18.89,1000,65,2017.0,오피스텔,2023
성북구,10100,성북동,,20230620,월세,25.0,8000,5,1996.0,단독다가구,2023
성북구,13900,석관동,7.0,20230914,월세,84.9,20000,90,1998.0,아파트,2023
성북구,13300,정릉동,,20230605,월세,16.5,1000,50,2021.0,단독다가구,2023
성북구,11700,동선동2가,,20230608,월세,28.0,500,50,2005.0,단독다가구,2023
성북구,13700,상월곡동,,20230708,월세,18.0,1000,50,2017.0,단독다가구,2023
성북구,12500,안암동5가,,20230617,월세,23.0,500,55,2001.0,단독다가구,2023
성북구,12300,안암동3가,,20230608,월세,28.8,1000,55,2011.0,단독다가구,2023
성북구,13900,석관동,5.0,20230925,월세,28.05,18000,10,2023.0,연립다세대,2023
성북구,13300,정릉동,3.0,20230825,월세,15.85,1050,54,2023.0,연립다세대,2023
성북구,13300,정릉동,4.0,20230825,월세,20.51,1360,68,2023.0,연립다세대,2023
성북구,10200,성북동1가,2.0,20231102,월세,27.0,1000,67,2002.0,연립다세대,2023
성북구,11100,삼선동1가,,20230530,월세,33.93,200,30,1991.0,단독다가구,2023
성북구,11700,동선동2가,,20230626,월세,18.18,1000,45,2003.0,단독다가구,2023
성북구,10100,성북동,,20230530,월세,35.0,1000,95,2021.0,단독다가구,2023
성북구,12300,안암동3가,,20230626,월세,19.0,100,35,1997.0,단독다가구,2023
성북구,13400,길음동,3.0,20231108,월세,48.16,1085,38,2022.0,연립다세대,2023
성북구,13300,정릉동,7.0,20231220,월세,46.65,25000,30,2000.0,아파트,2023
성북구,11800,동선동3가,,20230614,월세,23.1,500,55,1996.0,단독다가구,2023
성북구,13600,하월곡동,,20230608,월세,31.72,8000,10,1992.0,단독다가구,2023
성북구,13800,장위동,4.0,20231214,월세,57.8,4676,23,2019.0,연립다세대,2023
성북구,11200,삼선동2가,,20230530,월세,36.72,1000,55,1992.0,단독다가구,2023
성북구,13800,장위동,2.0,20230919,월세,48.44,11550,32,2002.0,연립다세대,2023
성북구,13500,종암동,,20230602,월세,39.6,1000,80,1996.0,단독다가구,2023
성북구,10200,성북동1가,7.0,20230726,월세,17.42,1000,70,2015.0,오피스텔,2023
성북구,13500,종암동,,20230605,월세,19.8,500,55,2001.0,단독다가구,2023
성북구,13300,정릉동,,20230705,월세,19.0,1000,59,2019.0,단독다가구,2023
성북구,13900,석관동,,20230723,월세,16.17,1000,45,2017.0,단독다가구,2023
성북구,12500,안암동5가,,20230720,월세,18.0,1000,70,2019.0,단독다가구,2023
성북구,13900,석관동,2.0,20231004,월세,21.99,12000,3,2021.0,연립다세대,2023
성북구,13800,장위동,,20230530,월세,39.7,300,30,1973.0,단독다가구,2023
성북구,13800,장위동,,20230530,월세,40.0,300,35,1994.0,단독다가구,2023
성북구,13900,석관동,21.0,20230923,월세,54.55,10000,90,1998.0,아파트,2023
성북구,13900,석관동,8.0,20230923,월세,59.97,5000,110,1998.0,아파트,2023
성북구,13600,하월곡동,,20230714,월세,22.7,500,30,1994.0,단독다가구,2023
성북구,11900,동선동4가,,20230608,월세,36.0,300,50,1992.0,단독다가구,2023
성북구,11500,삼선동5가,4.0,20230822,월세,30.28,5000,35,2011.0,연립다세대,2023
성북구,13600,하월곡동,3.0,20230808,월세,79.25,20000,75,2004.0,아파트,2023
성북구,12100,안암동1가,,20230629,월세,32.98,1000,70,1994.0,단독다가구,2023
성북구,12100,안암동1가,,20230629,월세,33.0,1000,80,2016.0,단독다가구,2023
성북구,13300,정릉동,12.0,20230825,월세,59.88,20000,30,2005.0,아파트,2023
성북구,13800,장위동,,20230530,월세,45.0,500,50,1997.0,단독다가구,2023
성북구,11700,동선동2가,,20230720,월세,19.09,3400,23,2002.0,단독다가구,2023
성북구,13600,하월곡동,,20230608,월세,39.04,13000,15,1994.0,단독다가구,2023
성북구,12500,안암동5가,,20230626,월세,23.5,1000,60,2000.0,단독다가구,2023
성북구,12500,안암동5가,,20230605,월세,23.14,500,50,1994.0,단독다가구,2023
성북구,12800,보문동6가,,20230608,월세,39.87,3000,50,1992.0,단독다가구,2023
성북구,13600,하월곡동,,20230717,월세,16.5,1000,42,2015.0,단독다가구,2023
성북구,11800,동선동3가,,20230729,월세,15.4,500,35,2019.0,단독다가구,2023
성북구,11800,동선동3가,,20230729,월세,15.64,1000,40,1966.0,단독다가구,2023
성북구,12100,안암동1가,,20230626,월세,24.79,1000,70,2015.0,단독다가구,2023
성북구,13900,석관동,,20230626,월세,25.0,300,27,1993.0,단독다가구,2023
성북구,13300,정릉동,,20230720,월세,20.0,1000,40,2016.0,단독다가구,2023
성북구,11400,삼선동4가,,20230720,월세,20.0,1000,40,1967.0,단독다가구,2023
성북구,13600,하월곡동,,20230717,월세,16.52,3000,33,2017.0,단독다가구,2023
성북구,13600,하월곡동,,20230717,월세,16.52,1000,45,2009.0,단독다가구,2023
성북구,13500,종암동,8.0,20230830,월세,84.95,30000,70,2004.0,아파트,2023
성북구,12300,안암동3가,,20230714,월세,27.0,1000,65,1995.0,단독다가구,2023
성북구,13900,석관동,,20230927,월세,29.48,3000,64,,단독다가구,2023
성북구,13900,석관동,,20231018,월세,31.82,5000,40,2017.0,단독다가구,2023
성북구,13000,보문동1가,,20230530,월세,49.0,5000,90,1994.0,단독다가구,2023
성북구,13500,종암동,,20230626,월세,25.66,500,50,1974.0,단독다가구,2023
성북구,13300,정릉동,,20230629,월세,35.85,1000,68,1993.0,단독다가구,2023
성북구,13500,종암동,,20230626,월세,26.4,5000,10,1995.0,단독다가구,2023
성북구,13600,하월곡동,,20230708,월세,25.0,500,35,1993.0,단독다가구,2023
성북구,13600,하월곡동,,20230629,월세,36.18,800,35,1996.0,단독다가구,2023
성북구,12900,보문동7가,,20230605,월세,27.0,1400,49,2018.0,단독다가구,2023
성북구,13800,장위동,9.0,20230911,월세,42.79,4559,7,2021.0,아파트,2023
성북구,13800,장위동,,20231204,월세,35.68,2000,30,1995.0,단독다가구,2023
성북구,13800,장위동,15.0,20231013,월세,18.39,7700,12,2020.0,아파트,2023
성북구,12500,안암동5가,,20230705,월세,25.0,1000,55,2001.0,단독다가구,2023
성북구,13300,정릉동,,20230921,월세,47.01,3000,60,1969.0,단독다가구,2023
성북구,13800,장위동,,20230702,월세,43.0,1000,40,1970.0,단독다가구,2023
성북구,11600,동선동1가,,20230708,월세,26.4,350,38,1995.0,단독다가구,2023
성북구,11600,동선동1가,,20230708,월세,26.4,300,30,1995.0,단독다가구,2023
성북구,10300,돈암동,,20231023,월세,49.95,3000,80,2009.0,단독다가구,2023
성북구,13900,석관동,8.0,20230805,월세,115.58,30000,110,2011.0,아파트,2023
성북구,12400,안암동4가,,20230705,월세,25.39,300,30,1992.0,단독다가구,2023
성북구,12300,안암동3가,,20230726,월세,18.0,300,40,1997.0,단독다가구,2023
성북구,13300,정릉동,,20230626,월세,30.0,1000,42,2000.0,단독다가구,2023
성북구,13600,하월곡동,,20230626,월세,30.0,500,35,1985.0,단독다가구,2023
성북구,13500,종암동,,20230530,월세,59.8,14000,10,1993.0,단독다가구,2023
성북구,13800,장위동,1.0,20231214,월세,39.34,4467,4,2006.0,아파트,2023
성북구,10100,성북동,,20230614,월세,37.0,2000,40,1993.0,단독다가구,2023
성북구,13800,장위동,5.0,20231214,월세,40.59,716,24,2018.0,연립다세대,2023
성북구,13800,장위동,,20230623,월세,48.11,7000,30,1971.0,단독다가구,2023
성북구,13600,하월곡동,,20230717,월세,18.15,500,44,2015.0,단독다가구,2023
성북구,13900,석관동,,20230611,월세,47.44,500,30,1994.0,단독다가구,2023
성북구,11800,동선동3가,,20230708,월세,30.0,1000,60,2009.0,단독다가구,2023
성북구,12300,안암동3가,,20230605,월세,32.23,14000,35,1957.0,단독다가구,2023
성북구,12900,보문동7가,,20230530,월세,63.9,3000,90,1993.0,단독다가구,2023
성북구,12700,보문동5가,,20230717,월세,19.8,500,65,2008.0,단독다가구,2023
성북구,13300,정릉동,,20230614,월세,39.6,2000,25,,단독다가구,2023
성북구,11800,동선동3가,,20230626,월세,33.0,2000,70,1998.0,단독다가구,2023
성북구,11100,삼선동1가,,20230605,월세,33.0,4000,65,,단독다가구,2023
성북구,13300,정릉동,,20230530,월세,66.0,3000,95,2018.0,단독다가구,2023
성북구,10200,성북동1가,4.0,20230808,월세,27.0,1000,70,2002.0,연립다세대,2023
성북구,13600,하월곡동,5.0,20230808,월세,84.69,30000,50,2007.0,아파트,2023
성북구,13300,정릉동,,20231113,월세,33.1,1000,70,1989.0,단독다가구,2023
성북구,13800,장위동,,20230530,월세,70.2,4500,35,1988.0,단독다가구,2023
성북구,13700,상월곡동,,20230530,월세,70.6,2000,60,,단독다가구,2023
성북구,12200,안암동2가,,20230620,월세,47.61,17000,15,1993.0,단독다가구,2023
성북구,10100,성북동,,20230907,월세,133.12,10000,400,2019.0,단독다가구,2023
성북구,13600,하월곡동,,20230720,월세,25.0,1000,50,2016.0,단독다가구,2023
성북구,11100,삼선동1가,,20230617,월세,41.78,500,60,1985.0,단독다가구,2023
성북구,13900,석관동,,20230717,월세,20.0,1500,40,1994.0,단독다가구,2023
성북구,13900,석관동,,20230530,월세,76.0,5000,55,1998.0,단독다가구,2023
성북구,11100,삼선동1가,,20230603,월세,41.25,1500,70,1992.0,단독다가구,2023
성북구,13300,정릉동,,20230606,월세,15.0,1000,50,2017.0,단독다가구,2023
성북구,13500,종암동,3.0,20230721,월세,48.58,2798,15,2016.0,연립다세대,2023
성북구,11700,동선동2가,,20230615,월세,20.0,1000,50,2017.0,단독다가구,2023
성북구,10500,동소문동2가,,20230606,월세,16.5,1000,45,,단독다가구,2023
성북구,12500,안암동5가,,20230729,월세,20.0,500,55,1996.0,단독다가구,2023
성북구,13300,정릉동,4.0,20230619,월세,39.0,3500,100,2022.0,오피스텔,2023
성북구,13600,하월곡동,,20230603,월세,48.0,1000,65,1972.0,단독다가구,2023
성북구,13300,정릉동,,20230606,월세,18.0,500,45,2003.0,단독다가구,2023
성북구,13500,종암동,,20230816,월세,16.5,500,55,2018.0,단독다가구,2023
성북구,10300,돈암동,1.0,20230808,월세,84.95,25000,60,2004.0,아파트,2023
성북구,13500,종암동,,20230603,월세,49.44,13000,20,1970.0,단독다가구,2023
성북구,13800,장위동,,20230603,월세,49.57,10000,20,1997.0,단독다가구,2023
성북구,13900,석관동,,20230815,월세,33.0,2500,50,2012.0,단독다가구,2023
성북구,13300,정릉동,,20230612,월세,13.0,1000,50,2021.0,단독다가구,2023
성북구,13300,정릉동,4.0,20230707,월세,28.1,5000,60,2019.0,연립다세대,2023
성북구,13600,하월곡동,,20230603,월세,50.11,2000,55,1994.0,단독다가구,2023
성북구,13400,길음동,,20230612,월세,15.0,1000,40,1970.0,단독다가구,2023
성북구,13300,정릉동,4.0,20230822,월세,14.97,1000,50,2023.0,연립다세대,2023
성북구,13300,정릉동,,20230606,월세,19.0,500,50,2018.0,단독다가구,2023
성북구,12100,안암동1가,,20230624,월세,26.0,1000,60,2020.0,단독다가구,2023
성북구,11600,동선동1가,,20230816,월세,18.0,1000,60,2017.0,단독다가구,2023
성북구,10700,동소문동4가,,20230816,월세,18.0,5000,25,2011.0,단독다가구,2023
성북구,13300,정릉동,2.0,20230722,월세,14.97,1000,50,2023.0,연립다세대,2023
성북구,13600,하월곡동,,20230612,월세,16.0,500,40,2012.0,단독다가구,2023
성북구,13500,종암동,,20230612,월세,16.0,200,65,2018.0,단독다가구,2023
성북구,13300,정릉동,2.0,20230719,월세,12.25,820,46,2023.0,연립다세대,2023
성북구,13300,정릉동,2.0,20230719,월세,14.9,990,61,2023.0,연립다세대,2023
성북구,13300,정릉동,7.0,20230716,월세,85.0,10000,140,2006.0,아파트,2023
성북구,13400,길음동,13.0,20230828,월세,84.96,10000,180,2010.0,아파트,2023
성북구,11100,삼선동1가,,20231018,월세,39.09,10000,10,1990.0,단독다가구,2023
성북구,13800,장위동,,20230813,월세,30.0,300,40,1992.0,단독다가구,2023
성북구,13800,장위동,4.0,20230704,월세,29.44,13000,25,2021.0,연립다세대,2023
성북구,11100,삼선동1가,,20230918,월세,48.64,12000,35,1993.0,단독다가구,2023
성북구,10100,성북동,,20231018,월세,39.67,28600,9,,단독다가구,2023
성북구,13800,장위동,5.0,20230828,월세,40.47,1805,17,2022.0,아파트,2023
성북구,10300,돈암동,21.0,20230622,월세,132.96,55000,10,1998.0,아파트,2023
성북구,13300,정릉동,1.0,20230722,월세,57.25,500,60,1979.0,연립다세대,2023
성북구,13600,하월곡동,,20230607,월세,49.32,13000,15,1995.0,단독다가구,2023
성북구,13800,장위동,,20231113,월세,37.2,500,30,,단독다가구,2023
성북구,10300,돈암동,6.0,20230819,월세,68.13,5000,130,1998.0,아파트,2023
성북구,12500,안암동5가,,20230816,월세,20.0,500,55,1996.0,단독다가구,2023
성북구,12500,안암동5가,,20230816,월세,20.0,2500,45,2002.0,단독다가구,2023
성북구,12300,안암동3가,,20230816,월세,20.0,500,37,1997.0,단독다가구,2023
성북구,13600,하월곡동,,20230617,월세,43.0,5000,60,1990.0,단독다가구,2023
성북구,13300,정릉동,,20231018,월세,40.92,500,60,1991.0,단독다가구,2023
성북구,13500,종암동,6.0,20230805,월세,59.61,12000,120,2005.0,아파트,2023
성북구,13300,정릉동,5.0,20230822,월세,84.09,7000,130,2005.0,아파트,2023
성북구,13900,석관동,,20230606,월세,30.0,1000,40,1994.0,단독다가구,2023
성북구,10300,돈암동,3.0,20230701,월세,68.13,5000,120,1998.0,아파트,2023
성북구,13400,길음동,,20230609,월세,30.0,500,40,1992.0,단독다가구,2023
성북구,10700,동소문동4가,,20230612,월세,19.8,500,43,1996.0,단독다가구,2023
성북구,10200,성북동1가,,20230612,월세,20.0,1000,50,2012.0,단독다가구,2023
성북구,13300,정릉동,,20230612,월세,20.0,3000,60,2023.0,단독다가구,2023
성북구,13800,장위동,5.0,20230911,월세,59.62,5000,150,2022.0,연립다세대,2023
성북구,13300,정릉동,6.0,20230719,월세,60.0,5000,95,2005.0,아파트,2023
성북구,12300,안암동3가,,20230606,월세,33.0,1000,45,1995.0,단독다가구,2023
성북구,12200,안암동2가,,20230609,월세,32.0,500,47,1993.0,단독다가구,2023
성북구,13500,종암동,,20230615,월세,33.0,300,20,1993.0,단독다가구,2023
성북구,10900,동소문동6가,10.0,20230704,월세,13.55,1000,56,2013.0,아파트,2023
성북구,12200,안암동2가,,20230626,월세,33.29,5000,65,1995.0,단독다가구,2023
성북구,11700,동선동2가,,20230816,월세,23.0,500,42,1968.0,단독다가구,2023
성북구,13400,길음동,20.0,20230923,월세,59.69,20000,150,2019.0,아파트,2023
성북구,13900,석관동,,20231018,월세,44.0,2000,55,1992.0,단독다가구,2023
성북구,13800,장위동,,20230609,월세,33.45,1500,42,1992.0,단독다가구,2023
성북구,13500,종암동,6.0,20230722,월세,59.86,13000,90,1999.0,아파트,2023
성북구,13500,종암동,26.0,20230722,월세,84.72,10000,140,1999.0,아파트,2023
성북구,13600,하월곡동,,20230816,월세,23.1,1000,60,2006.0,단독다가구,2023
성북구,11100,삼선동1가,,20231113,월세,40.0,1000,80,1996.0,단독다가구,2023
성북구,11800,동선동3가,,20230606,월세,36.0,1000,55,1989.0,단독다가구,2023
성북구,13600,하월곡동,,20231021,월세,15.0,1000,45,,단독다가구,2023
성북구,13300,정릉동,1.0,20230622,월세,36.94,10000,30,1991.0,연립다세대,2023
성북구,12800,보문동6가,11.0,20231108,월세,84.9,10000,125,1994.0,아파트,2023
성북구,13500,종암동,,20231018,월세,45.2,4000,70,2012.0,단독다가구,2023
성북구,13900,석관동,,20230612,월세,25.0,500,50,1990.0,단독다가구,2023
성북구,12400,안암동4가,,20230615,월세,37.0,5000,30,2006.0,단독다가구,2023
성북구,13100,보문동2가,,20230619,월세,13.22,500,30,,단독다가구,2023
성북구,13600,하월곡동,5.0,20230806,월세,41.62,10000,50,2007.0,오피스텔,2023
성북구,12700,보문동5가,4.0,20230719,월세,50.55,28000,10,2016.0,연립다세대,2023
성북구,13600,하월곡동,,20230609,월세,39.04,2000,40,,단독다가구,2023
성북구,13500,종암동,1.0,20230923,월세,59.98,20000,110,2011.0,아파트,2023
성북구,13400,길음동,20.0,20230920,월세,33.46,10677,39,2019.0,아파트,2023
성북구,11100,삼선동1가,,20230615,월세,40.0,1000,55,1971.0,단독다가구,2023
성북구,13800,장위동,5.0,20230710,월세,38.25,200,50,2003.0,연립다세대,2023
성북구,13000,보문동1가,,20230612,월세,28.0,500,25,1995.0,단독다가구,2023
성북구,13400,길음동,14.0,20230831,월세,84.95,40000,65,2010.0,아파트,2023
성북구,13800,장위동,,20230619,월세,16.5,100,30,1980.0,단독다가구,2023
성북구,13400,길음동,28.0,20230831,월세,84.96,25000,140,2010.0,아파트,2023
성북구,13300,정릉동,,20230622,월세,15.0,1000,45,2021.0,단독다가구,2023
성북구,13600,하월곡동,,20230622,월세,15.0,1000,50,2015.0,단독다가구,2023
성북구,11300,삼선동3가,4.0,20230719,월세,41.23,18000,25,2008.0,연립다세대,2023
성북구,13500,종암동,,20230609,월세,40.92,500,45,1995.0,단독다가구,2023
성북구,13200,보문동3가,,20230606,월세,42.6,1000,70,1993.0,단독다가구,2023
성북구,13600,하월곡동,3.0,20230822,월세,47.14,8010,19,2018.0,연립다세대,2023
성북구,11200,삼선동2가,,20230609,월세,42.12,1000,75,1992.0,단독다가구,2023
성북구,13300,정릉동,,20230609,월세,42.33,2000,30,1985.0,단독다가구,2023
성북구,11600,동선동1가,5.0,20231111,월세,14.08,5000,45,2014.0,연립다세대,2023
성북구,10700,동소문동4가,,20230628,월세,13.22,500,40,1937.0,단독다가구,2023
성북구,11500,삼선동5가,,20230615,월세,43.38,1000,63,1994.0,단독다가구,2023
성북구,13400,길음동,16.0,20231121,월세,59.99,20000,160,2019.0,아파트,2023
성북구,13500,종암동,4.0,20230728,월세,59.04,23000,45,1999.0,아파트,2023
성북구,12500,안암동5가,,20230609,월세,45.0,1000,100,2005.0,단독다가구,2023
성북구,13300,정릉동,4.0,20230725,월세,84.31,10000,85,1999.0,아파트,2023
성북구,13300,정릉동,,20230628,월세,15.0,1230,7,,단독다가구,2023
성북구,13300,정릉동,9.0,20230725,월세,84.09,5000,140,2005.0,아파트,2023
성북구,10900,동소문동6가,5.0,20230831,월세,31.58,29000,30,2023.0,연립다세대,2023
성북구,11100,삼선동1가,,20231113,월세,42.0,1000,60,1987.0,단독다가구,2023
성북구,10700,동소문동4가,4.0,20231127,월세,15.47,2000,55,2013.0,연립다세대,2023
성북구,13900,석관동,,20230622,월세,17.0,1000,40,2010.0,단독다가구,2023
성북구,12000,동선동5가,,20230612,월세,33.0,1000,55,1990.0,단독다가구,2023
성북구,13900,석관동,,20230612,월세,33.0,300,30,1991.0,단독다가구,2023
성북구,13500,종암동,,20230612,월세,33.0,500,35,1994.0,단독다가구,2023
성북구,13700,상월곡동,,20231021,월세,17.0,500,45,2014.0,단독다가구,2023
성북구,13400,길음동,2.0,20230916,월세,84.97,40000,14,2005.0,아파트,2023
성북구,13400,길음동,11.0,20230906,월세,84.96,40000,50,2003.0,아파트,2023
성북구,13000,보문동1가,,20230625,월세,16.5,1000,65,2011.0,단독다가구,2023
성북구,13400,길음동,18.0,20230916,월세,114.73,10000,205,2005.0,아파트,2023
성북구,11300,삼선동3가,1.0,20230919,월세,62.82,16000,10,1993.0,연립다세대,2023
성북구,13300,정릉동,3.0,20230825,월세,66.18,15000,58,2006.0,연립다세대,2023
성북구,13800,장위동,,20230609,월세,49.5,500,30,1970.0,단독다가구,2023
성북구,13400,길음동,5.0,20230916,월세,84.64,5000,200,2005.0,아파트,2023
성북구,12800,보문동6가,,20230816,월세,30.09,5000,10,1989.0,단독다가구,2023
성북구,13200,보문동3가,15.0,20230704,월세,84.57,28000,100,2003.0,아파트,2023
성북구,13900,석관동,,20230628,월세,16.52,10000,10,2019.0,단독다가구,2023
성북구,13600,하월곡동,,20230628,월세,16.52,500,42,,단독다가구,2023
성북구,10300,돈암동,14.0,20230828,월세,59.64,5000,95,1999.0,아파트,2023
성북구,12200,안암동2가,,20230615,월세,49.92,15000,57,1994.0,단독다가구,2023
성북구,12200,안암동2가,,20230615,월세,50.0,10000,30,1989.0,단독다가구,2023
성북구,13400,길음동,12.0,20230916,월세,60.0,3000,128,2003.0,아파트,2023
성북구,13800,장위동,14.0,20230809,월세,15.21,1000,60,2019.0,아파트,2023
성북구,13900,석관동,,20230816,월세,32.0,500,30,1992.0,단독다가구,2023
성북구,11300,삼선동3가,6.0,20231124,월세,36.16,4985,13,2022.0,연립다세대,2023
성북구,11100,삼선동1가,,20230609,월세,53.2,3000,60,1997.0,단독다가구,2023
성북구,12200,안암동2가,,20230606,월세,55.82,10000,30,1989.0,단독다가구,2023
성북구,13800,장위동,5.0,20231208,월세,50.21,25000,50,2016.0,연립다세대,2023
성북구,11000,동소문동7가,5.0,20230825,월세,59.91,16000,110,2004.0,아파트,2023
성북구,11500,삼선동5가,,20230606,월세,57.0,8000,40,2007.0,단독다가구,2023
성북구,13300,정릉동,,20230701,월세,14.87,1000,45,2019.0,단독다가구,2023
성북구,13300,정릉동,,20230701,월세,15.0,1000,50,2018.0,단독다가구,2023
성북구,13600,하월곡동,,20230609,월세,56.19,5000,80,1995.0,단독다가구,2023
성북구,13800,장위동,14.0,20230914,월세,101.79,60000,40,2021.0,아파트,2023
성북구,13700,상월곡동,,20230620,월세,49.6,2000,55,1994.0,단독다가구,2023
성북구,12200,안암동2가,,20230606,월세,60.08,15000,25,1990.0,단독다가구,2023
성북구,13400,길음동,14.0,20230909,월세,59.96,10000,150,2010.0,아파트,2023
성북구,13600,하월곡동,2.0,20230809,월세,28.58,1000,75,2021.0,오피스텔,2023
성북구,13300,정릉동,8.0,20230909,월세,59.42,26000,25,1999.0,아파트,2023
성북구,10900,동소문동6가,9.0,20230710,월세,12.7,3000,53,2013.0,아파트,2023
성북구,11800,동선동3가,,20230619,월세,21.0,1000,50,2001.0,단독다가구,2023
성북구,10900,동소문동6가,3.0,20230906,월세,34.94,16000,100,2023.0,연립다세대,2023
성북구,10300,돈암동,13.0,20230909,월세,84.8,10000,165,2014.0,아파트,2023
성북구,11500,삼선동5가,,20230606,월세,65.55,5000,60,2001.0,단독다가구,2023
성북구,13300,정릉동,2.0,20230803,월세,16.56,1100,71,2023.0,연립다세대,2023
성북구,10300,돈암동,11.0,20230825,월세,59.58,20000,20,1998.0,아파트,2023
성북구,13700,상월곡동,,20230819,월세,16.0,1000,40,2017.0,단독다가구,2023
성북구,12000,동선동5가,,20230628,월세,19.0,500,40,2003.0,단독다가구,2023
성북구,13500,종암동,,20230701,월세,16.5,500,48,2017.0,단독다가구,2023
성북구,13600,하월곡동,6.0,20231115,월세,59.88,5000,80,1998.0,아파트,2023
성북구,13400,길음동,2.0,20231202,월세,43.56,4000,75,2000.0,연립다세대,2023
성북구,13800,장위동,4.0,20230722,월세,28.29,2000,85,2021.0,연립다세대,2023
성북구,10100,성북동,4.0,20231013,월세,51.35,9000,35,2004.0,연립다세대,2023
성북구,11300,삼선동3가,,20230606,월세,76.0,5000,150,1983.0,단독다가구,2023
성북구,11100,삼선동1가,,20230617,월세,44.26,2000,70,1994.0,단독다가구,2023
성북구,12800,보문동6가,2.0,20231116,월세,29.96,9644,35,2017.0,아파트,2023
성북구,12800,보문동6가,14.0,20231116,월세,29.96,10212,37,2017.0,아파트,2023
성북구,13800,장위동,,20231113,월세,46.01,1000,40,1994.0,단독다가구,2023
성북구,11700,동선동2가,,20230622,월세,21.0,1000,50,2017.0,단독다가구,2023
성북구,10900,동소문동6가,6.0,20230909,월세,44.92,3000,215,2023.0,연립다세대,2023
성북구,13600,하월곡동,,20230813,월세,61.5,5000,50,1995.0,단독다가구,2023
성북구,12200,안암동2가,,20230701,월세,18.0,1000,60,2018.0,단독다가구,2023
성북구,13600,하월곡동,6.0,20230923,월세,59.75,30000,35,2006.0,아파트,2023
성북구,13400,길음동,4.0,20230922,월세,59.99,3000,120,2003.0,아파트,2023
성북구,13300,정릉동,,20230819,월세,17.5,1000,45,2004.0,단독다가구,2023
성북구,13300,정릉동,,20230819,월세,18.0,1000,55,2022.0,단독다가구,2023
성북구,13800,장위동,,20230610,월세,65.0,3000,45,2002.0,단독다가구,2023
성북구,11900,동선동4가,,20230607,월세,56.03,5000,67,1993.0,단독다가구,2023
성북구,10100,성북동,1.0,20230809,월세,58.45,13000,28,2005.0,연립다세대,2023
성북구,13900,석관동,,20230616,월세,35.88,1000,50,1993.0,단독다가구,2023
성북구,13300,정릉동,,20230704,월세,13.0,1000,50,2021.0,단독다가구,2023
성북구,12700,보문동5가,,20231113,월세,47.58,700,62,1994.0,단독다가구,2023
성북구,11400,삼선동4가,2.0,20230828,월세,12.03,3000,34,2010.0,연립다세대,2023
성북구,13800,장위동,1.0,20231111,월세,43.72,1000,40,1995.0,연립다세대,2023
성북구,12000,동선동5가,,20230619,월세,26.72,500,55,2001.0,단독다가구,2023
성북구,13300,정릉동,,20230704,월세,14.0,500,40,2018.0,단독다가구,2023
성북구,13800,장위동,,20230607,월세,58.94,8000,50,1966.0,단독다가구,2023
성북구,13500,종암동,,20230613,월세,40.0,2000,50,,단독다가구,2023
성북구,12500,안암동5가,,20230701,월세,18.25,1000,60,1997.0,단독다가구,2023
성북구,11300,삼선동3가,,20230610,월세,76.0,5000,150,1983.0,단독다가구,2023
성북구,13900,석관동,1.0,20231023,월세,36.29,3000,60,1995.0,연립다세대,2023
성북구,12300,안암동3가,,20230610,월세,80.2,10000,260,1960.0,단독다가구,2023
성북구,13400,길음동,3.0,20230922,월세,34.88,3515,8,2003.0,아파트,2023
성북구,13100,보문동2가,,20230628,월세,23.0,3500,64,,단독다가구,2023
성북구,13500,종암동,,20230619,월세,30.0,200,40,1997.0,단독다가구,2023
성북구,13300,정릉동,,20230607,월세,70.53,500,50,2018.0,단독다가구,2023
성북구,13400,길음동,3.0,20230805,월세,14.21,300,42,2012.0,연립다세대,2023
성북구,13900,석관동,,20230623,월세,58.56,18000,30,2018.0,단독다가구,2023
성북구,13900,석관동,,20230708,월세,33.0,1000,36,1993.0,단독다가구,2023
성북구,13600,하월곡동,5.0,20230920,월세,59.75,5000,115,2006.0,아파트,2023
성북구,11800,동선동3가,,20230729,월세,21.0,300,50,1992.0,단독다가구,2023
성북구,13600,하월곡동,,20230711,월세,21.48,500,55,2005.0,단독다가구,2023
성북구,11400,삼선동4가,,20230620,월세,57.0,3000,70,1997.0,단독다가구,2023
성북구,13500,종암동,,20230705,월세,33.0,3000,85,2016.0,단독다가구,2023
성북구,13600,하월곡동,,20230701,월세,20.0,2000,50,2011.0,단독다가구,2023
성북구,11100,삼선동1가,,20230623,월세,77.59,10000,70,1996.0,단독다가구,2023
성북구,13800,장위동,,20230623,월세,80.33,15000,8,1971.0,단독다가구,2023
성북구,12900,보문동7가,2.0,20230824,월세,13.92,1000,48,2012.0,연립다세대,2023
성북구,13100,보문동2가,,20230717,월세,23.0,8000,10,1996.0,단독다가구,2023
성북구,12200,안암동2가,,20230711,월세,24.0,1000,65,2002.0,단독다가구,2023
성북구,13500,종암동,2.0,20230923,월세,20.59,9800,5,2011.0,연립다세대,2023
성북구,13600,하월곡동,,20230615,월세,78.48,20000,21,1995.0,단독다가구,2023
성북구,10900,동소문동6가,2.0,20231111,월세,18.44,1000,78,2015.0,오피스텔,2023
성북구,13800,장위동,,20230612,월세,64.2,1000,70,1990.0,단독다가구,2023
성북구,13300,정릉동,5.0,20230722,월세,48.8,1000,65,2008.0,연립다세대,2023
성북구,12500,안암동5가,,20230615,월세,90.34,11000,40,1989.0,단독다가구,2023
성북구,10300,돈암동,8.0,20230716,월세,113.67,5000,190,1998.0,아파트,2023
성북구,13800,장위동,,20230619,월세,31.5,500,40,1993.0,단독다가구,2023
성북구,13300,정릉동,,20230704,월세,17.16,500,45,2011.0,단독다가구,2023
성북구,13400,길음동,4.0,20230725,월세,50.07,3000,70,1998.0,연립다세대,2023
성북구,12300,안암동3가,4.0,20230925,월세,98.68,10000,120,1983.0,아파트,2023
성북구,10300,돈암동,,20230628,월세,27.0,500,30,1996.0,단독다가구,2023
성북구,13400,길음동,17.0,20231007,월세,84.97,41000,36,2005.0,아파트,2023
성북구,13400,길음동,13.0,20231007,월세,84.97,10000,160,2005.0,아파트,2023
성북구,13800,장위동,12.0,20230902,월세,15.21,500,65,2019.0,아파트,2023
성북구,13800,장위동,11.0,20230731,월세,39.98,7000,90,2022.0,아파트,2023
성북구,12800,보문동6가,5.0,20230905,월세,29.96,10212,37,2017.0,아파트,2023
성북구,12800,보문동6가,7.0,20230905,월세,29.96,10212,37,2017.0,아파트,2023
성북구,12800,보문동6가,1.0,20230905,월세,45.81,6000,140,2017.0,아파트,2023
성북구,10700,동소문동4가,,20230701,월세,23.1,4000,30,2011.0,단독다가구,2023
성북구,13600,하월곡동,17.0,20231007,월세,84.54,20000,76,2011.0,아파트,2023
성북구,13600,하월곡동,12.0,20230925,월세,15.62,0,50,2013.0,아파트,2023
성북구,13600,하월곡동,9.0,20230925,월세,15.62,1000,55,2013.0,아파트,2023
성북구,13300,정릉동,,20230613,월세,45.0,500,60,1995.0,단독다가구,2023
성북구,13300,정릉동,4.0,20230731,월세,22.26,8648,11,2020.0,연립다세대,2023
성북구,13300,정릉동,4.0,20230731,월세,22.26,6912,23,2020.0,연립다세대,2023
성북구,13300,정릉동,4.0,20230731,월세,22.26,9162,11,2020.0,연립다세대,2023
성북구,13300,정릉동,4.0,20230731,월세,22.26,6528,21,2020.0,연립다세대,2023
성북구,13300,정릉동,2.0,20230731,월세,59.98,10000,110,2008.0,아파트,2023
성북구,12800,보문동6가,9.0,20231109,월세,45.81,8000,150,2017.0,아파트,2023
성북구,12800,보문동6가,8.0,20231109,월세,45.96,3836,20,2017.0,아파트,2023
성북구,13400,길음동,5.0,20231013,월세,59.77,3000,150,2005.0,아파트,2023
성북구,13400,길음동,,20230616,월세,46.04,2000,40,1998.0,단독다가구,2023
성북구,12800,보문동6가,17.0,20231109,월세,84.99,45100,35,2017.0,아파트,2023
성북구,13600,하월곡동,3.0,20230902,월세,57.61,3000,110,2007.0,오피스텔,2023
성북구,13400,길음동,4.0,20231013,월세,84.64,5000,200,2005.0,아파트,2023
성북구,13600,하월곡동,3.0,20231007,월세,59.65,12600,56,2010.0,아파트,2023
성북구,10300,돈암동,3.0,20231120,월세,32.49,1945,5,1999.0,아파트,2023
성북구,13600,하월곡동,32.0,20231115,월세,133.74,5000,340,2011.0,아파트,2023
성북구,12900,보문동7가,4.0,20231031,월세,59.99,14220,48,2021.0,아파트,2023
성북구,11700,동선동2가,,20230704,월세,20.0,500,50,2017.0,단독다가구,2023
성북구,13300,정릉동,1.0,20231025,월세,45.04,9970,12,1997.0,연립다세대,2023
성북구,10300,돈암동,3.0,20231124,월세,59.99,23000,57,2004.0,아파트,2023
성북구,13100,보문동2가,,20230613,월세,49.89,8000,40,1993.0,단독다가구,2023
성북구,13500,종암동,,20230707,월세,18.18,500,45,2017.0,단독다가구,2023
성북구,12000,동선동5가,,20230722,월세,67.38,20000,40,1962.0,단독다가구,2023
성북구,10900,동소문동6가,,20230826,월세,55.25,9000,50,1993.0,단독다가구,2023
성북구,11300,삼선동3가,3.0,20231220,월세,25.58,12000,45,2016.0,연립다세대,2023
성북구,12900,보문동7가,4.0,20231019,월세,13.92,1000,47,2012.0,연립다세대,2023
성북구,13400,길음동,17.0,20230919,월세,59.86,9000,150,2005.0,아파트,2023
성북구,13800,장위동,5.0,20230728,월세,59.0,5000,80,2002.0,연립다세대,2023
성북구,11000,동소문동7가,,20230707,월세,19.8,3000,50,2018.0,단독다가구,2023
성북구,13400,길음동,7.0,20230912,월세,30.61,3646,7,2005.0,아파트,2023
성북구,13400,길음동,7.0,20230912,월세,33.28,1280,28,2010.0,아파트,2023
성북구,13800,장위동,29.0,20231010,월세,76.15,20000,140,2022.0,아파트,2023
성북구,13100,보문동2가,,20230622,월세,37.38,7000,60,1993.0,단독다가구,2023
성북구,13300,정릉동,,20230707,월세,20.0,1000,55,,단독다가구,2023
성북구,13400,길음동,,20230613,월세,59.36,9000,35,1992.0,단독다가구,2023
성북구,13400,길음동,25.0,20230828,월세,59.99,30000,120,2019.0,아파트,2023
성북구,12700,보문동5가,,20230613,월세,60.1,5000,50,1997.0,단독다가구,2023
성북구,13800,장위동,,20230616,월세,60.0,4000,40,1967.0,단독다가구,2023
성북구,11500,삼선동5가,,20230613,월세,61.6,5000,70,2013.0,단독다가구,2023
성북구,13600,하월곡동,,20230622,월세,39.62,1000,60,1994.0,단독다가구,2023
성북구,13400,길음동,5.0,20231118,월세,59.87,30000,110,2022.0,아파트,2023
성북구,13400,길음동,12.0,20231118,월세,59.88,7000,190,2022.0,아파트,2023
성북구,13400,길음동,15.0,20230919,월세,30.88,2345,26,2008.0,아파트,2023
성북구,13400,길음동,16.0,20230912,월세,114.98,30000,140,2010.0,아파트,2023
성북구,13300,정릉동,,20230613,월세,66.0,10000,45,1993.0,단독다가구,2023
성북구,13600,하월곡동,,20230613,월세,69.18,6000,60,1993.0,단독다가구,2023
성북구,12200,안암동2가,,20230707,월세,21.0,1000,40,1993.0,단독다가구,2023
성북구,11200,삼선동2가,,20230710,월세,16.0,1000,50,2016.0,단독다가구,2023
성북구,11900,동선동4가,5.0,20230908,월세,22.69,500,68,2011.0,오피스텔,2023
성북구,10300,돈암동,3.0,20230728,월세,113.67,10000,170,1998.0,아파트,2023
성북구,10300,돈암동,9.0,20230728,월세,132.96,10000,160,1998.0,아파트,2023
성북구,13200,보문동3가,14.0,20230722,월세,59.65,5000,165,2003.0,아파트,2023
성북구,13200,보문동3가,8.0,20230722,월세,84.57,30000,110,2003.0,아파트,2023
성북구,13800,장위동,,20230616,월세,75.07,15000,50,1976.0,단독다가구,2023
성북구,13800,장위동,3.0,20230731,월세,42.95,1000,55,1995.0,연립다세대,2023
성북구,13300,정릉동,,20230628,월세,39.36,7000,35,1997.0,단독다가구,2023
성북구,12600,보문동4가,,20230619,월세,48.87,5000,90,1993.0,단독다가구,2023
성북구,13300,정릉동,,20230710,월세,16.22,1000,45,2019.0,단독다가구,2023
성북구,13300,정릉동,,20230704,월세,26.0,1000,35,2007.0,단독다가구,2023
성북구,13900,석관동,,20230622,월세,43.83,3000,60,1992.0,단독다가구,2023
성북구,13900,석관동,1.0,20231007,월세,28.9,9700,12,1993.0,연립다세대,2023
성북구,13400,길음동,13.0,20231016,월세,84.94,30000,105,2010.0,아파트,2023
성북구,13500,종암동,3.0,20230715,월세,114.75,30000,90,1999.0,아파트,2023
성북구,12500,안암동5가,,20230627,월세,14.0,500,50,1998.0,단독다가구,2023
성북구,13800,장위동,,20230620,월세,109.0,400,40,1991.0,단독다가구,2023
성북구,13300,정릉동,,20230627,월세,15.0,1000,50,2019.0,단독다가구,2023
성북구,10900,동소문동6가,4.0,20230706,월세,28.22,3000,95,2014.0,연립다세대,2023
성북구,13600,하월곡동,6.0,20231205,월세,114.75,30000,120,2003.0,아파트,2023
성북구,13300,정릉동,10.0,20230906,월세,59.98,5000,85,2001.0,아파트,2023
성북구,13700,상월곡동,,20230627,월세,17.0,1000,52,2017.0,단독다가구,2023
성북구,11700,동선동2가,,20230627,월세,18.0,300,35,1996.0,단독다가구,2023
성북구,13600,하월곡동,,20230630,월세,15.0,3000,50,2019.0,단독다가구,2023
성북구,10700,동소문동4가,5.0,20230808,월세,16.92,2000,57,2013.0,연립다세대,2023
성북구,13500,종암동,,20230621,월세,36.18,13000,15,,단독다가구,2023
성북구,13300,정릉동,7.0,20231007,월세,43.11,16000,35,2001.0,아파트,2023
성북구,11400,삼선동4가,,20230624,월세,36.9,12000,25,1995.0,단독다가구,2023
성북구,10700,동소문동4가,4.0,20231103,월세,58.59,30000,20,1998.0,아파트,2023
성북구,10700,동소문동4가,,20230621,월세,38.09,5000,110,2023.0,단독다가구,2023
성북구,12200,안암동2가,,20230627,월세,18.5,1000,60,2018.0,단독다가구,2023
성북구,13700,상월곡동,,20230627,월세,19.0,700,48,2018.0,단독다가구,2023
성북구,13900,석관동,5.0,20231016,월세,26.24,18500,15,2022.0,연립다세대,2023
성북구,13900,석관동,2.0,20231016,월세,27.73,19000,15,2022.0,연립다세대,2023
성북구,13300,정릉동,3.0,20231007,월세,64.34,5000,59,2002.0,연립다세대,2023
성북구,11800,동선동3가,,20231111,월세,37.1,300,55,1992.0,단독다가구,2023
성북구,13600,하월곡동,11.0,20231004,월세,59.86,34650,11,2003.0,아파트,2023
성북구,13400,길음동,20.0,20231115,월세,59.97,10000,180,2019.0,아파트,2023
성북구,13900,석관동,,20230624,월세,40.8,2000,40,1999.0,단독다가구,2023
성북구,13300,정릉동,3.0,20231214,월세,84.06,15000,50,2010.0,연립다세대,2023
성북구,13300,정릉동,,20230703,월세,14.0,500,45,2018.0,단독다가구,2023
성북구,13300,정릉동,4.0,20230718,월세,16.44,1270,56,2023.0,연립다세대,2023
성북구,13300,정릉동,4.0,20230718,월세,19.18,1280,79,2023.0,연립다세대,2023
성북구,12500,안암동5가,,20230703,월세,15.0,5000,30,2020.0,단독다가구,2023
성북구,13300,정릉동,,20230703,월세,15.0,1000,50,2020.0,단독다가구,2023
성북구,13800,장위동,,20230621,월세,46.0,2000,55,1998.0,단독다가구,2023
성북구,11500,삼선동5가,,20231204,월세,50.0,13000,50,1991.0,단독다가구,2023
성북구,13300,정릉동,,20230621,월세,47.44,1000,60,1993.0,단독다가구,2023
성북구,13300,정릉동,,20230630,월세,19.8,2000,65,2023.0,단독다가구,2023
성북구,13300,정릉동,2.0,20230805,월세,15.89,1100,55,2023.0,연립다세대,2023
성북구,13400,길음동,,20230627,월세,24.0,1000,65,2019.0,단독다가구,2023
성북구,13600,하월곡동,,20230819,월세,24.0,500,40,1993.0,단독다가구,2023
성북구,10300,돈암동,10.0,20230712,월세,59.58,1000,150,1998.0,아파트,2023
성북구,11700,동선동2가,,20230627,월세,25.28,1500,75,,단독다가구,2023
성북구,13900,석관동,,20230630,월세,21.0,300,32,1993.0,단독다가구,2023
성북구,13400,길음동,13.0,20230911,월세,84.86,15000,110,1998.0,아파트,2023
성북구,13500,종암동,1.0,20231016,월세,57.7,16000,25,1993.0,연립다세대,2023
성북구,10300,돈암동,3.0,20231007,월세,21.32,300,30,1965.0,연립다세대,2023
성북구,10100,성북동,2.0,20230820,월세,29.66,5000,65,2021.0,연립다세대,2023
성북구,13900,석관동,,20230706,월세,15.0,500,50,2010.0,단독다가구,2023
성북구,11100,삼선동1가,,20230706,월세,15.0,500,40,2009.0,단독다가구,2023
성북구,13600,하월곡동,,20231108,월세,47.61,500,40,1992.0,단독다가구,2023
성북구,13300,정릉동,4.0,20230715,월세,94.59,23000,50,2004.0,아파트,2023
성북구,13400,길음동,15.0,20230817,월세,114.73,15000,190,2005.0,아파트,2023
성북구,13400,길음동,14.0,20230817,월세,59.75,20100,54,2006.0,아파트,2023
성북구,10300,돈암동,14.0,20231202,월세,59.58,250,250,1998.0,아파트,2023
성북구,13600,하월곡동,3.0,20230817,월세,59.65,4000,130,2010.0,아파트,2023
성북구,13600,하월곡동,,20230707,월세,25.0,500,35,1993.0,단독다가구,2023
성북구,13800,장위동,,20230707,월세,25.0,500,40,1969.0,단독다가구,2023
성북구,13800,장위동,14.0,20231106,월세,14.71,1000,50,2019.0,아파트,2023
성북구,11300,삼선동3가,,20230704,월세,30.0,1000,60,1970.0,단독다가구,2023
성북구,12800,보문동6가,,20230704,월세,30.0,500,55,1994.0,단독다가구,2023
성북구,13800,장위동,,20230628,월세,45.0,1000,50,1997.0,단독다가구,2023
성북구,13700,상월곡동,11.0,20231007,월세,59.95,3000,110,2003.0,아파트,2023
성북구,13800,장위동,5.0,20230803,월세,24.06,5000,34,2021.0,연립다세대,2023
성북구,13500,종암동,,20230713,월세,18.0,500,45,1997.0,단독다가구,2023
성북구,11000,동소문동7가,,20231207,월세,14.34,3000,33,2023.0,단독다가구,2023
성북구,12500,안암동5가,,20230710,월세,18.18,1000,55,2001.0,단독다가구,2023
성북구,13800,장위동,21.0,20231115,월세,59.92,5000,170,2021.0,아파트,2023
성북구,12500,안암동5가,6.0,20230802,월세,15.81,1000,60,2013.0,연립다세대,2023
성북구,10700,동소문동4가,3.0,20230923,월세,35.25,2000,68,2011.0,연립다세대,2023
성북구,10900,동소문동6가,2.0,20230814,월세,32.97,5000,120,2023.0,연립다세대,2023
성북구,12800,보문동6가,,20230707,월세,29.0,1000,40,1993.0,단독다가구,2023
성북구,13800,장위동,,20230628,월세,50.0,1000,60,1982.0,단독다가구,2023
성북구,13600,하월곡동,10.0,20231106,월세,84.14,20000,130,2007.0,아파트,2023
성북구,13500,종암동,,20230710,월세,19.83,500,50,2007.0,단독다가구,2023
성북구,13900,석관동,11.0,20231007,월세,84.9,5000,140,1998.0,아파트,2023
성북구,13900,석관동,10.0,20231007,월세,84.9,20000,100,1998.0,아파트,2023
성북구,13600,하월곡동,,20230710,월세,20.0,500,45,1989.0,단독다가구,2023
성북구,13500,종암동,,20230628,월세,52.95,3000,45,2002.0,단독다가구,2023
성북구,13300,정릉동,,20230719,월세,13.0,1000,50,2021.0,단독다가구,2023
성북구,13300,정릉동,,20230722,월세,15.0,5000,30,2017.0,단독다가구,2023
성북구,10200,성북동1가,,20230722,월세,15.0,1000,35,2010.0,단독다가구,2023
성북구,13300,정릉동,,20230801,월세,15.0,1000,45,2022.0,단독다가구,2023
성북구,12500,안암동5가,,20230706,월세,16.5,1000,55,1997.0,단독다가구,2023
성북구,13300,정릉동,,20230706,월세,16.5,1000,40,2018.0,단독다가구,2023
성북구,10800,동소문동5가,10.0,20230905,월세,14.09,1000,85,2018.0,아파트,2023
성북구,12000,동선동5가,,20230819,월세,26.42,5000,60,2002.0,단독다가구,2023
성북구,11000,동소문동7가,7.0,20231214,월세,59.91,6000,140,2004.0,아파트,2023
성북구,13500,종암동,3.0,20231115,월세,28.11,16700,5,2018.0,연립다세대,2023
성북구,13900,석관동,21.0,20231013,월세,59.97,17000,90,1998.0,아파트,2023
성북구,13300,정릉동,,20230706,월세,17.5,500,35,2010.0,단독다가구,2023
성북구,13500,종암동,3.0,20230715,월세,26.89,1000,75,2012.0,연립다세대,2023
성북구,11800,동선동3가,,20230630,월세,30.0,1000,60,1996.0,단독다가구,2023
성북구,13600,하월곡동,,20230709,월세,16.52,1000,45,2017.0,단독다가구,2023
성북구,13300,정릉동,,20230709,월세,16.52,1000,50,2021.0,단독다가구,2023
성북구,13400,길음동,1.0,20230820,월세,59.96,17000,130,2010.0,아파트,2023
성북구,13800,장위동,,20230627,월세,40.0,500,35,1990.0,단독다가구,2023
성북구,13300,정릉동,2.0,20230727,월세,13.87,920,57,2023.0,연립다세대,2023
성북구,13300,정릉동,4.0,20230727,월세,15.26,1020,51,2023.0,연립다세대,2023
성북구,10300,돈암동,12.0,20231016,월세,59.4,0,117,1999.0,아파트,2023
성북구,13600,하월곡동,5.0,20230908,월세,28.58,900,75,2021.0,오피스텔,2023
성북구,13600,하월곡동,3.0,20230820,월세,59.65,6000,84,2010.0,아파트,2023
성북구,13300,정릉동,2.0,20230822,월세,59.83,2000,90,2013.0,연립다세대,2023
성북구,11700,동선동2가,,20230703,월세,24.0,7000,15,2011.0,단독다가구,2023
성북구,13900,석관동,,20230703,월세,24.0,3000,35,2003.0,단독다가구,2023
성북구,13800,장위동,4.0,20230724,월세,29.96,1602,21,2016.0,연립다세대,2023
성북구,13300,정릉동,,20230712,월세,15.0,500,40,2018.0,단독다가구,2023
성북구,11600,동선동1가,,20230712,월세,15.0,200,35,1997.0,단독다가구,2023
성북구,11200,삼선동2가,,20230712,월세,15.0,1000,70,2019.0,단독다가구,2023
성북구,13300,정릉동,,20230712,월세,15.0,500,34,2018.0,단독다가구,2023
성북구,10300,돈암동,18.0,20231214,월세,59.58,20000,60,1998.0,아파트,2023
성북구,10100,성북동,,20230630,월세,34.06,9000,14,2005.0,단독다가구,2023
성북구,13300,정릉동,9.0,20230724,월세,46.65,8500,65,2000.0,아파트,2023
성북구,13300,정릉동,6.0,20230724,월세,59.98,30000,35,2008.0,아파트,2023
성북구,10700,동소문동4가,4.0,20231016,월세,29.67,1000,60,2004.0,연립다세대,2023
성북구,10700,동소문동4가,2.0,20231016,월세,59.1,3000,88,2004.0,연립다세대,2023
성북구,12600,보문동4가,,20230627,월세,47.34,8500,48,,단독다가구,2023
성북구,10100,성북동,,20230627,월세,48.96,12000,20,1991.0,단독다가구,2023
성북구,13900,석관동,,20230630,월세,36.22,500,40,1990.0,단독다가구,2023
성북구,13400,길음동,9.0,20230920,월세,111.71,5000,170,1998.0,아파트,2023
성북구,10200,성북동1가,,20230703,월세,29.73,5000,120,2022.0,단독다가구,2023
성북구,13500,종암동,3.0,20230724,월세,59.4,5000,110,1996.0,아파트,2023
성북구,10300,돈암동,11.0,20230817,월세,32.49,916,14,1999.0,아파트,2023
성북구,10300,돈암동,18.0,20230817,월세,32.49,916,14,1999.0,아파트,2023
성북구,10300,돈암동,1.0,20230817,월세,32.49,3231,1,1999.0,아파트,2023
성북구,10300,돈암동,10.0,20230817,월세,68.76,10000,100,1991.0,아파트,2023
성북구,11200,삼선동2가,,20230825,월세,18.0,1000,53,2002.0,단독다가구,2023
성북구,13300,정릉동,4.0,20230814,월세,61.44,5000,40,1994.0,연립다세대,2023
성북구,12100,안암동1가,,20230630,월세,39.6,1000,75,1993.0,단독다가구,2023
성북구,12500,안암동5가,,20230712,월세,18.0,1000,64,2016.0,단독다가구,2023
성북구,13800,장위동,4.0,20230911,월세,18.03,1000,55,2019.0,오피스텔,2023
성북구,13300,정릉동,4.0,20230905,월세,68.6,15000,40,2004.0,연립다세대,2023
성북구,10200,성북동1가,,20231111,월세,38.97,20000,15,,단독다가구,2023
성북구,13800,장위동,4.0,20231120,월세,46.73,1000,32,2003.0,연립다세대,2023
성북구,13600,하월곡동,14.0,20230902,월세,59.98,35000,40,2007.0,아파트,2023
성북구,13300,정릉동,2.0,20230808,월세,59.9,22000,30,1999.0,아파트,2023
성북구,12100,안암동1가,,20230706,월세,26.31,500,50,1992.0,단독다가구,2023
성북구,12500,안암동5가,,20230706,월세,26.44,500,45,2002.0,단독다가구,2023
성북구,13800,장위동,3.0,20230724,월세,84.98,15000,80,2006.0,아파트,2023
성북구,11100,삼선동1가,3.0,20230802,월세,73.32,0,65,2008.0,연립다세대,2023
성북구,13300,정릉동,2.0,20230808,월세,68.94,13000,10,1998.0,연립다세대,2023
성북구,13300,정릉동,15.0,20230730,월세,59.88,5000,110,2005.0,아파트,2023
성북구,13300,정릉동,2.0,20230730,월세,59.88,1,95,2005.0,아파트,2023
성북구,13300,정릉동,2.0,20230730,월세,59.88,5500,93,2005.0,아파트,2023
성북구,13800,장위동,3.0,20231007,월세,59.92,20000,110,2021.0,아파트,2023
성북구,13000,보문동1가,,20230707,월세,31.0,500,60,1990.0,단독다가구,2023
성북구,13400,길음동,4.0,20231106,월세,59.92,6698,17,2022.0,연립다세대,2023
성북구,13300,정릉동,,20230719,월세,15.0,500,40,2019.0,단독다가구,2023
성북구,13500,종암동,6.0,20231010,월세,59.97,5000,150,2009.0,아파트,2023
성북구,11400,삼선동4가,,20230801,월세,15.0,1000,40,2011.0,단독다가구,2023
성북구,13600,하월곡동,3.0,20230830,월세,84.84,10000,130,2003.0,아파트,2023
성북구,12500,안암동5가,,20230717,월세,24.0,1000,70,2019.0,단독다가구,2023
성북구,13900,석관동,,20230729,월세,24.03,7000,40,2021.0,단독다가구,2023
성북구,13600,하월곡동,3.0,20231028,월세,57.08,5000,70,2001.0,연립다세대,2023
성북구,13300,정릉동,,20230717,월세,25.0,1000,60,2017.0,단독다가구,2023
성북구,13800,장위동,12.0,20230824,월세,39.0,9736,36,2022.0,아파트,2023
성북구,13800,장위동,12.0,20230824,월세,39.0,9927,26,2022.0,아파트,2023
성북구,13800,장위동,12.0,20230824,월세,39.0,11164,29,2022.0,아파트,2023
성북구,10300,돈암동,,20230703,월세,39.1,4000,30,1993.0,단독다가구,2023
성북구,10900,동소문동6가,6.0,20230824,월세,34.94,28000,30,2023.0,연립다세대,2023
성북구,10900,동소문동6가,5.0,20230824,월세,42.12,2000,220,2023.0,연립다세대,2023
성북구,11600,동선동1가,,20230729,월세,26.0,500,75,1968.0,단독다가구,2023
성북구,12200,안암동2가,,20230703,월세,40.0,5000,75,1994.0,단독다가구,2023
성북구,12200,안암동2가,,20231111,월세,39.6,1000,55,1993.0,단독다가구,2023
성북구,13800,장위동,1.0,20231010,월세,39.9,9628,25,2021.0,아파트,2023
성북구,13400,길음동,19.0,20231028,월세,59.99,10000,145,2010.0,아파트,2023
성북구,13400,길음동,3.0,20231028,월세,59.99,5000,160,2010.0,아파트,2023
성북구,13300,정릉동,20.0,20231205,월세,59.77,27000,50,2006.0,아파트,2023
성북구,13600,하월곡동,,20230726,월세,25.0,300,25,1997.0,단독다가구,2023
성북구,13400,길음동,9.0,20231028,월세,84.78,25000,155,2010.0,아파트,2023
성북구,13300,정릉동,11.0,20231028,월세,59.42,10000,90,1999.0,아파트,2023
성북구,13500,종암동,14.0,20230817,월세,59.97,5000,160,2009.0,아파트,2023
성북구,10300,돈암동,15.0,20230831,월세,84.68,37500,4,1999.0,아파트,2023
성북구,13400,길음동,2.0,20231028,월세,84.84,30000,70,2003.0,아파트,2023
성북구,11800,동선동3가,,20230712,월세,21.24,6000,7,1993.0,단독다가구,2023
성북구,13300,정릉동,,20230715,월세,16.0,3000,45,2018.0,단독다가구,2023
성북구,12500,안암동5가,,20230715,월세,16.0,2000,50,2001.0,단독다가구,2023
성북구,13300,정릉동,4.0,20231205,월세,26.15,8208,29,2020.0,연립다세대,2023
성북구,13900,석관동,2.0,20231109,월세,61.02,14000,60,2009.0,연립다세대,2023
성북구,13800,장위동,,20230630,월세,66.0,2000,63,1982.0,단독다가구,2023
성북구,10300,돈암동,3.0,20231025,월세,51.47,1000,40,1981.0,아파트,2023
성북구,11600,동선동1가,6.0,20231208,월세,12.94,5000,40,2012.0,연립다세대,2023
성북구,12100,안암동1가,,20230712,월세,23.0,3000,45,2019.0,단독다가구,2023
성북구,10900,동소문동6가,6.0,20230718,월세,12.7,8000,25,2013.0,아파트,2023
성북구,13800,장위동,11.0,20231028,월세,84.84,47000,90,2008.0,아파트,2023
성북구,10300,돈암동,4.0,20230831,월세,13.1,1000,50,2009.0,연립다세대,2023
성북구,10700,동소문동4가,1.0,20230724,월세,81.99,16000,55,1991.0,연립다세대,2023
성북구,10900,동소문동6가,8.0,20230805,월세,12.32,3000,53,2013.0,아파트,2023
성북구,13800,장위동,,20230709,월세,30.89,1000,45,1993.0,단독다가구,2023
성북구,12300,안암동3가,3.0,20230919,월세,59.79,6979,17,2019.0,연립다세대,2023
성북구,13900,석관동,2.0,20230824,월세,26.24,18000,15,2022.0,연립다세대,2023
성북구,10900,동소문동6가,,20230729,월세,27.0,1000,58,1999.0,단독다가구,2023
성북구,13800,장위동,4.0,20230817,월세,59.99,20100,110,2020.0,아파트,2023
성북구,13800,장위동,15.0,20230817,월세,59.99,12000,150,2020.0,아파트,2023
성북구,13200,보문동3가,4.0,20230902,월세,84.9,24000,90,2013.0,아파트,2023
성북구,13300,정릉동,,20231128,월세,76.33,3000,70,1970.0,단독다가구,2023
성북구,13600,하월곡동,22.0,20231112,월세,79.25,20000,80,2004.0,아파트,2023
성북구,11300,삼선동3가,3.0,20231118,월세,62.64,6000,90,2009.0,연립다세대,2023
성북구,13300,정릉동,,20230722,월세,16.0,2000,50,2018.0,단독다가구,2023
성북구,13100,보문동2가,,20230710,월세,21.0,500,25,2008.0,단독다가구,2023
성북구,12500,안암동5가,,20230719,월세,16.0,500,45,1992.0,단독다가구,2023
성북구,13400,길음동,3.0,20231010,월세,84.77,1000,70,2022.0,아파트,2023
성북구,10700,동소문동4가,,20231204,월세,56.0,2000,75,2000.0,단독다가구,2023
성북구,11700,동선동2가,,20230710,월세,22.0,2000,52,2014.0,단독다가구,2023
성북구,13500,종암동,7.0,20231118,월세,46.37,2000,100,2019.0,연립다세대,2023
성북구,13900,석관동,,20230825,월세,20.0,1000,60,2018.0,단독다가구,2023
성북구,13500,종암동,,20230825,월세,20.0,1000,60,,단독다가구,2023
성북구,13900,석관동,3.0,20231016,월세,39.01,9324,24,2019.0,아파트,2023
성북구,13700,상월곡동,,20230722,월세,16.52,1000,50,2016.0,단독다가구,2023
성북구,11500,삼선동5가,,20230719,월세,16.5,500,40,2010.0,단독다가구,2023
성북구,13600,하월곡동,,20231111,월세,40.0,1000,47,1966.0,단독다가구,2023
성북구,13700,상월곡동,,20230819,월세,33.0,1000,50,1991.0,단독다가구,2023
성북구,10500,동소문동2가,,20230704,월세,39.8,3000,55,1993.0,단독다가구,2023
성북구,13500,종암동,,20230704,월세,40.0,10000,50,2022.0,단독다가구,2023
성북구,13600,하월곡동,,20230719,월세,16.52,1000,40,2018.0,단독다가구,2023
성북구,13300,정릉동,2.0,20231010,월세,29.73,5000,95,2023.0,연립다세대,2023
성북구,11100,삼선동1가,,20231220,월세,14.0,500,30,1960.0,단독다가구,2023
성북구,10900,동소문동6가,,20230710,월세,24.0,6000,21,1999.0,단독다가구,2023
성북구,13800,장위동,11.0,20230828,월세,42.79,4559,7,2021.0,아파트,2023
성북구,13300,정릉동,,20230722,월세,18.0,500,55,1968.0,단독다가구,2023
성북구,13300,정릉동,,20231220,월세,15.0,1000,45,2018.0,단독다가구,2023
성북구,12600,보문동4가,,20231220,월세,15.0,1000,60,1994.0,단독다가구,2023
성북구,13500,종암동,-1.0,20230916,월세,62.78,2500,40,1997.0,연립다세대,2023
성북구,13100,보문동2가,1.0,20230902,월세,65.73,8000,33,2002.0,연립다세대,2023
성북구,13300,정릉동,,20230701,월세,147.9,500,80,1994.0,단독다가구,2023
성북구,13300,정릉동,14.0,20230902,월세,59.77,30000,35,2006.0,아파트,2023
성북구,13300,정릉동,2.0,20230802,월세,19.7,5780,19,2020.0,연립다세대,2023
성북구,13300,정릉동,7.0,20230902,월세,59.88,5000,110,2005.0,아파트,2023
성북구,13300,정릉동,4.0,20230909,월세,61.79,300,30,2000.0,아파트,2023
성북구,13300,정릉동,,20231202,월세,13.0,1000,50,2018.0,단독다가구,2023
성북구,13800,장위동,1.0,20230830,월세,27.78,500,50,1991.0,연립다세대,2023
성북구,11000,동소문동7가,,20231202,월세,14.34,3000,33,2023.0,단독다가구,2023
성북구,13300,정릉동,1.0,20230727,월세,39.42,12900,15,1991.0,연립다세대,2023
성북구,13600,하월곡동,4.0,20231025,월세,59.65,5000,125,2010.0,아파트,2023
성북구,13700,상월곡동,,20231202,월세,15.0,500,45,2017.0,단독다가구,2023
성북구,13500,종암동,13.0,20230902,월세,119.87,3000,210,2010.0,아파트,2023
성북구,11200,삼선동2가,,20230706,월세,40.0,2000,60,1996.0,단독다가구,2023
성북구,13900,석관동,2.0,20231124,월세,59.94,25000,30,1999.0,아파트,2023
성북구,13500,종암동,5.0,20230809,월세,28.37,19000,5,2021.0,연립다세대,2023
성북구,12500,안암동5가,,20230710,월세,26.4,500,90,1994.0,단독다가구,2023
성북구,13300,정릉동,,20230728,월세,12.0,100,40,1995.0,단독다가구,2023
성북구,13300,정릉동,2.0,20231127,월세,17.1,1140,69,2023.0,연립다세대,2023
성북구,13800,장위동,4.0,20231022,월세,39.0,10512,27,2022.0,아파트,2023
성북구,13800,장위동,9.0,20231022,월세,39.0,10264,29,2022.0,아파트,2023
성북구,13300,정릉동,6.0,20230830,월세,59.88,18000,25,2005.0,아파트,2023
성북구,12500,안암동5가,,20230819,월세,33.5,3000,65,1993.0,단독다가구,2023
성북구,13500,종암동,3.0,20230817,월세,13.72,500,48,2013.0,연립다세대,2023
성북구,13800,장위동,4.0,20231112,월세,15.21,1000,60,2019.0,아파트,2023
성북구,13300,정릉동,2.0,20231103,월세,28.08,19000,10,2022.0,연립다세대,2023
성북구,12200,안암동2가,,20230707,월세,41.31,1000,80,1993.0,단독다가구,2023
성북구,13800,장위동,,20230713,월세,26.0,1000,35,1993.0,단독다가구,2023
성북구,13800,장위동,,20230704,월세,58.41,15000,5,1990.0,단독다가구,2023
성북구,11500,삼선동5가,,20230710,월세,30.0,500,50,1990.0,단독다가구,2023
성북구,11300,삼선동3가,,20230710,월세,30.0,500,50,1991.0,단독다가구,2023
성북구,12300,안암동3가,,20230716,월세,25.0,200,31,1993.0,단독다가구,2023
성북구,13800,장위동,1.0,20230905,월세,58.56,1000,75,1994.0,연립다세대,2023
성북구,13400,길음동,11.0,20231019,월세,59.99,7000,125,2005.0,아파트,2023
성북구,12500,안암동5가,,20230722,월세,20.0,3000,50,,단독다가구,2023
성북구,13200,보문동3가,,20230713,월세,28.0,1000,50,,단독다가구,2023
성북구,13300,정릉동,,20230728,월세,16.5,1000,50,2019.0,단독다가구,2023
성북구,12500,안암동5가,,20230725,월세,15.0,300,40,2009.0,단독다가구,2023
성북구,11100,삼선동1가,,20230725,월세,15.0,300,38,1990.0,단독다가구,2023
성북구,11800,동선동3가,,20230728,월세,16.52,1000,50,2002.0,단독다가구,2023
성북구,13600,하월곡동,2.0,20230920,월세,33.65,1000,85,2021.0,오피스텔,2023
성북구,10200,성북동1가,,20230710,월세,32.0,1000,53,1994.0,단독다가구,2023
성북구,13100,보문동2가,,20230707,월세,47.44,1000,65,1993.0,단독다가구,2023
성북구,13000,보문동1가,,20230707,월세,48.24,3000,65,1990.0,단독다가구,2023
성북구,13800,장위동,6.0,20231019,월세,39.0,14152,36,2022.0,아파트,2023
성북구,13700,상월곡동,,20230707,월세,50.0,2000,70,1985.0,단독다가구,2023
성북구,10300,돈암동,21.0,20230824,월세,32.49,916,14,1999.0,아파트,2023
성북구,10100,성북동,,20230927,월세,50.0,2000,50,1996.0,단독다가구,2023
성북구,13900,석관동,3.0,20231025,월세,58.51,11000,30,1997.0,연립다세대,2023
성북구,12500,안암동5가,,20231217,월세,18.0,5000,50,2019.0,단독다가구,2023
성북구,13900,석관동,,20230711,월세,30.0,300,35,2002.0,단독다가구,2023
성북구,10300,돈암동,,20230711,월세,30.0,1000,51,2017.0,단독다가구,2023
성북구,11700,동선동2가,2.0,20231205,월세,67.07,300,43,2004.0,연립다세대,2023
성북구,10100,성북동,,20230708,월세,42.0,5000,50,2002.0,단독다가구,2023
성북구,12400,안암동4가,,20230705,월세,45.0,10000,50,2017.0,단독다가구,2023
성북구,12000,동선동5가,,20230717,월세,30.0,1000,73,1987.0,단독다가구,2023
성북구,13900,석관동,,20230717,월세,30.0,100,20,1999.0,단독다가구,2023
성북구,13700,상월곡동,,20230801,월세,18.18,1000,45,2008.0,단독다가구,2023
성북구,12500,안암동5가,,20230801,월세,18.18,3000,75,,단독다가구,2023
성북구,13900,석관동,,20230726,월세,29.61,3000,40,2017.0,단독다가구,2023
성북구,13500,종암동,,20230726,월세,30.0,3000,45,2002.0,단독다가구,2023
성북구,13600,하월곡동,1.0,20230911,월세,84.53,5500,150,2023.0,연립다세대,2023
성북구,11100,삼선동1가,,20230705,월세,46.55,3000,50,1969.0,단독다가구,2023
성북구,12600,보문동4가,7.0,20231118,월세,21.99,2000,55,2013.0,연립다세대,2023
성북구,13300,정릉동,,20230711,월세,33.0,500,65,1990.0,단독다가구,2023
성북구,11600,동선동1가,,20230720,월세,38.0,1000,65,1991.0,단독다가구,2023
성북구,12100,안암동1가,,20230708,월세,46.28,500,40,1992.0,단독다가구,2023
성북구,13600,하월곡동,,20230705,월세,48.82,2000,65,1994.0,단독다가구,2023
성북구,13500,종암동,,20230705,월세,49.0,1000,50,1992.0,단독다가구,2023
성북구,10700,동소문동4가,,20230819,월세,36.36,7000,25,2001.0,단독다가구,2023
성북구,13500,종암동,,20230726,월세,30.3,3000,10,1991.0,단독다가구,2023
성북구,13300,정릉동,,20230714,월세,55.0,2000,70,1993.0,단독다가구,2023
성북구,13400,길음동,,20230717,월세,33.0,1500,50,1991.0,단독다가구,2023
성북구,11100,삼선동1가,,20230720,월세,40.0,7500,30,1994.0,단독다가구,2023
성북구,13500,종암동,,20230729,월세,33.31,4700,20,1993.0,단독다가구,2023
성북구,13500,종암동,,20230714,월세,60.0,2500,80,1997.0,단독다가구,2023
성북구,13700,상월곡동,12.0,20230827,월세,114.66,10000,160,2003.0,아파트,2023
성북구,10100,성북동,3.0,20231004,월세,29.34,5000,90,2022.0,연립다세대,2023
성북구,12100,안암동1가,,20230729,월세,35.54,2000,70,1994.0,단독다가구,2023
성북구,13900,석관동,,20230708,월세,59.13,13650,10,1992.0,단독다가구,2023
성북구,13400,길음동,1.0,20230820,월세,84.77,10000,200,2022.0,아파트,2023
성북구,10400,동소문동1가,,20230708,월세,61.03,12000,40,1993.0,단독다가구,2023
성북구,13400,길음동,,20231007,월세,49.0,4000,55,1994.0,단독다가구,2023
성북구,13600,하월곡동,,20230711,월세,40.0,4000,65,1995.0,단독다가구,2023
성북구,11500,삼선동5가,,20230711,월세,40.0,8000,30,1997.0,단독다가구,2023
성북구,11800,동선동3가,,20230717,월세,38.0,5000,65,1997.0,단독다가구,2023
성북구,13800,장위동,,20230717,월세,38.08,2000,60,2019.0,단독다가구,2023
성북구,11500,삼선동5가,,20230708,월세,69.91,5000,84,1984.0,단독다가구,2023
성북구,13600,하월곡동,,20230801,월세,23.14,500,45,2008.0,단독다가구,2023
성북구,13000,보문동1가,,20230715,월세,19.8,200,40,1992.0,단독다가구,2023
성북구,10300,돈암동,,20230705,월세,92.56,3600,30,1961.0,단독다가구,2023
성북구,12500,안암동5가,,20230715,월세,20.0,1000,68,,단독다가구,2023
성북구,12700,보문동5가,,20230805,월세,15.0,500,45,2008.0,단독다가구,2023
성북구,13300,정릉동,,20230805,월세,15.0,300,30,1993.0,단독다가구,2023
성북구,13300,정릉동,9.0,20231127,월세,84.98,26750,55,2008.0,아파트,2023
성북구,12500,안암동5가,3.0,20230727,월세,12.72,1000,70,2012.0,연립다세대,2023
성북구,12700,보문동5가,,20230711,월세,42.36,1500,40,1993.0,단독다가구,2023
성북구,13300,정릉동,13.0,20231127,월세,59.88,6000,85,2005.0,아파트,2023
성북구,13500,종암동,,20230709,월세,37.42,1000,40,1994.0,단독다가구,2023
성북구,13300,정릉동,2.0,20231127,월세,19.7,5780,19,2020.0,연립다세대,2023
성북구,13300,정릉동,6.0,20231019,월세,43.11,3000,67,2001.0,아파트,2023
성북구,13900,석관동,13.0,20230802,월세,59.79,5000,85,1994.0,아파트,2023
성북구,13300,정릉동,,20231208,월세,13.0,500,53,2018.0,단독다가구,2023
성북구,11900,동선동4가,3.0,20231007,월세,21.05,10000,20,2011.0,오피스텔,2023
성북구,13300,정릉동,4.0,20231010,월세,59.78,5445,16,2021.0,연립다세대,2023
성북구,12500,안암동5가,,20230715,월세,23.0,100,43,1997.0,단독다가구,2023
성북구,11700,동선동2가,,20230805,월세,18.0,500,35,2017.0,단독다가구,2023
성북구,13900,석관동,,20230825,월세,25.27,1000,29,1994.0,단독다가구,2023
성북구,11000,동소문동7가,,20231208,월세,14.34,3000,32,2023.0,단독다가구,2023
성북구,10300,돈암동,8.0,20230808,월세,59.58,23000,40,1998.0,아파트,2023
성북구,10300,돈암동,13.0,20230808,월세,113.67,20000,140,1998.0,아파트,2023
성북구,13300,정릉동,,20230706,월세,56.0,3000,55,1990.0,단독다가구,2023
성북구,11100,삼선동1가,,20230715,월세,23.2,1000,40,1987.0,단독다가구,2023
성북구,13800,장위동,12.0,20230925,월세,39.34,3196,11,2006.0,아파트,2023
성북구,12100,안암동1가,3.0,20230808,월세,14.99,1000,50,2014.0,연립다세대,2023
성북구,12500,안암동5가,,20231014,월세,17.0,5000,60,2023.0,단독다가구,2023
성북구,13400,길음동,15.0,20230814,월세,59.94,4000,100,1998.0,아파트,2023
성북구,13600,하월곡동,8.0,20230824,월세,84.59,10000,150,2006.0,아파트,2023
성북구,13300,정릉동,2.0,20231127,월세,47.87,5116,1,2014.0,연립다세대,2023
성북구,13300,정릉동,3.0,20230925,월세,84.99,30000,25,2000.0,아파트,2023
성북구,10200,성북동1가,,20230715,월세,25.0,1000,50,1994.0,단독다가구,2023
성북구,13300,정릉동,,20230712,월세,35.0,4000,30,2000.0,단독다가구,2023
성북구,12800,보문동6가,,20231214,월세,17.0,500,45,1994.0,단독다가구,2023
성북구,13800,장위동,9.0,20230824,월세,84.98,30000,115,2020.0,아파트,2023
성북구,13700,상월곡동,,20230717,월세,69.52,2000,70,1993.0,단독다가구,2023
성북구,13300,정릉동,4.0,20230802,월세,29.06,15800,10,2019.0,연립다세대,2023
성북구,13300,정릉동,4.0,20230802,월세,29.98,15800,10,2019.0,연립다세대,2023
성북구,12200,안암동2가,,20231220,월세,20.0,6000,40,,단독다가구,2023
성북구,13900,석관동,19.0,20231028,월세,134.97,25000,140,1998.0,아파트,2023
성북구,13300,정릉동,,20230706,월세,76.0,1000,65,1976.0,단독다가구,2023
성북구,11300,삼선동3가,,20230805,월세,20.0,500,35,1991.0,단독다가구,2023
성북구,13600,하월곡동,,20230805,월세,20.0,1000,50,1991.0,단독다가구,2023
성북구,11700,동선동2가,,20230805,월세,20.0,500,35,2017.0,단독다가구,2023
성북구,10300,돈암동,20.0,20231025,월세,84.59,30000,75,1999.0,아파트,2023
성북구,13100,보문동2가,,20230712,월세,38.0,2000,65,,단독다가구,2023
성북구,12200,안암동2가,,20230711,월세,75.48,18000,48,1994.0,단독다가구,2023
성북구,13900,석관동,,20231202,월세,20.0,1000,40,,단독다가구,2023
성북구,11800,동선동3가,,20230721,월세,12.38,10,65,1997.0,단독다가구,2023
성북구,13600,하월곡동,,20230719,월세,21.48,1000,65,2015.0,단독다가구,2023
성북구,10300,돈암동,,20230722,월세,23.0,1000,50,1994.0,단독다가구,2023
성북구,12800,보문동6가,,20230719,월세,22.47,10000,17,2013.0,단독다가구,2023
성북구,11800,동선동3가,,20230722,월세,23.1,1000,50,2008.0,단독다가구,2023
성북구,13900,석관동,,20230719,월세,23.0,200,20,1992.0,단독다가구,2023
성북구,12800,보문동6가,,20230722,월세,23.8,500,50,1989.0,단독다가구,2023
성북구,13300,정릉동,,20230707,월세,72.63,6000,20,1979.0,단독다가구,2023
성북구,13100,보문동2가,6.0,20231013,월세,66.17,15000,170,2023.0,오피스텔,2023
성북구,10700,동소문동4가,,20230710,월세,35.7,500,15,1990.0,단독다가구,2023
성북구,13300,정릉동,2.0,20230905,월세,19.7,2890,25,2020.0,연립다세대,2023
성북구,13900,석관동,,20230710,월세,36.15,3000,65,2022.0,단독다가구,2023
성북구,10300,돈암동,,20230722,월세,24.13,200,20,,단독다가구,2023
성북구,10200,성북동1가,6.0,20230905,월세,30.63,1000,51,2002.0,연립다세대,2023
성북구,11700,동선동2가,,20230822,월세,16.0,1000,40,2008.0,단독다가구,2023
성북구,13900,석관동,,20230718,월세,38.7,1000,40,1993.0,단독다가구,2023
성북구,10300,돈암동,10.0,20230731,월세,113.67,50000,50,1998.0,아파트,2023
성북구,13100,보문동2가,4.0,20231010,월세,66.02,5000,210,2023.0,오피스텔,2023
성북구,12100,안암동1가,,20230728,월세,20.0,1000,40,1991.0,단독다가구,2023
성북구,12800,보문동6가,9.0,20231010,월세,84.99,3000,180,2017.0,아파트,2023
성북구,10900,동소문동6가,8.0,20231019,월세,28.47,1000,70,2003.0,오피스텔,2023
성북구,10300,돈암동,15.0,20231103,월세,59.99,5000,150,2004.0,아파트,2023
성북구,13300,정릉동,,20230718,월세,13.3,1000,40,2019.0,단독다가구,2023
성북구,10300,돈암동,2.0,20230727,월세,152.25,48000,60,1998.0,아파트,2023
성북구,11900,동선동4가,,20230721,월세,16.0,1000,60,2019.0,단독다가구,2023
성북구,10400,동소문동1가,4.0,20231007,월세,34.96,3000,80,2002.0,연립다세대,2023
성북구,13300,정릉동,5.0,20230908,월세,59.77,30000,23,2006.0,아파트,2023
성북구,13300,정릉동,2.0,20230908,월세,114.56,15000,120,2006.0,아파트,2023
성북구,12100,안암동1가,12.0,20230920,월세,59.7,5000,130,2005.0,아파트,2023
성북구,12500,안암동5가,,20230716,월세,32.33,1000,40,1993.0,단독다가구,2023
성북구,12900,보문동7가,,20230822,월세,16.5,1000,50,2023.0,단독다가구,2023
성북구,13900,석관동,,20230825,월세,30.0,300,35,1991.0,단독다가구,2023
성북구,13500,종암동,4.0,20231031,월세,25.82,2000,75,2021.0,연립다세대,2023
성북구,13300,정릉동,7.0,20230806,월세,59.88,2500,105,2005.0,아파트,2023
성북구,11900,동선동4가,4.0,20231019,월세,24.88,1000,53,2008.0,오피스텔,2023
성북구,13500,종암동,19.0,20231007,월세,59.99,3000,145,2004.0,아파트,2023
성북구,13800,장위동,,20230710,월세,45.0,1000,45,1993.0,단독다가구,2023
성북구,13800,장위동,2.0,20231118,월세,48.75,1000,50,1992.0,연립다세대,2023
성북구,10300,돈암동,6.0,20231115,월세,114.93,10000,100,1998.0,아파트,2023
성북구,12600,보문동4가,,20230722,월세,26.57,1000,60,1992.0,단독다가구,2023
성북구,11700,동선동2가,5.0,20231010,월세,39.15,1000,55,2002.0,연립다세대,2023
성북구,13500,종암동,9.0,20231028,월세,59.98,28000,80,2011.0,아파트,2023
성북구,13100,보문동2가,,20230819,월세,42.66,14000,35,1974.0,단독다가구,2023
성북구,13600,하월곡동,,20230719,월세,27.65,500,45,1991.0,단독다가구,2023
성북구,13800,장위동,,20230716,월세,35.6,1000,30,1990.0,단독다가구,2023
성북구,13300,정릉동,2.0,20231205,월세,51.82,10000,20,2009.0,연립다세대,2023
성북구,10300,돈암동,,20230722,월세,29.1,300,30,1993.0,단독다가구,2023
성북구,13300,정릉동,4.0,20230902,월세,47.5,6000,50,1997.0,연립다세대,2023
성북구,13800,장위동,6.0,20231120,월세,59.99,8800,100,2020.0,아파트,2023
성북구,12100,안암동1가,,20230710,월세,53.68,5000,75,2014.0,단독다가구,2023
성북구,10500,동소문동2가,,20230819,월세,44.71,1000,55,1993.0,단독다가구,2023
성북구,13600,하월곡동,,20230725,월세,21.48,1000,60,2017.0,단독다가구,2023
성북구,10100,성북동,,20230927,월세,59.78,3000,95,2002.0,단독다가구,2023
성북구,13300,정릉동,,20230713,월세,45.0,500,55,1991.0,단독다가구,2023
성북구,10200,성북동1가,,20230803,월세,15.0,500,45,2010.0,단독다가구,2023
성북구,11200,삼선동2가,,20230803,월세,15.0,1000,40,1969.0,단독다가구,2023
성북구,13500,종암동,17.0,20231010,월세,84.95,33000,50,2004.0,아파트,2023
성북구,13800,장위동,3.0,20231028,월세,59.99,20000,90,2020.0,아파트,2023
성북구,13400,길음동,8.0,20231114,월세,33.28,7201,1,2010.0,아파트,2023
성북구,13300,정릉동,,20230710,월세,64.43,19000,10,2013.0,단독다가구,2023
성북구,13800,장위동,8.0,20231028,월세,84.98,38850,63,2020.0,아파트,2023
성북구,13600,하월곡동,2.0,20230814,월세,33.65,1000,85,2021.0,오피스텔,2023
성북구,13300,정릉동,2.0,20230809,월세,57.25,500,80,1979.0,연립다세대,2023
성북구,13800,장위동,3.0,20231103,월세,61.67,13000,40,2004.0,연립다세대,2023
성북구,12500,안암동5가,,20231217,월세,24.79,5000,43,1994.0,단독다가구,2023
성북구,13300,정릉동,,20230822,월세,19.0,500,45,2002.0,단독다가구,2023
성북구,12500,안암동5가,,20231202,월세,23.5,1000,55,2000.0,단독다가구,2023
성북구,13900,석관동,,20230728,월세,29.48,3000,64,2022.0,단독다가구,2023
성북구,11400,삼선동4가,5.0,20230925,월세,59.94,20000,60,1999.0,아파트,2023
성북구,12100,안암동1가,,20230728,월세,30.0,500,40,1995.0,단독다가구,2023
성북구,13300,정릉동,,20230803,월세,16.52,1000,45,2021.0,단독다가구,2023
성북구,13500,종암동,,20230725,월세,26.0,700,50,1992.0,단독다가구,2023
성북구,13800,장위동,3.0,20230911,월세,60.42,2000,60,1993.0,연립다세대,2023
성북구,10400,동소문동1가,,20230805,월세,26.14,1000,55,1997.0,단독다가구,2023
성북구,13300,정릉동,-1.0,20231109,월세,84.94,3000,60,1992.0,연립다세대,2023
성북구,13300,정릉동,6.0,20230911,월세,84.89,5000,140,2005.0,아파트,2023
성북구,10400,동소문동1가,,20231202,월세,25.0,1000,60,1997.0,단독다가구,2023
성북구,13300,정릉동,,20230715,월세,33.06,300,50,1975.0,단독다가구,2023
성북구,10200,성북동1가,,20230902,월세,16.0,500,35,1992.0,단독다가구,2023
성북구,13300,정릉동,,20230808,월세,15.0,1000,50,2018.0,단독다가구,2023
성북구,13900,석관동,,20230715,월세,35.0,3000,50,2012.0,단독다가구,2023
성북구,11100,삼선동1가,,20230805,월세,30.0,800,40,1997.0,단독다가구,2023
성북구,13300,정릉동,,20230830,월세,12.0,500,32,2018.0,단독다가구,2023
성북구,13300,정릉동,,20230822,월세,20.0,350,40,2006.0,단독다가구,2023
성북구,13700,상월곡동,,20230711,월세,56.1,600,50,2019.0,단독다가구,2023
성북구,11500,삼선동5가,,20230819,월세,49.02,2000,45,1993.0,단독다가구,2023
성북구,13300,정릉동,,20230808,월세,16.5,500,50,2018.0,단독다가구,2023
성북구,12500,안암동5가,,20230808,월세,16.5,300,45,1994.0,단독다가구,2023
성북구,11500,삼선동5가,5.0,20230724,월세,26.04,1399,18,2019.0,연립다세대,2023
성북구,11800,동선동3가,,20230902,월세,18.0,300,40,,단독다가구,2023
성북구,13500,종암동,,20230721,월세,19.8,500,35,2001.0,단독다가구,2023
성북구,13800,장위동,,20230711,월세,65.94,10000,25,1990.0,단독다가구,2023
성북구,12300,안암동3가,,20230721,월세,19.83,500,37,1997.0,단독다가구,2023
성북구,13600,하월곡동,,20230721,월세,20.0,1000,45,2007.0,단독다가구,2023
성북구,13500,종암동,,20230805,월세,33.0,5000,25,2010.0,단독다가구,2023
성북구,12500,안암동5가,,20230830,월세,16.5,300,40,,단독다가구,2023
성북구,13900,석관동,,20230718,월세,19.0,1000,60,2019.0,단독다가구,2023
성북구,13800,장위동,10.0,20231025,월세,84.94,30000,100,2020.0,아파트,2023
성북구,13300,정릉동,,20230718,월세,19.8,350,35,2006.0,단독다가구,2023
성북구,13800,장위동,7.0,20231031,월세,84.94,30000,100,2020.0,아파트,2023
성북구,13800,장위동,12.0,20231031,월세,101.72,40000,70,2020.0,아파트,2023
성북구,12300,안암동3가,,20230718,월세,20.0,300,30,1993.0,단독다가구,2023
성북구,13600,하월곡동,,20230808,월세,18.18,1000,50,2016.0,단독다가구,2023
성북구,13600,하월곡동,5.0,20230923,월세,59.98,25000,80,2007.0,아파트,2023
성북구,13800,장위동,,20230805,월세,35.0,500,45,1994.0,단독다가구,2023
성북구,10300,돈암동,9.0,20230916,월세,84.68,7000,120,1999.0,아파트,2023
성북구,13300,정릉동,,20230715,월세,43.14,1000,60,1997.0,단독다가구,2023
성북구,13500,종암동,,20230721,월세,21.49,300,45,1993.0,단독다가구,2023
성북구,12200,안암동2가,,20230715,월세,43.68,2000,55,1997.0,단독다가구,2023
성북구,12500,안암동5가,,20230808,월세,20.0,500,55,1996.0,단독다가구,2023
성북구,12200,안암동2가,,20230808,월세,20.0,2000,35,1970.0,단독다가구,2023
성북구,12200,안암동2가,,20230715,월세,46.17,3000,45,1993.0,단독다가구,2023
성북구,13100,보문동2가,,20230715,월세,47.0,5000,70,1992.0,단독다가구,2023
성북구,11700,동선동2가,,20230721,월세,24.0,1000,60,1996.0,단독다가구,2023
성북구,13300,정릉동,15.0,20230914,월세,46.65,15000,60,2000.0,아파트,2023
성북구,13600,하월곡동,,20230715,월세,47.25,5000,40,1993.0,단독다가구,2023
성북구,13600,하월곡동,,20231202,월세,29.8,1000,70,1971.0,단독다가구,2023
성북구,13600,하월곡동,,20230718,월세,22.0,1000,65,2014.0,단독다가구,2023
성북구,13300,정릉동,,20230805,월세,38.72,12000,10,1991.0,단독다가구,2023
성북구,13800,장위동,,20231111,월세,44.1,2000,60,1993.0,단독다가구,2023
성북구,13800,장위동,,20230902,월세,22.0,1000,25,1988.0,단독다가구,2023
성북구,12100,안암동1가,,20230715,월세,51.21,1000,70,1994.0,단독다가구,2023
성북구,10100,성북동,,20230902,월세,23.0,5000,45,1958.0,단독다가구,2023
성북구,13800,장위동,4.0,20231106,월세,29.29,13000,19,2018.0,연립다세대,2023
성북구,13800,장위동,15.0,20231007,월세,18.03,200,20,2019.0,오피스텔,2023
성북구,13400,길음동,5.0,20231025,월세,84.93,40000,70,2019.0,아파트,2023
성북구,13500,종암동,,20230724,월세,18.0,300,30,1991.0,단독다가구,2023
성북구,12500,안암동5가,,20230724,월세,18.0,1000,65,2016.0,단독다가구,2023
성북구,13600,하월곡동,,20230715,월세,56.15,1000,50,1993.0,단독다가구,2023
성북구,11900,동선동4가,,20230808,월세,23.14,3000,30,,단독다가구,2023
성북구,13900,석관동,6.0,20230817,월세,12.38,1000,50,2010.0,연립다세대,2023
성북구,13600,하월곡동,,20230718,월세,26.0,500,40,1991.0,단독다가구,2023
성북구,12500,안암동5가,,20230718,월세,26.44,1000,95,2002.0,단독다가구,2023
성북구,13600,하월곡동,,20231220,월세,31.32,500,35,1991.0,단독다가구,2023
성북구,13500,종암동,2.0,20231010,월세,40.95,10000,18,1988.0,연립다세대,2023
성북구,13500,종암동,,20230712,월세,80.43,20000,40,1975.0,단독다가구,2023
성북구,13300,정릉동,,20230727,월세,17.4,1000,50,2019.0,단독다가구,2023
성북구,12500,안암동5가,,20230808,월세,26.0,500,40,1994.0,단독다가구,2023
성북구,13300,정릉동,3.0,20230920,월세,16.56,1100,71,2023.0,연립다세대,2023
성북구,10800,동소문동5가,,20231220,월세,33.0,2000,100,1991.0,단독다가구,2023
성북구,12100,안암동1가,,20230803,월세,18.0,300,35,1994.0,단독다가구,2023
성북구,13300,정릉동,,20230902,월세,27.78,500,45,1979.0,단독다가구,2023
성북구,13500,종암동,,20230731,월세,12.76,500,50,1998.0,단독다가구,2023
성북구,13800,장위동,,20230719,월세,38.0,200,35,1989.0,단독다가구,2023
성북구,13800,장위동,,20230719,월세,38.92,300,35,1989.0,단독다가구,2023
성북구,11100,삼선동1가,,20230719,월세,39.0,1000,48,1997.0,단독다가구,2023
성북구,11500,삼선동5가,,20230719,월세,39.0,10000,40,1989.0,단독다가구,2023
성북구,13300,정릉동,1.0,20230917,월세,59.98,5000,150,2008.0,아파트,2023
성북구,13300,정릉동,7.0,20230809,월세,84.56,7000,160,2015.0,아파트,2023
성북구,13300,정릉동,1.0,20230914,월세,43.11,4000,70,2015.0,연립다세대,2023
성북구,13100,보문동2가,1.0,20230824,월세,17.98,9000,2,2012.0,연립다세대,2023
성북구,13600,하월곡동,17.0,20230827,월세,15.62,2000,45,2013.0,아파트,2023
성북구,11200,삼선동2가,,20231130,월세,14.0,300,32,1998.0,단독다가구,2023
성북구,13800,장위동,8.0,20231010,월세,14.71,3000,36,2019.0,아파트,2023
성북구,13300,정릉동,4.0,20231007,월세,53.66,11000,50,2012.0,연립다세대,2023
성북구,12800,보문동6가,,20230825,월세,40.0,2000,60,1992.0,단독다가구,2023
성북구,10300,돈암동,,20230720,월세,53.79,3000,50,1989.0,단독다가구,2023
성북구,10300,돈암동,3.0,20231019,월세,48.6,10000,50,2001.0,연립다세대,2023
성북구,12200,안암동2가,,20231217,월세,34.67,2000,50,1997.0,단독다가구,2023
성북구,13600,하월곡동,,20230801,월세,28.0,500,35,1992.0,단독다가구,2023
성북구,11700,동선동2가,,20230720,월세,55.85,13000,30,2003.0,단독다가구,2023
성북구,11700,동선동2가,,20230720,월세,55.85,13000,3,2003.0,단독다가구,2023
성북구,12500,안암동5가,,20230902,월세,31.39,2000,45,1993.0,단독다가구,2023
성북구,10300,돈암동,12.0,20230908,월세,59.58,26500,30,1998.0,아파트,2023
성북구,11000,동소문동7가,,20230805,월세,53.64,13000,60,1994.0,단독다가구,2023
성북구,13300,정릉동,6.0,20230923,월세,60.0,13000,70,2005.0,아파트,2023
성북구,13900,석관동,,20231202,월세,33.6,500,35,1991.0,단독다가구,2023
성북구,13800,장위동,4.0,20231013,월세,66.97,3000,30,2002.0,연립다세대,2023
성북구,11100,삼선동1가,,20231208,월세,23.1,500,35,1986.0,단독다가구,2023
성북구,13900,석관동,,20230822,월세,25.0,1000,43,1986.0,단독다가구,2023
성북구,12500,안암동5가,,20230724,월세,20.0,1000,60,1997.0,단독다가구,2023
성북구,13300,정릉동,,20230718,월세,33.3,4000,30,1991.0,단독다가구,2023
성북구,13300,정릉동,3.0,20231106,월세,75.48,22000,30,2002.0,연립다세대,2023
성북구,13300,정릉동,,20230819,월세,60.0,1000,68,2005.0,단독다가구,2023
성북구,13900,석관동,6.0,20230814,월세,51.77,12000,60,2017.0,연립다세대,2023
성북구,13500,종암동,6.0,20230923,월세,75.5,20000,60,1996.0,아파트,2023
성북구,12900,보문동7가,,20231004,월세,16.0,500,30,2008.0,단독다가구,2023
성북구,10700,동소문동4가,,20230727,월세,19.0,1000,50,2002.0,단독다가구,2023
성북구,13800,장위동,,20230805,월세,66.81,11000,39,1967.0,단독다가구,2023
성북구,11500,삼선동5가,2.0,20230920,월세,49.8,29000,5,2014.0,연립다세대,2023
성북구,13300,정릉동,,20230830,월세,32.76,7000,20,1992.0,단독다가구,2023
성북구,13300,정릉동,,20230721,월세,36.0,500,50,1967.0,단독다가구,2023
성북구,13500,종암동,4.0,20230920,월세,55.7,6000,35,2015.0,연립다세대,2023
성북구,13900,석관동,,20230805,월세,77.19,4000,80,1990.0,단독다가구,2023
성북구,13900,석관동,,20230805,월세,77.19,2000,90,1990.0,단독다가구,2023
성북구,13900,석관동,13.0,20231123,월세,84.94,10000,210,2019.0,아파트,2023
성북구,11800,동선동3가,,20230727,월세,20.0,500,45,2001.0,단독다가구,2023
성북구,13900,석관동,,20230727,월세,20.0,500,47,2015.0,단독다가구,2023
성북구,10400,동소문동1가,,20230808,월세,35.0,5000,55,1997.0,단독다가구,2023
성북구,11200,삼선동2가,5.0,20231103,월세,44.13,25000,20,2016.0,연립다세대,2023
성북구,13500,종암동,,20230822,월세,26.0,500,40,1974.0,단독다가구,2023
성북구,13700,상월곡동,,20231004,월세,16.52,3000,40,2016.0,단독다가구,2023
성북구,13800,장위동,2.0,20230914,월세,25.23,7000,14,2020.0,연립다세대,2023
성북구,13400,길음동,16.0,20231120,월세,84.98,10000,250,2022.0,아파트,2023
성북구,13500,종암동,,20230718,월세,40.0,1000,35,2001.0,단독다가구,2023
성북구,11100,삼선동1가,1.0,20231010,월세,34.41,3000,82,2016.0,연립다세대,2023
성북구,13900,석관동,,20230721,월세,40.0,1500,35,1992.0,단독다가구,2023
성북구,13300,정릉동,9.0,20231109,월세,84.92,20000,80,2009.0,아파트,2023
성북구,11200,삼선동2가,,20230727,월세,21.0,5000,30,1993.0,단독다가구,2023
성북구,13900,석관동,,20230830,월세,35.0,1000,55,1990.0,단독다가구,2023
성북구,11800,동선동3가,3.0,20231109,월세,26.52,1000,47,2003.0,연립다세대,2023
성북구,12900,보문동7가,,20230721,월세,41.0,1000,65,1990.0,단독다가구,2023
성북구,12200,안암동2가,,20230718,월세,44.16,2000,70,1992.0,단독다가구,2023
성북구,13800,장위동,,20230825,월세,43.66,1000,50,1994.0,단독다가구,2023
성북구,13300,정릉동,-1.0,20231106,월세,30.21,1000,40,1991.0,연립다세대,2023
성북구,13300,정릉동,,20230718,월세,46.95,500,42,1993.0,단독다가구,2023
성북구,10300,돈암동,,20231220,월세,40.0,4500,15,1987.0,단독다가구,2023
성북구,11400,삼선동4가,,20230825,월세,45.0,2000,70,1994.0,단독다가구,2023
성북구,11900,동선동4가,5.0,20231028,월세,30.13,4000,55,2017.0,연립다세대,2023
성북구,13800,장위동,,20230718,월세,50.84,1000,60,1970.0,단독다가구,2023
성북구,13900,석관동,,20230808,월세,36.88,5000,60,2018.0,단독다가구,2023
성북구,13500,종암동,,20231202,월세,40.0,500,30,1993.0,단독다가구,2023
성북구,13500,종암동,,20230830,월세,40.0,1000,55,1992.0,단독다가구,2023
성북구,13800,장위동,,20230727,월세,27.0,10000,30,1995.0,단독다가구,2023
성북구,13600,하월곡동,4.0,20230920,월세,47.14,4943,11,2018.0,연립다세대,2023
성북구,11300,삼선동3가,,20230721,월세,49.52,1000,50,1996.0,단독다가구,2023
성북구,11500,삼선동5가,,20230822,월세,29.72,8000,30,2016.0,단독다가구,2023
성북구,11700,동선동2가,,20230727,월세,28.0,1000,73,2016.0,단독다가구,2023
성북구,11100,삼선동1가,,20230830,월세,40.29,1000,50,1991.0,단독다가구,2023
성북구,13900,석관동,,20230724,월세,33.0,500,30,1994.0,단독다가구,2023
성북구,10300,돈암동,4.0,20230817,월세,59.99,20000,86,2004.0,아파트,2023
성북구,12800,보문동6가,,20230801,월세,30.0,1000,60,1991.0,단독다가구,2023
성북구,13300,정릉동,,20230720,월세,85.69,500,50,2018.0,단독다가구,2023
성북구,13700,상월곡동,,20230721,월세,54.0,1500,58,1993.0,단독다가구,2023
성북구,13300,정릉동,,20230908,월세,15.0,1000,50,2019.0,단독다가구,2023
성북구,11600,동선동1가,,20230908,월세,15.0,100,28,,단독다가구,2023
성북구,10100,성북동,,20230718,월세,66.0,3000,60,1994.0,단독다가구,2023
성북구,13600,하월곡동,,20230724,월세,33.66,1000,55,1995.0,단독다가구,2023
성북구,12500,안암동5가,,20230802,월세,20.0,500,40,2001.0,단독다가구,2023
성북구,11100,삼선동1가,,20230802,월세,20.0,1000,55,2009.0,단독다가구,2023
성북구,13600,하월곡동,,20230802,월세,20.0,3500,10,1992.0,단독다가구,2023
성북구,11100,삼선동1가,,20230724,월세,34.15,500,50,1967.0,단독다가구,2023
성북구,11500,삼선동5가,,20230905,월세,18.0,1000,30,2010.0,단독다가구,2023
성북구,12500,안암동5가,,20230908,월세,16.5,500,45,2001.0,단독다가구,2023
성북구,13700,상월곡동,,20230925,월세,16.0,1000,50,2013.0,단독다가구,2023
성북구,13800,장위동,,20230902,월세,50.0,5000,40,1997.0,단독다가구,2023
성북구,13300,정릉동,4.0,20230817,월세,55.56,4300,75,2016.0,연립다세대,2023
성북구,12500,안암동5가,,20230725,월세,30.0,2000,75,2016.0,단독다가구,2023
성북구,11900,동선동4가,,20231004,월세,21.46,500,50,1994.0,단독다가구,2023
성북구,13300,정릉동,,20231111,월세,47.11,5000,10,1994.0,단독다가구,2023
성북구,13500,종암동,,20230719,월세,49.14,1000,55,1993.0,단독다가구,2023
성북구,13700,상월곡동,,20230731,월세,17.0,5000,35,2018.0,단독다가구,2023
성북구,12500,안암동5가,,20230803,월세,19.83,3000,85,2023.0,단독다가구,2023
성북구,11200,삼선동2가,,20230722,월세,45.0,1000,75,1991.0,단독다가구,2023
성북구,12700,보문동5가,,20230803,월세,20.0,500,40,2011.0,단독다가구,2023
성북구,12700,보문동5가,,20230719,월세,51.73,3000,70,1992.0,단독다가구,2023
성북구,13000,보문동1가,6.0,20231028,월세,59.79,40000,77,2022.0,아파트,2023
성북구,11100,삼선동1가,,20230722,월세,46.97,2000,75,1992.0,단독다가구,2023
성북구,13800,장위동,,20230722,월세,47.02,5000,35,1990.0,단독다가구,2023
성북구,13900,석관동,,20231220,월세,47.1,11000,20,1992.0,단독다가구,2023
성북구,12100,안암동1가,,20230830,월세,50.0,1000,75,1996.0,단독다가구,2023
성북구,13300,정릉동,3.0,20230828,월세,29.73,5000,95,2023.0,연립다세대,2023
성북구,12100,안암동1가,,20230728,월세,38.51,1000,65,1993.0,단독다가구,2023
성북구,13300,정릉동,,20231004,월세,25.0,1000,120,2019.0,단독다가구,2023
성북구,13300,정릉동,1.0,20230814,월세,37.71,12000,10,1991.0,연립다세대,2023
성북구,13700,상월곡동,5.0,20230916,월세,84.97,19000,65,2003.0,아파트,2023
성북구,13700,상월곡동,,20230825,월세,53.16,7000,50,1966.0,단독다가구,2023
성북구,13500,종암동,,20231202,월세,48.84,1000,40,1993.0,단독다가구,2023
성북구,10100,성북동,,20230925,월세,20.0,2000,50,,단독다가구,2023
성북구,13500,종암동,,20231111,월세,48.84,300,47,1993.0,단독다가구,2023
성북구,13500,종암동,,20231111,월세,48.84,1000,40,1993.0,단독다가구,2023
성북구,13500,종암동,,20230731,월세,19.8,200,40,2009.0,단독다가구,2023
성북구,13300,정릉동,,20230719,월세,71.96,1000,65,,단독다가구,2023
성북구,13800,장위동,,20230722,월세,55.76,3000,52,2002.0,단독다가구,2023
성북구,10300,돈암동,6.0,20230906,월세,41.58,1000,80,1991.0,아파트,2023
성북구,12700,보문동5가,2.0,20231118,월세,13.16,6400,15,2008.0,연립다세대,2023
성북구,13400,길음동,,20230725,월세,38.12,8500,13,1996.0,단독다가구,2023
성북구,13500,종암동,,20230728,월세,41.58,1000,68,2002.0,단독다가구,2023
성북구,13400,길음동,2.0,20231016,월세,58.64,6680,18,2022.0,연립다세대,2023
성북구,10500,동소문동2가,,20231208,월세,33.8,200,30,,단독다가구,2023
성북구,13300,정릉동,,20230728,월세,42.84,7000,35,1996.0,단독다가구,2023
성북구,10700,동소문동4가,2.0,20231022,월세,16.81,500,40,2011.0,연립다세대,2023
성북구,13400,길음동,10.0,20231129,월세,84.97,5000,160,2005.0,아파트,2023
성북구,11100,삼선동1가,,20231004,월세,27.44,500,50,1987.0,단독다가구,2023
성북구,13500,종암동,,20230902,월세,64.53,3000,115,1974.0,단독다가구,2023
성북구,13600,하월곡동,,20230830,월세,50.88,11000,40,1991.0,단독다가구,2023
성북구,10900,동소문동6가,6.0,20231118,월세,18.44,1000,80,2015.0,오피스텔,2023
성북구,13800,장위동,17.0,20231115,월세,18.03,1000,60,2019.0,오피스텔,2023
성북구,12000,동선동5가,,20231220,월세,53.68,10000,35,1994.0,단독다가구,2023
성북구,11800,동선동3가,,20231202,월세,52.0,4000,50,1992.0,단독다가구,2023
성북구,12700,보문동5가,,20231004,월세,30.0,1000,50,2002.0,단독다가구,2023
성북구,10300,돈암동,9.0,20231103,월세,132.96,5000,250,1998.0,아파트,2023
성북구,11800,동선동3가,,20230908,월세,21.0,500,50,1992.0,단독다가구,2023
성북구,13400,길음동,,20230726,월세,47.0,300,60,1992.0,단독다가구,2023
성북구,13300,정릉동,,20230802,월세,22.0,500,40,2010.0,단독다가구,2023
성북구,12700,보문동5가,,20230727,월세,34.0,2000,70,1992.0,단독다가구,2023
성북구,13500,종암동,20.0,20231028,월세,59.99,4000,106,2004.0,아파트,2023
성북구,12100,안암동1가,,20231202,월세,55.83,6000,70,1991.0,단독다가구,2023
성북구,13600,하월곡동,,20230806,월세,16.0,1000,45,2009.0,단독다가구,2023
성북구,13400,길음동,,20230908,월세,23.0,1000,50,,단독다가구,2023
성북구,10300,돈암동,6.0,20230922,월세,41.58,4000,65,1991.0,아파트,2023
성북구,10300,돈암동,2.0,20230922,월세,68.76,5000,100,1991.0,아파트,2023
성북구,13700,상월곡동,,20230806,월세,16.52,4000,33,,단독다가구,2023
성북구,12500,안암동5가,,20230806,월세,17.0,500,49,1997.0,단독다가구,2023
성북구,10800,동소문동5가,19.0,20230824,월세,14.02,16000,20,2018.0,아파트,2023
성북구,13900,석관동,18.0,20230906,월세,84.9,38500,5,1998.0,아파트,2023
성북구,13300,정릉동,,20230724,월세,49.34,11000,25,1992.0,단독다가구,2023
성북구,13700,상월곡동,,20231208,월세,39.66,1000,65,2018.0,단독다가구,2023
성북구,13400,길음동,,20230724,월세,52.89,3000,55,1991.0,단독다가구,2023
성북구,11200,삼선동2가,5.0,20231022,월세,59.95,5000,170,2008.0,아파트,2023
성북구,13500,종암동,,20230724,월세,53.46,1000,50,1997.0,단독다가구,2023
성북구,13500,종암동,,20231205,월세,15.0,3000,30,,단독다가구,2023
성북구,12500,안암동5가,,20230806,월세,20.0,2000,60,,단독다가구,2023
성북구,13700,상월곡동,2.0,20230824,월세,123.5,8000,120,1998.0,연립다세대,2023
성북구,13900,석관동,,20230925,월세,29.0,500,40,1991.0,단독다가구,2023
성북구,10100,성북동,,20230822,월세,36.36,1000,100,2016.0,단독다가구,2023
성북구,12100,안암동1가,,20231214,월세,45.0,15000,35,1995.0,단독다가구,2023
성북구,11800,동선동3가,,20230925,월세,30.0,1000,60,1991.0,단독다가구,2023
성북구,12100,안암동1가,,20230908,월세,26.4,2000,60,1994.0,단독다가구,2023
성북구,12000,동선동5가,,20231130,월세,21.0,500,30,1993.0,단독다가구,2023
성북구,13500,종암동,,20230802,월세,33.0,1000,45,2004.0,단독다가구,2023
성북구,13600,하월곡동,,20230825,월세,71.23,3000,70,2002.0,단독다가구,2023
성북구,13800,장위동,,20231004,월세,36.73,1000,60,1969.0,단독다가구,2023
성북구,10100,성북동,,20230825,월세,74.72,10000,80,1985.0,단독다가구,2023
성북구,12700,보문동5가,,20231004,월세,37.26,3000,45,1993.0,단독다가구,2023
성북구,13400,길음동,,20231004,월세,37.35,1000,40,1996.0,단독다가구,2023
성북구,13300,정릉동,7.0,20231007,월세,84.92,20000,60,1999.0,아파트,2023
성북구,12300,안암동3가,,20231208,월세,41.4,5000,70,1992.0,단독다가구,2023
성북구,13600,하월곡동,,20231007,월세,49.39,6000,55,1968.0,단독다가구,2023
성북구,13300,정릉동,,20230902,월세,147.9,1000,75,1994.0,단독다가구,2023
성북구,12200,안암동2가,,20230925,월세,31.44,300,47,1993.0,단독다가구,2023
성북구,13400,길음동,18.0,20230916,월세,59.69,10000,170,2019.0,아파트,2023
성북구,13300,정릉동,2.0,20231226,월세,48.0,2500,57,1990.0,연립다세대,2023
성북구,13600,하월곡동,,20230925,월세,33.0,300,30,1994.0,단독다가구,2023
성북구,13500,종암동,,20231208,월세,43.0,8000,25,1996.0,단독다가구,2023
성북구,13600,하월곡동,,20230728,월세,46.26,3000,60,1987.0,단독다가구,2023
성북구,11200,삼선동2가,,20230725,월세,46.68,1000,60,1996.0,단독다가구,2023
성북구,12600,보문동4가,,20230731,월세,22.0,500,40,1993.0,단독다가구,2023
성북구,12200,안암동2가,,20231214,월세,49.92,1000,65,1992.0,단독다가구,2023
성북구,13600,하월곡동,,20230803,월세,28.73,500,45,1993.0,단독다가구,2023
성북구,12500,안암동5가,,20231124,월세,20.0,5000,45,2018.0,단독다가구,2023
성북구,13800,장위동,,20230925,월세,35.0,500,30,,단독다가구,2023
성북구,12200,안암동2가,,20231130,월세,23.2,1000,70,2004.0,단독다가구,2023
성북구,10800,동소문동5가,10.0,20230912,월세,84.96,25000,130,2006.0,아파트,2023
성북구,10300,돈암동,3.0,20230912,월세,32.23,1039,14,1999.0,아파트,2023
성북구,13300,정릉동,,20230809,월세,16.5,500,42,2018.0,단독다가구,2023
성북구,11100,삼선동1가,,20230731,월세,26.0,500,35,1992.0,단독다가구,2023
성북구,13800,장위동,,20230725,월세,57.66,1000,55,1990.0,단독다가구,2023
성북구,12300,안암동3가,,20230725,월세,60.0,1000,135,2002.0,단독다가구,2023
성북구,13400,길음동,4.0,20231115,월세,58.64,6750,18,2022.0,연립다세대,2023
성북구,11200,삼선동2가,,20231004,월세,42.91,3454,9,,단독다가구,2023
성북구,13800,장위동,18.0,20230916,월세,59.99,33000,50,2020.0,아파트,2023
성북구,13800,장위동,20.0,20230916,월세,59.99,10000,130,2020.0,아파트,2023
성북구,13800,장위동,5.0,20230828,월세,29.47,5000,75,2021.0,연립다세대,2023
성북구,13500,종암동,5.0,20231118,월세,84.73,30000,90,2005.0,아파트,2023
성북구,13400,길음동,6.0,20231123,월세,59.78,20000,145,2022.0,아파트,2023
성북구,12100,안암동1가,,20230731,월세,30.0,1000,50,1992.0,단독다가구,2023
성북구,13500,종암동,,20230725,월세,76.44,3000,70,1986.0,단독다가구,2023
성북구,13900,석관동,,20230911,월세,20.0,1000,50,2017.0,단독다가구,2023
성북구,13300,정릉동,4.0,20231203,월세,14.32,500,50,2013.0,연립다세대,2023
성북구,12200,안암동2가,,20231124,월세,20.5,1000,58,2017.0,단독다가구,2023
성북구,12000,동선동5가,,20230728,월세,81.09,30000,60,1987.0,단독다가구,2023
성북구,11100,삼선동1가,3.0,20230820,월세,73.32,0,55,2008.0,연립다세대,2023
성북구,11500,삼선동5가,,20230925,월세,39.0,3000,60,1993.0,단독다가구,2023
성북구,13800,장위동,2.0,20230916,월세,59.92,30000,70,2021.0,아파트,2023
성북구,12300,안암동3가,,20230725,월세,134.23,1000,165,2002.0,단독다가구,2023
성북구,13400,길음동,,20230809,월세,19.8,5000,15,2012.0,단독다가구,2023
성북구,11400,삼선동4가,,20230918,월세,59.64,1000,65,1996.0,단독다가구,2023
성북구,13500,종암동,,20230726,월세,54.67,3000,90,1998.0,단독다가구,2023
성북구,13300,정릉동,1.0,20231223,월세,29.08,14000,25,2019.0,연립다세대,2023
성북구,13800,장위동,14.0,20231226,월세,32.32,1500,70,2020.0,아파트,2023
성북구,11700,동선동2가,,20230726,월세,55.26,9000,40,1993.0,단독다가구,2023
성북구,13200,보문동3가,,20230925,월세,39.66,500,45,1993.0,단독다가구,2023
성북구,13300,정릉동,,20230809,월세,20.0,1000,82,2019.0,단독다가구,2023
성북구,12400,안암동4가,4.0,20231118,월세,50.68,14000,30,1969.0,아파트,2023
성북구,11000,동소문동7가,,20231103,월세,14.58,3000,34,2023.0,단독다가구,2023
성북구,13500,종암동,,20230726,월세,61.5,500,60,1991.0,단독다가구,2023
성북구,12700,보문동5가,,20231124,월세,22.0,1000,45,2011.0,단독다가구,2023
성북구,13800,장위동,7.0,20230909,월세,84.94,5000,198,2020.0,아파트,2023
성북구,11300,삼선동3가,4.0,20231118,월세,49.32,17500,15,2002.0,연립다세대,2023
성북구,12000,동선동5가,,20231130,월세,27.48,1000,50,1998.0,단독다가구,2023
성북구,13400,길음동,,20231124,월세,23.0,500,50,2019.0,단독다가구,2023
성북구,12500,안암동5가,,20230809,월세,21.45,500,40,2000.0,단독다가구,2023
성북구,13800,장위동,7.0,20230909,월세,84.97,34000,60,2021.0,아파트,2023
성북구,11500,삼선동5가,,20230729,월세,69.41,15000,15,2001.0,단독다가구,2023
성북구,10100,성북동,,20230801,월세,38.4,1000,120,2016.0,단독다가구,2023
성북구,12500,안암동5가,,20230814,월세,16.0,300,53,1991.0,단독다가구,2023
성북구,12500,안암동5가,,20230817,월세,15.0,500,40,2001.0,단독다가구,2023
성북구,13600,하월곡동,17.0,20231025,월세,79.25,20000,80,2004.0,아파트,2023
성북구,13600,하월곡동,,20230727,월세,68.25,4000,70,2015.0,단독다가구,2023
성북구,13700,상월곡동,,20230727,월세,68.53,2000,75,1989.0,단독다가구,2023
성북구,12800,보문동6가,,20230730,월세,42.17,1000,55,1994.0,단독다가구,2023
성북구,10900,동소문동6가,,20231103,월세,16.89,5000,35,1989.0,단독다가구,2023
성북구,13300,정릉동,1.0,20230824,월세,43.2,2000,42,1989.0,연립다세대,2023
성북구,13800,장위동,,20230925,월세,44.59,30000,30,,단독다가구,2023
성북구,13900,석관동,,20230806,월세,47.79,10000,20,2003.0,단독다가구,2023
성북구,11200,삼선동2가,,20231004,월세,56.59,3000,60,1997.0,단독다가구,2023
성북구,13300,정릉동,2.0,20231228,월세,14.92,1000,42,2012.0,연립다세대,2023
성북구,13400,길음동,,20230802,월세,40.0,500,50,1993.0,단독다가구,2023
성북구,10300,돈암동,2.0,20231218,월세,38.64,9000,5,2002.0,연립다세대,2023
성북구,10100,성북동,,20230817,월세,17.43,100,55,2020.0,단독다가구,2023
성북구,13300,정릉동,,20230911,월세,23.1,3000,15,,단독다가구,2023
성북구,12500,안암동5가,,20230911,월세,23.1,1000,70,2018.0,단독다가구,2023
성북구,13300,정릉동,,20230814,월세,18.45,1538,9,,단독다가구,2023
성북구,13500,종암동,3.0,20230922,월세,84.99,56175,27,2011.0,아파트,2023
성북구,11100,삼선동1가,,20230925,월세,49.5,1000,45,2000.0,단독다가구,2023
성북구,13800,장위동,,20230802,월세,41.35,11000,15,1991.0,단독다가구,2023
성북구,13800,장위동,14.0,20231019,월세,14.71,500,65,2019.0,아파트,2023
성북구,13300,정릉동,,20230908,월세,35.0,3000,30,1994.0,단독다가구,2023
성북구,10300,돈암동,2.0,20231013,월세,84.98,36500,30,2005.0,아파트,2023
성북구,13300,정릉동,2.0,20231010,월세,17.1,1140,69,2023.0,연립다세대,2023
성북구,13900,석관동,10.0,20230922,월세,30.0,4922,10,2009.0,아파트,2023
성북구,11500,삼선동5가,,20230731,월세,34.5,500,60,1996.0,단독다가구,2023
성북구,13800,장위동,,20231130,월세,31.5,500,35,1990.0,단독다가구,2023
성북구,13800,장위동,,20230731,월세,35.2,1000,35,1987.0,단독다가구,2023
성북구,13400,길음동,,20230905,월세,33.0,1500,40,1994.0,단독다가구,2023
성북구,12400,안암동4가,,20231103,월세,20.0,6000,15,1996.0,단독다가구,2023
성북구,12500,안암동5가,,20230817,월세,21.5,200,50,1997.0,단독다가구,2023
성북구,13900,석관동,,20230817,월세,22.09,500,48,,단독다가구,2023
성북구,12500,안암동5가,,20230817,월세,23.0,500,44,1997.0,단독다가구,2023
성북구,12500,안암동5가,,20230928,월세,20.0,3000,75,2023.0,단독다가구,2023
성북구,13800,장위동,5.0,20231025,월세,46.44,4000,50,2002.0,연립다세대,2023
성북구,13800,장위동,1.0,20230922,월세,84.98,20000,150,2020.0,아파트,2023
성북구,11900,동선동4가,,20230925,월세,62.74,4000,50,1993.0,단독다가구,2023
성북구,11100,삼선동1가,,20230808,월세,42.37,10000,20,1997.0,단독다가구,2023
성북구,13500,종암동,1.0,20231112,월세,84.97,15000,130,2010.0,아파트,2023
성북구,12800,보문동6가,,20230814,월세,25.42,5000,30,,단독다가구,2023
성북구,13500,종암동,,20230814,월세,26.0,1000,70,1997.0,단독다가구,2023
성북구,13500,종암동,10.0,20230831,월세,59.99,33600,30,2004.0,아파트,2023
성북구,13300,정릉동,1.0,20231010,월세,74.57,5000,50,1983.0,연립다세대,2023
성북구,13800,장위동,,20230925,월세,78.02,3000,40,1972.0,단독다가구,2023
성북구,11300,삼선동3가,,20231127,월세,14.0,500,35,1983.0,단독다가구,2023
성북구,13900,석관동,,20230731,월세,44.85,1500,45,1994.0,단독다가구,2023
성북구,13300,정릉동,2.0,20231010,월세,84.82,2500,120,1992.0,연립다세대,2023
성북구,13300,정릉동,,20230925,월세,86.01,3000,80,1994.0,단독다가구,2023
성북구,13400,길음동,,20231130,월세,35.0,1000,25,1996.0,단독다가구,2023
성북구,13900,석관동,,20230803,월세,54.68,1000,70,1997.0,단독다가구,2023
성북구,11200,삼선동2가,,20230803,월세,54.7,8000,75,1997.0,단독다가구,2023
성북구,12100,안암동1가,,20230817,월세,30.0,1000,60,,단독다가구,2023
성북구,13600,하월곡동,,20230731,월세,48.77,6000,30,1994.0,단독다가구,2023
성북구,13500,종암동,,20230911,월세,29.43,10000,50,2022.0,단독다가구,2023
성북구,13600,하월곡동,,20230814,월세,33.0,1000,50,1990.0,단독다가구,2023
성북구,13900,석관동,5.0,20231121,월세,29.98,6000,60,2018.0,연립다세대,2023
성북구,11100,삼선동1가,,20230808,월세,59.98,15000,60,1995.0,단독다가구,2023
성북구,13800,장위동,25.0,20230919,월세,59.99,34650,50,2020.0,아파트,2023
성북구,13900,석관동,,20230731,월세,50.2,3000,70,2015.0,단독다가구,2023
성북구,13800,장위동,27.0,20230919,월세,84.94,10000,95,2020.0,아파트,2023
성북구,13500,종암동,,20230808,월세,66.11,3000,85,2003.0,단독다가구,2023
성북구,13600,하월곡동,,20230908,월세,39.66,1000,40,1992.0,단독다가구,2023
성북구,12200,안암동2가,2.0,20231129,월세,12.15,8000,10,2013.0,연립다세대,2023
성북구,13300,정릉동,,20230803,월세,121.24,3000,350,1986.0,단독다가구,2023
성북구,13600,하월곡동,,20230908,월세,40.0,1000,50,1993.0,단독다가구,2023
성북구,13500,종암동,,20230920,월세,15.0,5000,40,2002.0,단독다가구,2023
성북구,13900,석관동,1.0,20231010,월세,59.79,5000,85,1994.0,아파트,2023
성북구,11000,동소문동7가,,20231103,월세,25.9,2000,55,2016.0,단독다가구,2023
성북구,12800,보문동6가,6.0,20230906,월세,29.96,11708,30,2017.0,아파트,2023
성북구,12800,보문동6가,6.0,20230906,월세,29.96,10212,37,2017.0,아파트,2023
성북구,12800,보문동6가,12.0,20230906,월세,29.96,11708,30,2017.0,아파트,2023
성북구,12800,보문동6가,12.0,20230906,월세,29.96,10212,37,2017.0,아파트,2023
성북구,13900,석관동,,20231124,월세,33.6,500,35,1991.0,단독다가구,2023
성북구,10100,성북동,,20231130,월세,38.7,1000,130,2016.0,단독다가구,2023
성북구,13600,하월곡동,,20231106,월세,16.52,500,50,2011.0,단독다가구,2023
성북구,10100,성북동,3.0,20231010,월세,29.8,21000,24,2018.0,연립다세대,2023
성북구,11400,삼선동4가,3.0,20231215,월세,37.02,20000,50,2017.0,연립다세대,2023
성북구,12500,안암동5가,,20231124,월세,35.0,3000,47,1993.0,단독다가구,2023
성북구,11700,동선동2가,,20231103,월세,28.0,1000,67,1997.0,단독다가구,2023
성북구,13500,종암동,5.0,20231013,월세,30.09,10000,30,2015.0,연립다세대,2023
성북구,10800,동소문동5가,7.0,20230828,월세,16.67,1000,90,2017.0,아파트,2023
성북구,10300,돈암동,10.0,20230820,월세,84.87,10000,150,1998.0,아파트,2023
성북구,13600,하월곡동,3.0,20231209,월세,49.33,15000,30,2017.0,연립다세대,2023
성북구,13900,석관동,,20230914,월세,27.0,500,35,1994.0,단독다가구,2023
성북구,12200,안암동2가,,20231130,월세,39.92,4000,60,1994.0,단독다가구,2023
성북구,13300,정릉동,,20230920,월세,16.0,500,40,1977.0,단독다가구,2023
성북구,13500,종암동,3.0,20231028,월세,84.73,10000,160,2005.0,아파트,2023
성북구,13300,정릉동,2.0,20230824,월세,26.56,1000,84,2015.0,연립다세대,2023
성북구,13300,정릉동,10.0,20230824,월세,59.94,25000,25,2000.0,아파트,2023
성북구,11500,삼선동5가,,20231103,월세,29.72,1000,63,1993.0,단독다가구,2023
성북구,13300,정릉동,4.0,20230824,월세,37.58,2000,70,2008.0,연립다세대,2023
성북구,13600,하월곡동,,20231103,월세,30.0,500,25,1993.0,단독다가구,2023
성북구,13500,종암동,,20230911,월세,33.0,5000,80,2022.0,단독다가구,2023
성북구,13500,종암동,,20230911,월세,33.0,300,43,2004.0,단독다가구,2023
성북구,13800,장위동,,20230817,월세,41.4,10000,9,1996.0,단독다가구,2023
성북구,11300,삼선동3가,,20230801,월세,61.69,20000,10,1990.0,단독다가구,2023
성북구,13500,종암동,,20230914,월세,29.0,500,50,1990.0,단독다가구,2023
성북구,12500,안암동5가,,20230801,월세,64.41,1000,153,1990.0,단독다가구,2023
성북구,11500,삼선동5가,2.0,20230926,월세,24.42,5000,50,2017.0,연립다세대,2023
성북구,12500,안암동5가,,20230914,월세,30.0,1000,75,1994.0,단독다가구,2023
성북구,13300,정릉동,,20230914,월세,30.0,500,40,1996.0,단독다가구,2023
성북구,13300,정릉동,9.0,20231016,월세,84.99,25000,65,2006.0,아파트,2023
성북구,13800,장위동,,20230814,월세,50.4,12500,15,1988.0,단독다가구,2023
성북구,11200,삼선동2가,,20230809,월세,46.28,500,50,1996.0,단독다가구,2023
성북구,13300,정릉동,,20230817,월세,48.0,2000,60,1995.0,단독다가구,2023
성북구,11400,삼선동4가,12.0,20231013,월세,114.84,50000,60,1999.0,아파트,2023
성북구,13600,하월곡동,12.0,20231118,월세,84.88,10000,180,2007.0,아파트,2023
성북구,12100,안암동1가,,20230809,월세,49.28,2000,85,1994.0,단독다가구,2023
성북구,13300,정릉동,2.0,20231025,월세,45.0,1000,60,1994.0,연립다세대,2023
성북구,12500,안암동5가,,20230923,월세,19.5,500,40,1992.0,단독다가구,2023
성북구,13500,종암동,,20231106,월세,20.0,100,40,1984.0,단독다가구,2023
성북구,13300,정릉동,4.0,20230824,월세,27.91,5000,15,2014.0,연립다세대,2023
성북구,13900,석관동,,20230802,월세,58.5,7000,40,1996.0,단독다가구,2023
성북구,13900,석관동,,20230814,월세,61.75,5000,65,1991.0,단독다가구,2023
성북구,13900,석관동,11.0,20231010,월세,59.94,15000,60,1999.0,아파트,2023
성북구,13900,석관동,,20230809,월세,55.8,13000,40,1968.0,단독다가구,2023
성북구,13500,종암동,14.0,20231022,월세,59.68,5000,140,2005.0,아파트,2023
성북구,11000,동소문동7가,5.0,20231031,월세,66.55,3000,130,2012.0,연립다세대,2023
성북구,11400,삼선동4가,,20230817,월세,61.13,7000,60,1990.0,단독다가구,2023
성북구,13600,하월곡동,,20231111,월세,66.11,5000,50,1992.0,단독다가구,2023
성북구,10100,성북동,5.0,20231013,월세,59.88,5000,150,2022.0,연립다세대,2023
성북구,13300,정릉동,,20230809,월세,63.93,1000,60,1971.0,단독다가구,2023
성북구,13900,석관동,,20231130,월세,46.8,9700,16,1992.0,단독다가구,2023
성북구,13300,정릉동,,20230817,월세,72.39,10900,5,,단독다가구,2023
성북구,13800,장위동,,20230917,월세,24.72,500,40,1987.0,단독다가구,2023
성북구,13500,종암동,,20230815,월세,35.0,1000,55,1991.0,단독다가구,2023
성북구,11700,동선동2가,,20230914,월세,33.0,15000,10,1993.0,단독다가구,2023
성북구,11700,동선동2가,,20231127,월세,19.8,1000,35,,단독다가구,2023
성북구,13100,보문동2가,2.0,20230909,월세,25.16,500,55,2009.0,연립다세대,2023
성북구,13600,하월곡동,,20231130,월세,48.77,2000,40,1994.0,단독다가구,2023
성북구,12500,안암동5가,4.0,20231229,월세,12.21,1000,71,2011.0,연립다세대,2023
성북구,10900,동소문동6가,5.0,20231118,월세,16.1,2000,58,2014.0,연립다세대,2023
성북구,13300,정릉동,,20230820,월세,17.5,1000,45,2004.0,단독다가구,2023
성북구,11800,동선동3가,5.0,20230828,월세,25.96,3000,55,2001.0,연립다세대,2023
성북구,10100,성북동,,20231103,월세,38.8,3000,65,1992.0,단독다가구,2023
성북구,11500,삼선동5가,,20231106,월세,23.11,1000,50,1993.0,단독다가구,2023
성북구,13500,종암동,,20231124,월세,45.0,0,30,1986.0,단독다가구,2023
성북구,12100,안암동1가,,20231130,월세,51.12,1500,70,1998.0,단독다가구,2023
성북구,11900,동선동4가,,20230908,월세,47.25,3000,72,,단독다가구,2023
성북구,13400,길음동,20.0,20231008,월세,59.96,5000,155,2010.0,아파트,2023
성북구,13300,정릉동,,20230815,월세,42.07,1000,80,1993.0,단독다가구,2023
성북구,12700,보문동5가,,20231124,월세,47.28,11000,20,1993.0,단독다가구,2023
성북구,13400,길음동,9.0,20231223,월세,59.99,20000,70,2003.0,아파트,2023
성북구,13400,길음동,2.0,20231223,월세,59.99,28000,27,2003.0,아파트,2023
성북구,12100,안암동1가,,20231124,월세,48.06,5500,50,2005.0,단독다가구,2023
성북구,12200,안암동2가,,20231106,월세,26.0,500,43,1993.0,단독다가구,2023
성북구,13400,길음동,13.0,20231228,월세,113.23,30000,180,2007.0,아파트,2023
성북구,13400,길음동,2.0,20231229,월세,114.99,15000,240,2010.0,아파트,2023
성북구,13400,길음동,18.0,20231228,월세,84.96,40000,90,2010.0,아파트,2023
성북구,13300,정릉동,4.0,20231230,월세,84.87,20000,60,1999.0,아파트,2023
성북구,13800,장위동,,20230820,월세,23.0,300,33,,단독다가구,2023
성북구,13500,종암동,,20231103,월세,42.97,1000,35,1991.0,단독다가구,2023
성북구,13300,정릉동,4.0,20231118,월세,16.56,1000,73,2023.0,연립다세대,2023
성북구,13300,정릉동,,20231124,월세,50.88,1000,75,1989.0,단독다가구,2023
성북구,11800,동선동3가,,20230923,월세,23.1,1000,75,1992.0,단독다가구,2023
성북구,13600,하월곡동,38.0,20231016,월세,151.17,40000,400,2010.0,아파트,2023
성북구,13800,장위동,,20230820,월세,26.0,500,42,1993.0,단독다가구,2023
성북구,12800,보문동6가,,20231130,월세,63.37,1800,45,1993.0,단독다가구,2023
성북구,13300,정릉동,1.0,20230828,월세,59.26,3000,70,1999.0,아파트,2023
성북구,13800,장위동,,20230908,월세,50.0,5000,45,1995.0,단독다가구,2023
성북구,10300,돈암동,13.0,20231013,월세,59.58,2000,100,1998.0,아파트,2023
성북구,13300,정릉동,,20230815,월세,60.83,1000,60,1993.0,단독다가구,2023
성북구,13500,종암동,5.0,20230831,월세,60.9,10000,45,2008.0,연립다세대,2023
성북구,11900,동선동4가,4.0,20230922,월세,42.49,2000,80,2018.0,연립다세대,2023
성북구,13300,정릉동,,20230820,월세,30.0,500,50,1993.0,단독다가구,2023
성북구,13600,하월곡동,18.0,20231028,월세,59.98,10000,125,2007.0,아파트,2023
성북구,13300,정릉동,,20230908,월세,50.4,3000,60,2005.0,단독다가구,2023
성북구,10400,동소문동1가,,20230815,월세,66.85,15000,20,1995.0,단독다가구,2023
성북구,13300,정릉동,,20230820,월세,30.3,500,65,1990.0,단독다가구,2023
성북구,13500,종암동,,20231103,월세,52.0,5000,70,1996.0,단독다가구,2023
성북구,13900,석관동,,20230911,월세,41.05,4000,47,1994.0,단독다가구,2023
성북구,13800,장위동,7.0,20231118,월세,39.98,7000,80,2022.0,아파트,2023
성북구,13300,정릉동,2.0,20231121,월세,29.81,15000,30,2017.0,연립다세대,2023
성북구,13800,장위동,3.0,20230906,월세,45.24,13000,10,2001.0,연립다세대,2023
성북구,12100,안암동1가,,20231106,월세,35.0,500,50,1992.0,단독다가구,2023
성북구,10100,성북동,,20230911,월세,42.61,2000,50,1969.0,단독다가구,2023
성북구,10100,성북동,,20231127,월세,26.45,3000,80,,단독다가구,2023
성북구,13500,종암동,2.0,20231203,월세,114.75,41000,20,2000.0,아파트,2023
성북구,12500,안암동5가,,20230816,월세,45.0,600,95,1993.0,단독다가구,2023
성북구,12700,보문동5가,,20231106,월세,35.48,9000,20,1992.0,단독다가구,2023
성북구,11800,동선동3가,4.0,20231218,월세,57.35,10000,35,2002.0,연립다세대,2023
성북구,11500,삼선동5가,,20230923,월세,30.0,1000,42,1997.0,단독다가구,2023
성북구,11900,동선동4가,5.0,20230919,월세,14.02,8000,30,2017.0,연립다세대,2023
성북구,11900,동선동4가,,20230816,월세,49.0,5000,60,1993.0,단독다가구,2023
성북구,13600,하월곡동,4.0,20231019,월세,84.65,10000,50,2003.0,아파트,2023
성북구,11100,삼선동1가,,20230816,월세,49.39,1000,60,1994.0,단독다가구,2023
성북구,13300,정릉동,,20230816,월세,50.0,700,80,1994.0,단독다가구,2023
성북구,10300,돈암동,8.0,20230926,월세,59.5,30000,75,2014.0,아파트,2023
성북구,13400,길음동,5.0,20231206,월세,30.15,2910,5,2005.0,아파트,2023
성북구,13800,장위동,,20231103,월세,74.71,3000,60,1981.0,단독다가구,2023
성북구,13300,정릉동,3.0,20231222,월세,43.11,20000,5,2001.0,아파트,2023
성북구,13300,정릉동,2.0,20231223,월세,43.11,2000,70,2001.0,아파트,2023
성북구,13800,장위동,,20231106,월세,38.0,1000,25,1994.0,단독다가구,2023
성북구,13600,하월곡동,,20231103,월세,77.65,4800,50,1992.0,단독다가구,2023
성북구,10100,성북동,,20231106,월세,38.3,600,50,1990.0,단독다가구,2023
성북구,12800,보문동6가,1.0,20230922,월세,59.19,15000,140,2017.0,아파트,2023
성북구,11500,삼선동5가,8.0,20230811,월세,30.42,1000,60,2003.0,오피스텔,2023
성북구,10100,성북동,2.0,20230909,월세,134.84,10000,570,2010.0,연립다세대,2023
성북구,13300,정릉동,3.0,20231121,월세,16.08,1070,69,2023.0,연립다세대,2023
성북구,10300,돈암동,2.0,20231028,월세,84.98,5000,155,2005.0,아파트,2023
성북구,12200,안암동2가,,20230911,월세,46.52,1000,60,2021.0,단독다가구,2023
성북구,13900,석관동,,20230923,월세,31.54,500,29,1993.0,단독다가구,2023
성북구,13300,정릉동,2.0,20230828,월세,48.38,13000,20,2002.0,연립다세대,2023
성북구,13600,하월곡동,18.0,20231113,월세,15.62,1000,70,2013.0,아파트,2023
성북구,13600,하월곡동,8.0,20231113,월세,15.62,9900,10,2013.0,아파트,2023
성북구,10100,성북동,,20230914,월세,45.8,2000,70,1993.0,단독다가구,2023
성북구,11200,삼선동2가,,20230917,월세,36.72,1000,55,1992.0,단독다가구,2023
성북구,13800,장위동,,20230920,월세,31.05,300,30,1991.0,단독다가구,2023
성북구,13400,길음동,,20230908,월세,64.91,1500,50,1995.0,단독다가구,2023
성북구,13300,정릉동,,20230824,월세,18.0,500,50,2013.0,단독다가구,2023
성북구,13400,길음동,13.0,20230811,월세,59.98,5000,170,2010.0,아파트,2023
성북구,10300,돈암동,17.0,20230919,월세,59.79,10000,90,1998.0,아파트,2023
성북구,13800,장위동,10.0,20231218,월세,40.47,13722,36,2022.0,아파트,2023
성북구,13800,장위동,4.0,20231218,월세,40.47,12672,47,2022.0,아파트,2023
성북구,13300,정릉동,8.0,20231028,월세,59.96,20000,55,2008.0,아파트,2023
성북구,13300,정릉동,14.0,20231028,월세,85.0,10000,140,2006.0,아파트,2023
성북구,10300,돈암동,1.0,20231016,월세,59.58,11000,60,1998.0,아파트,2023
성북구,10300,돈암동,2.0,20231016,월세,59.58,3000,120,1998.0,아파트,2023
성북구,13300,정릉동,11.0,20231028,월세,60.0,10000,100,2005.0,아파트,2023
성북구,10300,돈암동,14.0,20231016,월세,84.87,10000,130,1998.0,아파트,2023
성북구,13800,장위동,1.0,20231104,월세,86.12,4000,50,1982.0,연립다세대,2023
성북구,12100,안암동1가,,20230824,월세,20.0,5000,30,1996.0,단독다가구,2023
성북구,12500,안암동5가,,20230824,월세,20.0,500,75,1993.0,단독다가구,2023
성북구,13300,정릉동,14.0,20230926,월세,43.11,1000,75,2001.0,아파트,2023
성북구,10900,동소문동6가,8.0,20230828,월세,13.2,5000,43,2013.0,아파트,2023
성북구,13800,장위동,5.0,20230912,월세,29.83,3000,80,2021.0,연립다세대,2023
성북구,13400,길음동,,20231010,월세,15.0,500,45,1970.0,단독다가구,2023
성북구,13700,상월곡동,1.0,20230811,월세,27.51,1000,50,1994.0,연립다세대,2023
성북구,11400,삼선동4가,6.0,20231107,월세,29.8,10000,59,2014.0,오피스텔,2023
성북구,13800,장위동,9.0,20230831,월세,39.65,5000,100,2022.0,아파트,2023
성북구,11800,동선동3가,,20230914,월세,51.57,10000,25,1998.0,단독다가구,2023
성북구,10900,동소문동6가,2.0,20231228,월세,28.47,1000,81,2003.0,오피스텔,2023
성북구,13800,장위동,1.0,20231118,월세,43.92,1000,60,1992.0,연립다세대,2023
성북구,10300,돈암동,6.0,20231222,월세,84.98,0,40,2013.0,아파트,2023
성북구,13400,길음동,,20230919,월세,50.46,11000,8,1994.0,단독다가구,2023
성북구,13300,정릉동,8.0,20230811,월세,43.11,5000,70,2001.0,아파트,2023
성북구,13800,장위동,-1.0,20231031,월세,57.63,500,40,1996.0,연립다세대,2023
성북구,13900,석관동,,20230914,월세,53.77,2000,35,1992.0,단독다가구,2023
성북구,11900,동선동4가,2.0,20231227,월세,24.88,3000,45,2008.0,오피스텔,2023
성북구,10100,성북동,,20231013,월세,19.1,200,30,1985.0,단독다가구,2023
성북구,11800,동선동3가,3.0,20231025,월세,32.56,1000,50,2001.0,연립다세대,2023
성북구,13300,정릉동,4.0,20231019,월세,57.84,12000,25,1999.0,아파트,2023
성북구,13800,장위동,3.0,20231025,월세,48.56,2182,28,2019.0,연립다세대,2023
성북구,13800,장위동,4.0,20231025,월세,59.92,7478,8,2019.0,연립다세대,2023
성북구,10200,성북동1가,5.0,20231019,월세,50.32,7030,2,2002.0,연립다세대,2023
성북구,13600,하월곡동,,20231013,월세,20.0,5000,10,2002.0,단독다가구,2023
성북구,13800,장위동,,20230905,월세,41.39,500,40,1966.0,단독다가구,2023
성북구,13900,석관동,,20230920,월세,36.0,7000,24,1996.0,단독다가구,2023
성북구,13800,장위동,,20230917,월세,42.9,500,30,1982.0,단독다가구,2023
성북구,11400,삼선동4가,,20230914,월세,59.64,500,50,1996.0,단독다가구,2023
성북구,11300,삼선동3가,11.0,20230919,월세,35.58,2112,21,2008.0,아파트,2023
성북구,11300,삼선동3가,4.0,20230919,월세,35.58,4218,9,2008.0,아파트,2023
성북구,11300,삼선동3가,4.0,20230919,월세,35.58,2112,21,2008.0,아파트,2023
성북구,13500,종암동,6.0,20230929,월세,59.73,3000,110,2004.0,아파트,2023
성북구,10100,성북동,3.0,20230909,월세,50.63,3000,90,1995.0,연립다세대,2023
성북구,13300,정릉동,5.0,20230919,월세,39.05,1000,120,2016.0,연립다세대,2023
성북구,13700,상월곡동,17.0,20230811,월세,59.95,5000,100,2003.0,아파트,2023
성북구,13800,장위동,6.0,20231215,월세,40.47,12672,47,2022.0,아파트,2023
성북구,13800,장위동,10.0,20231215,월세,40.47,13722,36,2022.0,아파트,2023
성북구,13800,장위동,26.0,20231215,월세,59.49,40000,50,2022.0,아파트,2023
성북구,11700,동선동2가,3.0,20231128,월세,32.64,3000,97,2017.0,연립다세대,2023
성북구,13900,석관동,5.0,20230926,월세,59.97,5000,110,1998.0,아파트,2023
성북구,13900,석관동,4.0,20230811,월세,84.9,30000,50,1998.0,아파트,2023
성북구,11100,삼선동1가,3.0,20231104,월세,29.7,4000,25,2011.0,연립다세대,2023
성북구,13300,정릉동,,20230911,월세,62.01,500,80,1992.0,단독다가구,2023
성북구,11400,삼선동4가,2.0,20230811,월세,12.25,2000,20,2010.0,연립다세대,2023
성북구,11500,삼선동5가,,20230923,월세,40.0,1000,65,1997.0,단독다가구,2023
성북구,12500,안암동5가,,20231010,월세,21.0,2000,70,,단독다가구,2023
성북구,12500,안암동5가,3.0,20231201,월세,28.19,1000,165,2022.0,연립다세대,2023
성북구,10300,돈암동,5.0,20231107,월세,41.75,3000,50,2018.0,연립다세대,2023
성북구,10300,돈암동,,20230911,월세,66.0,2000,70,1966.0,단독다가구,2023
성북구,13800,장위동,2.0,20230831,월세,25.2,12000,20,2021.0,연립다세대,2023
성북구,13500,종암동,7.0,20231025,월세,84.72,33000,50,1999.0,아파트,2023
성북구,13900,석관동,1.0,20231215,월세,29.26,21000,10,2018.0,연립다세대,2023
성북구,12900,보문동7가,3.0,20230831,월세,28.41,23000,20,2022.0,연립다세대,2023
성북구,12700,보문동5가,,20230920,월세,40.0,1000,65,1993.0,단독다가구,2023
성북구,13400,길음동,16.0,20231209,월세,59.37,4000,150,2007.0,아파트,2023
성북구,13600,하월곡동,14.0,20230906,월세,59.98,7500,145,2007.0,아파트,2023
성북구,13500,종암동,,20231010,월세,24.0,1000,80,1977.0,단독다가구,2023
성북구,13500,종암동,3.0,20230811,월세,59.97,5000,130,2009.0,아파트,2023
성북구,13400,길음동,1.0,20231209,월세,32.98,10000,65,2000.0,아파트,2023
성북구,13400,길음동,14.0,20230926,월세,59.97,5000,220,2019.0,아파트,2023
성북구,13800,장위동,11.0,20230811,월세,59.99,15000,120,2020.0,아파트,2023
성북구,13800,장위동,7.0,20231110,월세,124.82,10000,150,2003.0,아파트,2023
성북구,13400,길음동,2.0,20231226,월세,33.46,7242,19,2019.0,아파트,2023
성북구,13400,길음동,19.0,20231227,월세,33.46,7670,20,2019.0,아파트,2023
성북구,13400,길음동,3.0,20231228,월세,33.46,733,13,2019.0,아파트,2023
성북구,13400,길음동,15.0,20231229,월세,33.46,11864,43,2019.0,아파트,2023
성북구,10100,성북동,,20230828,월세,17.43,100,50,2020.0,단독다가구,2023
성북구,13400,길음동,10.0,20231222,월세,84.99,40000,137,2019.0,아파트,2023
성북구,13300,정릉동,,20230828,월세,17.86,1000,60,2020.0,단독다가구,2023
성북구,11500,삼선동5가,,20230911,월세,69.69,12000,50,1994.0,단독다가구,2023
성북구,11500,삼선동5가,,20230828,월세,18.0,1000,65,2021.0,단독다가구,2023
성북구,12500,안암동5가,,20230828,월세,18.0,300,42,1989.0,단독다가구,2023
성북구,10900,동소문동6가,,20231016,월세,16.53,500,40,2011.0,단독다가구,2023
성북구,13500,종암동,6.0,20231031,월세,59.86,25500,30,1999.0,아파트,2023
성북구,13900,석관동,,20231010,월세,28.0,1000,30,1993.0,단독다가구,2023
성북구,11700,동선동2가,,20230828,월세,19.8,1000,60,1997.0,단독다가구,2023
성북구,13900,석관동,,20230828,월세,20.0,300,30,1996.0,단독다가구,2023
성북구,13300,정릉동,2.0,20230906,월세,16.56,1000,71,2023.0,연립다세대,2023
성북구,13900,석관동,7.0,20231229,월세,39.01,8753,30,2019.0,아파트,2023
성북구,11300,삼선동3가,1.0,20230912,월세,84.99,30000,60,2002.0,아파트,2023
성북구,13900,석관동,,20231013,월세,33.0,500,35,1993.0,단독다가구,2023
성북구,11100,삼선동1가,,20230828,월세,21.0,500,50,1991.0,단독다가구,2023
성북구,12100,안암동1가,,20231016,월세,19.0,10000,10,2019.0,단독다가구,2023
성북구,10300,돈암동,16.0,20230831,월세,68.13,5000,120,1998.0,아파트,2023
성북구,13600,하월곡동,,20230824,월세,39.0,1500,70,2005.0,단독다가구,2023
성북구,10700,동소문동4가,5.0,20230912,월세,58.59,10900,70,1998.0,아파트,2023
성북구,13800,장위동,,20231013,월세,34.77,1000,40,1993.0,단독다가구,2023
성북구,13600,하월곡동,,20231013,월세,35.0,500,20,1992.0,단독다가구,2023
성북구,13900,석관동,,20230828,월세,24.0,3000,35,2003.0,단독다가구,2023
성북구,12500,안암동5가,,20231118,월세,18.0,2000,60,2019.0,단독다가구,2023
성북구,13800,장위동,,20230905,월세,45.59,1500,40,1995.0,단독다가구,2023
성북구,13800,장위동,3.0,20230922,월세,36.44,5085,6,2019.0,연립다세대,2023
성북구,13800,장위동,,20231013,월세,35.8,500,30,1990.0,단독다가구,2023
성북구,13300,정릉동,1.0,20230906,월세,66.21,13000,10,1989.0,연립다세대,2023
성북구,13300,정릉동,11.0,20230909,월세,59.94,4000,90,1999.0,아파트,2023
성북구,13300,정릉동,5.0,20230906,월세,44.07,3000,55,2002.0,연립다세대,2023
성북구,13500,종암동,,20230824,월세,43.0,500,35,1994.0,단독다가구,2023
성북구,12300,안암동3가,1.0,20231209,월세,58.45,1000,40,1971.0,아파트,2023
성북구,13800,장위동,2.0,20230916,월세,72.89,26000,5,2001.0,연립다세대,2023
성북구,13700,상월곡동,2.0,20231218,월세,59.95,13000,70,2003.0,아파트,2023
성북구,13400,길음동,6.0,20231005,월세,43.63,5441,3,2022.0,아파트,2023
성북구,13500,종암동,11.0,20231121,월세,59.04,5000,140,1999.0,아파트,2023
성북구,13500,종암동,2.0,20231121,월세,55.7,5000,130,2015.0,연립다세대,2023
성북구,13500,종암동,,20230828,월세,28.0,500,40,1995.0,단독다가구,2023
성북구,13400,길음동,6.0,20231226,월세,59.93,13516,21,2019.0,아파트,2023
성북구,13400,길음동,1.0,20231229,월세,59.93,13516,21,2019.0,아파트,2023
성북구,13400,길음동,19.0,20231227,월세,84.93,40000,80,2019.0,아파트,2023
성북구,13800,장위동,10.0,20230919,월세,18.03,1000,60,2019.0,오피스텔,2023
성북구,11700,동선동2가,,20230828,월세,30.0,1000,65,1994.0,단독다가구,2023
성북구,13800,장위동,,20230824,월세,48.0,1500,40,1996.0,단독다가구,2023
성북구,13500,종암동,,20230828,월세,30.0,5000,20,2002.0,단독다가구,2023
성북구,13400,길음동,14.0,20231223,월세,59.78,35000,90,2022.0,아파트,2023
성북구,13400,길음동,31.0,20231223,월세,84.77,30000,180,2022.0,아파트,2023
성북구,12800,보문동6가,,20230905,월세,47.05,3000,80,1992.0,단독다가구,2023
성북구,13500,종암동,,20230824,월세,51.17,17000,15,1973.0,단독다가구,2023
성북구,13500,종암동,,20230911,월세,87.72,6000,90,1988.0,단독다가구,2023
성북구,13800,장위동,4.0,20231115,월세,31.91,11000,30,1995.0,연립다세대,2023
성북구,13300,정릉동,8.0,20231209,월세,43.11,7000,50,2001.0,아파트,2023
성북구,13400,길음동,,20230828,월세,33.0,200,30,1991.0,단독다가구,2023
성북구,13300,정릉동,,20230824,월세,58.2,3000,55,1996.0,단독다가구,2023
성북구,13800,장위동,,20230911,월세,95.76,3000,60,1983.0,단독다가구,2023
성북구,13300,정릉동,,20230828,월세,34.76,500,42,1993.0,단독다가구,2023
성북구,13800,장위동,,20231010,월세,40.0,300,30,2004.0,단독다가구,2023
성북구,11400,삼선동4가,7.0,20231118,월세,84.87,20000,130,1999.0,아파트,2023
성북구,12700,보문동5가,,20230828,월세,35.65,1500,90,1991.0,단독다가구,2023
성북구,13800,장위동,,20230828,월세,36.0,500,29,1994.0,단독다가구,2023
성북구,13500,종암동,9.0,20231115,월세,114.75,25000,85,1999.0,아파트,2023
성북구,12100,안암동1가,,20231013,월세,45.53,1000,65,1992.0,단독다가구,2023
성북구,13400,길음동,5.0,20231110,월세,30.61,5215,3,2005.0,아파트,2023
성북구,13400,길음동,14.0,20231110,월세,84.97,45150,40,2005.0,아파트,2023
성북구,13400,길음동,10.0,20231110,월세,79.87,10000,80,1988.0,아파트,2023
성북구,13400,길음동,9.0,20231110,월세,114.91,10000,136,2003.0,아파트,2023
성북구,13300,정릉동,,20230903,월세,16.5,1000,50,2018.0,단독다가구,2023
성북구,13400,길음동,4.0,20230919,월세,58.64,2170,45,2022.0,연립다세대,2023
성북구,13400,길음동,4.0,20230919,월세,59.92,2248,43,2022.0,연립다세대,2023
성북구,13300,정릉동,,20230831,월세,17.33,500,30,1969.0,단독다가구,2023
성북구,13400,길음동,2.0,20231218,월세,33.46,7670,20,2019.0,아파트,2023
성북구,13300,정릉동,7.0,20230909,월세,59.98,5000,120,2005.0,아파트,2023
성북구,13300,정릉동,6.0,20230909,월세,59.88,10000,90,2005.0,아파트,2023
성북구,10100,성북동,5.0,20230916,월세,29.03,30000,5,2021.0,연립다세대,2023
성북구,13300,정릉동,,20231010,월세,46.0,5000,25,1992.0,단독다가구,2023
성북구,13300,정릉동,,20230831,월세,19.0,100,30,2008.0,단독다가구,2023
성북구,13300,정릉동,,20231013,월세,54.57,2000,60,1997.0,단독다가구,2023
성북구,13900,석관동,,20231010,월세,48.63,1000,50,1992.0,단독다가구,2023
성북구,13300,정릉동,2.0,20231101,월세,79.27,0,50,1979.0,연립다세대,2023
성북구,13600,하월곡동,8.0,20231203,월세,84.59,45050,45,2006.0,아파트,2023
성북구,13600,하월곡동,8.0,20231203,월세,84.59,45000,45,2006.0,아파트,2023
성북구,12100,안암동1가,4.0,20231019,월세,14.99,1000,53,2014.0,연립다세대,2023
성북구,13400,길음동,5.0,20231104,월세,59.77,3000,130,2005.0,아파트,2023
성북구,13900,석관동,,20231127,월세,30.74,300,44,1993.0,단독다가구,2023
성북구,12800,보문동6가,17.0,20230926,월세,84.99,45000,35,2017.0,아파트,2023
성북구,13800,장위동,,20231010,월세,55.77,500,50,1994.0,단독다가구,2023
성북구,10400,동소문동1가,,20230831,월세,26.0,6500,10,1994.0,단독다가구,2023
성북구,13700,상월곡동,,20231013,월세,78.58,3000,85,1992.0,단독다가구,2023
성북구,10500,동소문동2가,,20230831,월세,26.45,500,40,,단독다가구,2023
성북구,12000,동선동5가,,20230831,월세,26.88,1000,50,1974.0,단독다가구,2023
성북구,12900,보문동7가,,20231013,월세,89.68,3000,50,1995.0,단독다가구,2023
성북구,13800,장위동,,20230828,월세,67.4,4000,90,1993.0,단독다가구,2023
성북구,12300,안암동3가,,20230903,월세,26.4,1000,45,1995.0,단독다가구,2023
성북구,10300,돈암동,4.0,20231128,월세,81.82,5000,180,2003.0,아파트,2023
성북구,10400,동소문동1가,,20230831,월세,29.0,1000,62,2001.0,단독다가구,2023
성북구,13300,정릉동,,20230831,월세,30.0,5000,10,,단독다가구,2023
성북구,13400,길음동,13.0,20231206,월세,84.93,40000,93,2019.0,아파트,2023
성북구,10300,돈암동,13.0,20230906,월세,113.67,10000,160,1998.0,아파트,2023
성북구,10100,성북동,,20231010,월세,69.43,3000,160,,단독다가구,2023
성북구,13500,종암동,17.0,20231107,월세,84.96,5000,150,2000.0,아파트,2023
성북구,13300,정릉동,3.0,20231128,월세,44.79,2000,75,2002.0,연립다세대,2023
성북구,12700,보문동5가,3.0,20231116,월세,13.16,6400,15,2008.0,연립다세대,2023
성북구,11900,동선동4가,2.0,20231005,월세,21.13,1000,62,2011.0,오피스텔,2023
성북구,13400,길음동,2.0,20231215,월세,33.46,11492,30,2019.0,아파트,2023
성북구,13400,길음동,2.0,20231023,월세,60.1,2000,28,,연립다세대,2023
성북구,13400,길음동,3.0,20231125,월세,84.05,27500,100,2007.0,아파트,2023
성북구,13400,길음동,7.0,20231201,월세,30.61,3740,9,2005.0,아파트,2023
성북구,13400,길음동,7.0,20231201,월세,30.61,3826,9,2005.0,아파트,2023
성북구,12800,보문동6가,7.0,20231005,월세,29.96,11708,30,2017.0,아파트,2023
성북구,13600,하월곡동,4.0,20230926,월세,15.52,8000,10,2013.0,아파트,2023
성북구,13400,길음동,12.0,20231201,월세,59.37,5000,127,2007.0,아파트,2023
성북구,13500,종암동,1.0,20231215,월세,84.92,30000,80,2009.0,아파트,2023
성북구,13400,길음동,6.0,20231201,월세,59.99,40000,40,2010.0,아파트,2023
성북구,13700,상월곡동,,20231109,월세,30.0,1000,45,1993.0,단독다가구,2023
성북구,13300,정릉동,9.0,20231110,월세,43.11,2000,85,2001.0,아파트,2023
성북구,13300,정릉동,2.0,20230912,월세,59.9,20000,65,2009.0,아파트,2023
성북구,13900,석관동,,20230903,월세,33.28,5000,23,1991.0,단독다가구,2023
성북구,13900,석관동,6.0,20231020,월세,29.85,500,35,2018.0,연립다세대,2023
성북구,13800,장위동,2.0,20231008,월세,29.94,3000,90,2021.0,연립다세대,2023
성북구,13600,하월곡동,22.0,20230912,월세,59.98,10000,130,2007.0,아파트,2023
성북구,13900,석관동,7.0,20231020,월세,59.97,33000,10,1998.0,아파트,2023
성북구,13800,장위동,-1.0,20230922,월세,48.15,1000,60,2002.0,연립다세대,2023
성북구,13800,장위동,9.0,20231215,월세,36.14,8787,24,2020.0,아파트,2023
성북구,13800,장위동,12.0,20231215,월세,36.14,11750,31,2020.0,아파트,2023
성북구,13800,장위동,,20231127,월세,33.0,500,45,1992.0,단독다가구,2023
성북구,13800,장위동,,20230831,월세,40.0,300,30,1994.0,단독다가구,2023
성북구,11900,동선동4가,9.0,20231005,월세,27.32,1000,83,2017.0,오피스텔,2023
성북구,11300,삼선동3가,3.0,20231005,월세,84.95,2000,160,2012.0,아파트,2023
성북구,13800,장위동,4.0,20231026,월세,42.27,5000,90,2020.0,연립다세대,2023
성북구,10300,돈암동,17.0,20231023,월세,84.59,38800,50,1999.0,아파트,2023
성북구,13600,하월곡동,20.0,20230922,월세,84.88,16000,138,2007.0,아파트,2023
성북구,13900,석관동,,20231106,월세,49.38,5000,37,1992.0,단독다가구,2023
성북구,13400,길음동,8.0,20231209,월세,59.97,10000,135,2019.0,아파트,2023
성북구,13300,정릉동,7.0,20230916,월세,84.09,10000,125,2005.0,아파트,2023
성북구,10700,동소문동4가,3.0,20231023,월세,59.1,5000,85,2004.0,연립다세대,2023
성북구,13500,종암동,12.0,20231209,월세,59.98,40000,25,2011.0,아파트,2023
성북구,13900,석관동,,20230831,월세,45.0,500,55,1997.0,단독다가구,2023
성북구,10100,성북동,4.0,20230922,월세,71.81,30000,10,2003.0,연립다세대,2023
성북구,13400,길음동,3.0,20231215,월세,59.93,13516,21,2019.0,아파트,2023
성북구,13400,길음동,7.0,20231215,월세,59.93,13516,21,2019.0,아파트,2023
성북구,13400,길음동,17.0,20231215,월세,59.93,13516,21,2019.0,아파트,2023
성북구,13400,길음동,2.0,20231215,월세,59.93,13516,21,2019.0,아파트,2023
성북구,13400,길음동,15.0,20231215,월세,59.93,13516,21,2019.0,아파트,2023
성북구,13400,길음동,4.0,20231215,월세,59.93,13704,20,2019.0,아파트,2023
성북구,13600,하월곡동,9.0,20231023,월세,12.66,1000,70,2022.0,연립다세대,2023
성북구,13300,정릉동,6.0,20231002,월세,59.77,10000,110,2006.0,아파트,2023
성북구,10300,돈암동,14.0,20231104,월세,59.4,8000,80,1999.0,아파트,2023
성북구,13800,장위동,12.0,20230926,월세,14.71,3000,50,2019.0,아파트,2023
성북구,10200,성북동1가,2.0,20230912,월세,31.32,3000,42,2002.0,연립다세대,2023
성북구,11400,삼선동4가,3.0,20231228,월세,14.8,1000,50,2013.0,연립다세대,2023
성북구,11300,삼선동3가,2.0,20230919,월세,45.36,2028,40,2022.0,연립다세대,2023
성북구,11300,삼선동3가,5.0,20230919,월세,49.19,2393,34,2022.0,연립다세대,2023
성북구,10300,돈암동,5.0,20231110,월세,41.58,1000,85,1991.0,아파트,2023
성북구,13800,장위동,17.0,20231209,월세,84.94,20000,150,2020.0,아파트,2023
성북구,11900,동선동4가,10.0,20231223,월세,21.69,13000,20,2011.0,오피스텔,2023
성북구,13800,장위동,3.0,20230916,월세,84.98,15000,80,2006.0,아파트,2023
성북구,13300,정릉동,,20231112,월세,16.0,3000,40,2017.0,단독다가구,2023
성북구,12300,안암동3가,,20230906,월세,18.5,500,40,1989.0,단독다가구,2023
성북구,10300,돈암동,3.0,20230926,월세,84.95,20000,90,2004.0,아파트,2023
성북구,13500,종암동,3.0,20230811,월세,14.77,1000,45,2011.0,연립다세대,2023
성북구,13400,길음동,15.0,20231014,월세,59.99,20000,43,2003.0,아파트,2023
성북구,12000,동선동5가,,20230906,월세,19.76,1000,75,,단독다가구,2023
성북구,13600,하월곡동,,20230906,월세,19.8,500,40,1977.0,단독다가구,2023
성북구,13400,길음동,17.0,20231014,월세,59.77,10000,120,2005.0,아파트,2023
성북구,13400,길음동,3.0,20231014,월세,59.99,10000,120,2005.0,아파트,2023
성북구,13300,정릉동,,20230831,월세,66.3,1000,80,1986.0,단독다가구,2023
성북구,13400,길음동,11.0,20231014,월세,84.64,30000,70,2005.0,아파트,2023
성북구,11100,삼선동1가,,20231109,월세,33.0,1000,60,2001.0,단독다가구,2023
성북구,13600,하월곡동,5.0,20231115,월세,47.92,4650,11,2018.0,연립다세대,2023
성북구,13400,길음동,4.0,20231014,월세,114.98,35000,100,2010.0,아파트,2023
성북구,13500,종암동,4.0,20230916,월세,28.39,8500,65,2017.0,연립다세대,2023
성북구,13300,정릉동,9.0,20230922,월세,32.76,3151,7,2005.0,아파트,2023
성북구,13300,정릉동,4.0,20230811,월세,67.96,5000,100,2003.0,연립다세대,2023
성북구,10900,동소문동6가,4.0,20231110,월세,29.98,20500,10,2011.0,연립다세대,2023
성북구,13300,정릉동,2.0,20230919,월세,21.99,1460,70,2023.0,연립다세대,2023
성북구,13000,보문동1가,17.0,20231226,월세,39.2,2979,15,2022.0,아파트,2023
성북구,12800,보문동6가,6.0,20231226,월세,29.96,11058,28,2017.0,아파트,2023
성북구,13800,장위동,3.0,20231014,월세,59.1,43000,40,2022.0,아파트,2023
성북구,13800,장위동,,20230831,월세,81.3,14000,60,2020.0,단독다가구,2023
성북구,13800,장위동,10.0,20231014,월세,84.71,10000,190,2017.0,아파트,2023
성북구,13300,정릉동,3.0,20231226,월세,67.01,13000,30,2002.0,연립다세대,2023
성북구,13500,종암동,3.0,20231128,월세,59.99,3000,137,2004.0,아파트,2023
성북구,13400,길음동,7.0,20231017,월세,59.99,8000,170,2003.0,아파트,2023
성북구,13300,정릉동,14.0,20231017,월세,84.88,10000,98,1999.0,아파트,2023
성북구,13900,석관동,16.0,20231110,월세,84.9,3000,140,1998.0,아파트,2023
성북구,10200,성북동1가,,20231031,월세,43.2,2000,75,1993.0,단독다가구,2023
성북구,13300,정릉동,3.0,20230919,월세,40.92,2500,53,1995.0,연립다세대,2023
성북구,11400,삼선동4가,3.0,20231110,월세,12.25,3000,34,2010.0,연립다세대,2023
성북구,11400,삼선동4가,2.0,20231110,월세,12.67,3000,32,2010.0,연립다세대,2023
성북구,13300,정릉동,1.0,20230919,월세,22.26,6528,21,2020.0,연립다세대,2023
성북구,13900,석관동,7.0,20231201,월세,49.53,10960,44,2023.0,연립다세대,2023
성북구,13900,석관동,9.0,20231201,월세,28.66,5760,23,2023.0,연립다세대,2023
성북구,13800,장위동,,20230905,월세,53.0,2000,60,,단독다가구,2023
성북구,13800,장위동,16.0,20231101,월세,14.71,10800,6,2019.0,아파트,2023
성북구,10100,성북동,1.0,20231005,월세,69.34,2000,150,2002.0,연립다세대,2023
성북구,13900,석관동,,20231112,월세,17.0,5000,20,,단독다가구,2023
성북구,13600,하월곡동,5.0,20231011,월세,84.73,20000,100,2010.0,아파트,2023
성북구,13300,정릉동,2.0,20231222,월세,52.89,15000,20,1977.0,아파트,2023
성북구,11200,삼선동2가,4.0,20231223,월세,84.88,28300,42,2008.0,아파트,2023
성북구,10300,돈암동,1.0,20231107,월세,84.88,30000,130,2016.0,아파트,2023
성북구,10300,돈암동,7.0,20231107,월세,41.58,5000,80,1991.0,아파트,2023
성북구,13600,하월곡동,,20230909,월세,19.8,3000,35,,단독다가구,2023
성북구,13400,길음동,15.0,20231128,월세,112.51,42000,230,2022.0,아파트,2023
성북구,13600,하월곡동,,20230909,월세,20.0,1000,60,2015.0,단독다가구,2023
성북구,13400,길음동,9.0,20231023,월세,59.93,13516,21,2019.0,아파트,2023
성북구,13800,장위동,2.0,20230926,월세,40.55,2000,65,2016.0,연립다세대,2023
성북구,13300,정릉동,5.0,20230919,월세,45.0,14500,10,2002.0,연립다세대,2023
성북구,13600,하월곡동,8.0,20231104,월세,84.59,42000,10,2006.0,아파트,2023
성북구,13300,정릉동,,20230905,월세,80.73,13000,50,1980.0,단독다가구,2023
성북구,13500,종암동,2.0,20231104,월세,59.99,10000,105,2004.0,아파트,2023
성북구,11700,동선동2가,,20230909,월세,21.46,500,55,1990.0,단독다가구,2023
성북구,13800,장위동,4.0,20231023,월세,50.81,7000,110,2020.0,연립다세대,2023
성북구,13300,정릉동,1.0,20230811,월세,12.29,820,48,2023.0,연립다세대,2023
성북구,13300,정릉동,4.0,20230811,월세,20.51,1360,68,2023.0,연립다세대,2023
성북구,13500,종암동,4.0,20231128,월세,20.89,6000,80,2018.0,연립다세대,2023
성북구,13900,석관동,18.0,20231201,월세,59.97,10000,100,1998.0,아파트,2023
성북구,13600,하월곡동,,20230909,월세,28.31,20000,10,,단독다가구,2023
성북구,13900,석관동,,20230909,월세,28.82,300,35,2002.0,단독다가구,2023
성북구,11900,동선동4가,3.0,20231125,월세,29.79,3000,98,,오피스텔,2023
성북구,13300,정릉동,10.0,20230811,월세,59.26,5000,70,1999.0,아파트,2023
성북구,12000,동선동5가,4.0,20231014,월세,33.18,1000,57,2003.0,연립다세대,2023
성북구,13800,장위동,9.0,20231110,월세,84.98,50000,10,2020.0,아파트,2023
성북구,13900,석관동,,20231113,월세,53.93,1000,45,1996.0,단독다가구,2023
성북구,13400,길음동,7.0,20231125,월세,59.9,5000,180,2019.0,아파트,2023
성북구,13000,보문동1가,1.0,20231218,월세,39.2,4569,6,2022.0,아파트,2023
성북구,11500,삼선동5가,2.0,20230811,월세,39.93,1000,45,2002.0,연립다세대,2023
성북구,12800,보문동6가,,20230906,월세,36.78,1000,63,1993.0,단독다가구,2023
성북구,10300,돈암동,4.0,20231011,월세,59.38,5000,130,2007.0,아파트,2023
성북구,13800,장위동,1.0,20231113,월세,55.86,5000,50,2001.0,연립다세대,2023
성북구,13500,종암동,,20230909,월세,35.46,500,60,2001.0,단독다가구,2023
성북구,13500,종암동,4.0,20231122,월세,59.73,10000,115,2004.0,아파트,2023
성북구,13600,하월곡동,6.0,20231113,월세,59.98,10500,115,2007.0,아파트,2023
성북구,13300,정릉동,,20230909,월세,36.84,1000,50,2005.0,단독다가구,2023
성북구,10100,성북동,,20230909,월세,37.55,15000,50,1967.0,단독다가구,2023
성북구,13500,종암동,9.0,20231201,월세,114.98,30000,170,2011.0,아파트,2023
성북구,13900,석관동,,20231031,월세,46.44,6000,30,1992.0,단독다가구,2023
성북구,13300,정릉동,4.0,20231206,월세,84.76,1000,50,2010.0,연립다세대,2023
성북구,13500,종암동,4.0,20231125,월세,84.95,10000,160,2004.0,아파트,2023
성북구,12100,안암동1가,7.0,20231122,월세,84.87,40000,50,2005.0,아파트,2023
성북구,12800,보문동6가,13.0,20231020,월세,84.99,10000,240,2017.0,아파트,2023
성북구,13800,장위동,,20230916,월세,15.0,100,25,,단독다가구,2023
성북구,13800,장위동,,20230916,월세,15.0,50,15,1970.0,단독다가구,2023
성북구,10100,성북동,4.0,20231203,월세,61.5,26250,10,2004.0,연립다세대,2023
성북구,13300,정릉동,3.0,20231110,월세,44.89,14700,10,2008.0,연립다세대,2023
성북구,11200,삼선동2가,,20230916,월세,16.4,500,45,,단독다가구,2023
성북구,11100,삼선동1가,,20231109,월세,38.18,2000,60,1955.0,단독다가구,2023
성북구,11100,삼선동1가,,20230906,월세,50.0,3000,70,1996.0,단독다가구,2023
성북구,13800,장위동,12.0,20231014,월세,101.72,40000,70,2020.0,아파트,2023
성북구,13800,장위동,13.0,20231201,월세,84.97,10000,160,2021.0,아파트,2023
성북구,13500,종암동,3.0,20231005,월세,56.04,3000,70,2008.0,연립다세대,2023
성북구,13400,길음동,12.0,20231206,월세,59.94,5000,67,1998.0,아파트,2023
성북구,13800,장위동,9.0,20231014,월세,59.92,15000,130,2021.0,아파트,2023
성북구,13800,장위동,23.0,20231014,월세,84.97,5000,220,2021.0,아파트,2023
성북구,13900,석관동,5.0,20231226,월세,59.9,5000,150,2009.0,아파트,2023
성북구,13700,상월곡동,,20230912,월세,16.0,1500,52,2017.0,단독다가구,2023
성북구,13500,종암동,,20230912,월세,16.0,500,45,2017.0,단독다가구,2023
성북구,11300,삼선동3가,,20231031,월세,48.0,6500,25,1991.0,단독다가구,2023
성북구,13400,길음동,12.0,20231017,월세,59.97,10000,170,2019.0,아파트,2023
성북구,13400,길음동,18.0,20231017,월세,59.97,30000,120,2019.0,아파트,2023
성북구,12300,안암동3가,,20230916,월세,20.0,200,30,1993.0,단독다가구,2023
성북구,12800,보문동6가,13.0,20231215,월세,29.96,11637,30,2017.0,아파트,2023
성북구,10900,동소문동6가,15.0,20231215,월세,14.18,16000,19,2012.0,아파트,2023
성북구,13500,종암동,7.0,20231020,월세,59.99,25000,50,2004.0,아파트,2023
성북구,12500,안암동5가,,20230912,월세,18.0,1000,54,1957.0,단독다가구,2023
성북구,10100,성북동,2.0,20231218,월세,76.56,3000,150,2002.0,연립다세대,2023
성북구,12500,안암동5가,,20230916,월세,20.97,11000,23,2023.0,단독다가구,2023
성북구,10100,성북동,1.0,20231122,월세,24.13,5000,90,2019.0,연립다세대,2023
성북구,13900,석관동,14.0,20231017,월세,84.98,1000,58,2019.0,아파트,2023
성북구,13800,장위동,,20230906,월세,65.97,5000,60,1988.0,단독다가구,2023
성북구,13300,정릉동,4.0,20230926,월세,20.51,1360,68,2023.0,연립다세대,2023
성북구,12100,안암동1가,,20230916,월세,21.79,7000,10,1992.0,단독다가구,2023
성북구,13400,길음동,24.0,20231201,월세,59.78,10000,200,2022.0,아파트,2023
성북구,12200,안암동2가,4.0,20231104,월세,14.67,1000,62,2018.0,연립다세대,2023
성북구,11800,동선동3가,,20230916,월세,24.0,1000,50,2007.0,단독다가구,2023
성북구,10300,돈암동,,20230906,월세,79.34,5000,75,1981.0,단독다가구,2023
성북구,10900,동소문동6가,5.0,20231201,월세,15.34,1000,69,2015.0,연립다세대,2023
성북구,13800,장위동,23.0,20231011,월세,59.99,10000,145,2020.0,아파트,2023
성북구,13800,장위동,20.0,20231011,월세,84.94,10000,200,2020.0,아파트,2023
성북구,10300,돈암동,9.0,20231113,월세,59.99,26000,70,2004.0,아파트,2023
성북구,10700,동소문동4가,5.0,20231101,월세,52.44,16000,20,2001.0,연립다세대,2023
성북구,13600,하월곡동,20.0,20231116,월세,114.75,45000,17,2003.0,아파트,2023
성북구,13800,장위동,,20230909,월세,101.7,10000,25,1986.0,단독다가구,2023
성북구,13400,길음동,21.0,20231017,월세,84.98,60000,70,2022.0,아파트,2023
성북구,13300,정릉동,,20230922,월세,19.0,500,50,2018.0,단독다가구,2023
성북구,12000,동선동5가,,20230916,월세,30.0,2000,90,1995.0,단독다가구,2023
성북구,13700,상월곡동,,20230922,월세,20.0,500,45,1985.0,단독다가구,2023
성북구,12100,안암동1가,,20230922,월세,20.0,500,35,1994.0,단독다가구,2023
성북구,13500,종암동,,20230919,월세,15.5,4000,20,2002.0,단독다가구,2023
성북구,13500,종암동,,20230916,월세,32.36,300,30,1993.0,단독다가구,2023
성북구,13000,보문동1가,17.0,20231209,월세,39.2,2979,15,2022.0,아파트,2023
성북구,11900,동선동4가,5.0,20231122,월세,12.19,1000,60,2014.0,연립다세대,2023
성북구,12700,보문동5가,,20231002,월세,20.0,200,45,1993.0,단독다가구,2023
성북구,13800,장위동,2.0,20231026,월세,42.48,6000,25,1978.0,연립다세대,2023
성북구,12600,보문동4가,,20230912,월세,30.0,500,35,1993.0,단독다가구,2023
성북구,13500,종암동,,20230912,월세,30.0,500,35,1993.0,단독다가구,2023
성북구,13300,정릉동,3.0,20230926,월세,57.87,3000,115,2022.0,연립다세대,2023
성북구,10100,성북동,,20230916,월세,36.0,2000,55,1995.0,단독다가구,2023
성북구,13600,하월곡동,,20230922,월세,25.56,2000,70,2022.0,단독다가구,2023
성북구,13300,정릉동,2.0,20231224,월세,63.51,2000,60,1990.0,연립다세대,2023
성북구,13300,정릉동,,20230811,월세,15.0,500,50,2018.0,단독다가구,2023
성북구,13900,석관동,,20230922,월세,27.0,300,28,1996.0,단독다가구,2023
성북구,13400,길음동,11.0,20231104,월세,59.94,20000,55,1998.0,아파트,2023
성북구,13800,장위동,13.0,20231020,월세,15.21,1000,60,2019.0,아파트,2023
성북구,13900,석관동,,20230811,월세,16.17,1000,45,2017.0,단독다가구,2023
성북구,12500,안암동5가,,20230811,월세,16.5,500,45,2001.0,단독다가구,2023
성북구,13300,정릉동,,20231031,월세,51.0,1000,80,1990.0,단독다가구,2023
성북구,13700,상월곡동,,20230811,월세,16.52,1000,40,2008.0,단독다가구,2023
성북구,13700,상월곡동,,20230811,월세,16.52,8000,12,2017.0,단독다가구,2023
성북구,12500,안암동5가,4.0,20231113,월세,38.6,1000,68,2017.0,연립다세대,2023
성북구,13900,석관동,5.0,20231005,월세,25.2,15200,5,2019.0,연립다세대,2023
성북구,10600,동소문동3가,,20231109,월세,43.7,1000,50,1997.0,단독다가구,2023
성북구,11100,삼선동1가,,20230922,월세,31.8,1000,60,1985.0,단독다가구,2023
성북구,11200,삼선동2가,10.0,20231209,월세,84.82,35000,70,2008.0,아파트,2023
성북구,13500,종암동,3.0,20231113,월세,59.04,5000,120,1999.0,아파트,2023
성북구,12900,보문동7가,5.0,20231007,월세,26.36,21000,30,2022.0,연립다세대,2023
성북구,12500,안암동5가,,20230811,월세,20.0,3000,75,2023.0,단독다가구,2023
성북구,13800,장위동,7.0,20231206,월세,18.03,2000,47,2019.0,오피스텔,2023
성북구,12200,안암동2가,5.0,20231125,월세,14.67,1000,84,2018.0,연립다세대,2023
성북구,10100,성북동,,20231111,월세,81.52,5000,80,1997.0,단독다가구,2023
성북구,10900,동소문동6가,,20230916,월세,54.8,3500,50,1994.0,단독다가구,2023
성북구,12500,안암동5가,,20231112,월세,22.72,1000,70,,단독다가구,2023
성북구,13100,보문동2가,2.0,20231116,월세,26.98,5000,40,2001.0,연립다세대,2023
성북구,11200,삼선동2가,1.0,20231223,월세,36.19,11600,22,1995.0,연립다세대,2023
성북구,11100,삼선동1가,,20230922,월세,40.0,1000,50,1989.0,단독다가구,2023
성북구,11400,삼선동4가,,20230912,월세,48.51,1500,70,1993.0,단독다가구,2023
성북구,13900,석관동,,20230912,월세,48.64,1000,40,1976.0,단독다가구,2023
성북구,11200,삼선동2가,7.0,20231128,월세,59.95,5000,135,2008.0,아파트,2023
성북구,13800,장위동,16.0,20231023,월세,14.71,3000,45,2019.0,아파트,2023
성북구,13900,석관동,,20230922,월세,42.25,300,35,,단독다가구,2023
성북구,13600,하월곡동,12.0,20231101,월세,84.84,20000,120,2003.0,아파트,2023
성북구,10100,성북동,,20230916,월세,79.0,2000,70,1985.0,단독다가구,2023
성북구,13800,장위동,4.0,20231222,월세,40.54,6343,23,2019.0,연립다세대,2023
성북구,10400,동소문동1가,-1.0,20231014,월세,90.98,5000,120,2002.0,연립다세대,2023
성북구,11900,동선동4가,2.0,20231107,월세,20.96,3000,54,2011.0,오피스텔,2023
성북구,10700,동소문동4가,,20230923,월세,46.0,11000,35,2001.0,단독다가구,2023
성북구,13900,석관동,,20230811,월세,33.0,1000,55,1992.0,단독다가구,2023
성북구,10800,동소문동5가,,20231109,월세,49.59,3000,20,,단독다가구,2023
성북구,13100,보문동2가,5.0,20231017,월세,66.17,10000,180,2023.0,오피스텔,2023
성북구,12800,보문동6가,2.0,20231125,월세,84.99,1000,85,2017.0,아파트,2023
성북구,13500,종암동,6.0,20231223,월세,84.73,9000,170,2005.0,아파트,2023
성북구,10300,돈암동,,20230912,월세,80.0,5000,80,2004.0,단독다가구,2023
성북구,10700,동소문동4가,5.0,20231223,월세,13.32,1000,52,2013.0,연립다세대,2023
성북구,11000,동소문동7가,3.0,20231007,월세,114.97,60000,20,2004.0,아파트,2023
성북구,11800,동선동3가,,20230811,월세,36.0,3000,70,1989.0,단독다가구,2023
성북구,12100,안암동1가,3.0,20231228,월세,59.7,5000,140,2005.0,아파트,2023
성북구,13300,정릉동,,20230917,월세,75.8,3000,70,1971.0,단독다가구,2023
성북구,13800,장위동,,20230920,월세,52.36,13000,30,1972.0,단독다가구,2023
성북구,13500,종암동,,20230923,월세,58.33,1000,50,1994.0,단독다가구,2023
성북구,13600,하월곡동,,20230811,월세,39.87,1000,45,1986.0,단독다가구,2023
성북구,13400,길음동,4.0,20231017,월세,111.71,10000,190,1998.0,아파트,2023
성북구,13600,하월곡동,1.0,20231020,월세,84.96,5000,220,2023.0,연립다세대,2023
성북구,13300,정릉동,2.0,20231229,월세,67.8,5000,100,2003.0,연립다세대,2023
성북구,13300,정릉동,,20230921,월세,81.96,10000,50,1994.0,단독다가구,2023
성북구,13500,종암동,18.0,20231017,월세,59.99,5000,130,2004.0,아파트,2023
성북구,13300,정릉동,3.0,20231023,월세,58.92,1844,68,2022.0,연립다세대,2023
성북구,13500,종암동,2.0,20231020,월세,14.74,1000,45,2011.0,연립다세대,2023
성북구,13900,석관동,,20230811,월세,49.0,3000,60,2013.0,단독다가구,2023
성북구,13500,종암동,,20230811,월세,49.32,1500,50,1995.0,단독다가구,2023
성북구,13900,석관동,4.0,20231228,월세,28.86,11000,14,2021.0,연립다세대,2023
성북구,10300,돈암동,20.0,20231026,월세,68.13,10000,110,1998.0,아파트,2023
성북구,13800,장위동,8.0,20231209,월세,18.03,12400,5,2019.0,오피스텔,2023
성북구,13800,장위동,9.0,20231014,월세,14.71,1000,60,2019.0,아파트,2023
성북구,13300,정릉동,12.0,20231101,월세,114.75,35000,50,2005.0,아파트,2023
성북구,10300,돈암동,14.0,20231026,월세,84.87,5000,140,1998.0,아파트,2023
성북구,13400,길음동,8.0,20231201,월세,59.94,30000,25,1998.0,아파트,2023
성북구,12100,안암동1가,2.0,20231221,월세,40.96,1000,50,2017.0,연립다세대,2023
성북구,10800,동소문동5가,6.0,20231014,월세,15.42,2000,105,2018.0,아파트,2023
성북구,13800,장위동,,20230811,월세,81.99,13000,10,1988.0,단독다가구,2023
성북구,13800,장위동,,20230922,월세,92.79,1000,45,1985.0,단독다가구,2023
성북구,13300,정릉동,,20231007,월세,14.0,300,30,1997.0,단독다가구,2023
성북구,13900,석관동,2.0,20231107,월세,43.89,2000,75,2008.0,연립다세대,2023
성북구,13300,정릉동,,20230926,월세,20.0,500,35,1964.0,단독다가구,2023
성북구,13800,장위동,,20230920,월세,60.0,4000,55,1995.0,단독다가구,2023
성북구,13800,장위동,,20231109,월세,58.07,1000,45,1991.0,단독다가구,2023
성북구,13500,종암동,4.0,20231115,월세,37.26,8715,18,1994.0,연립다세대,2023
성북구,10900,동소문동6가,,20230923,월세,82.5,3000,125,1998.0,단독다가구,2023
성북구,13800,장위동,8.0,20231017,월세,14.71,8900,20,2019.0,아파트,2023
성북구,13300,정릉동,4.0,20231104,월세,59.9,3000,116,1999.0,아파트,2023
성북구,13800,장위동,2.0,20231122,월세,42.48,6000,25,1978.0,연립다세대,2023
성북구,13600,하월곡동,10.0,20231020,월세,73.1,7000,100,2007.0,아파트,2023
성북구,13800,장위동,5.0,20231107,월세,14.71,5000,35,2019.0,아파트,2023
성북구,12100,안암동1가,5.0,20231104,월세,59.7,5000,150,2005.0,아파트,2023
성북구,12500,안암동5가,4.0,20231116,월세,24.24,5000,44,2019.0,연립다세대,2023
성북구,11100,삼선동1가,,20230926,월세,58.04,1000,20,2000.0,단독다가구,2023
성북구,13600,하월곡동,16.0,20231228,월세,84.88,10000,170,2007.0,아파트,2023
성북구,10700,동소문동4가,,20230930,월세,28.0,1000,65,2001.0,단독다가구,2023
성북구,11100,삼선동1가,,20231201,월세,59.6,12000,30,1994.0,단독다가구,2023
성북구,13900,석관동,2.0,20231017,월세,59.7,2646,22,2014.0,연립다세대,2023
성북구,13300,정릉동,3.0,20231221,월세,58.12,4000,100,2016.0,연립다세대,2023
성북구,11200,삼선동2가,,20231127,월세,43.15,4000,60,1997.0,단독다가구,2023
성북구,10100,성북동,3.0,20231128,월세,53.48,2000,153,2018.0,연립다세대,2023
성북구,13400,길음동,2.0,20231017,월세,48.16,1768,36,2022.0,연립다세대,2023
성북구,11500,삼선동5가,,20231026,월세,16.0,1000,65,2021.0,단독다가구,2023
성북구,10100,성북동,2.0,20231218,월세,24.13,17000,40,2019.0,연립다세대,2023
성북구,13300,정릉동,3.0,20231017,월세,55.42,19648,21,2022.0,연립다세대,2023
성북구,13800,장위동,3.0,20231008,월세,39.98,10000,80,2022.0,아파트,2023
성북구,13300,정릉동,,20231118,월세,15.0,1000,50,2017.0,단독다가구,2023
성북구,12500,안암동5가,,20231118,월세,15.0,2000,50,2016.0,단독다가구,2023
성북구,13500,종암동,4.0,20231125,월세,65.03,10000,105,2003.0,아파트,2023
성북구,12100,안암동1가,6.0,20231215,월세,59.7,30000,70,2005.0,아파트,2023
성북구,13800,장위동,8.0,20231020,월세,39.98,10000,80,2022.0,아파트,2023
성북구,13800,장위동,11.0,20231201,월세,15.21,1000,60,2019.0,아파트,2023
성북구,13300,정릉동,2.0,20231020,월세,73.73,600,70,1983.0,연립다세대,2023
성북구,13300,정릉동,10.0,20231020,월세,59.88,10000,90,2005.0,아파트,2023
성북구,10200,성북동1가,5.0,20231020,월세,43.08,18000,18,2002.0,연립다세대,2023
성북구,13300,정릉동,5.0,20231107,월세,79.72,21112,24,2022.0,연립다세대,2023
성북구,11400,삼선동4가,,20231026,월세,19.0,2000,60,2012.0,단독다가구,2023
성북구,13300,정릉동,2.0,20231104,월세,29.64,1000,63,2013.0,연립다세대,2023
성북구,12500,안암동5가,,20231029,월세,18.0,1000,60,1993.0,단독다가구,2023
성북구,13300,정릉동,,20231026,월세,20.0,400,30,1970.0,단독다가구,2023
성북구,13500,종암동,3.0,20231101,월세,29.9,5000,90,2022.0,연립다세대,2023
성북구,13300,정릉동,2.0,20231110,월세,71.7,2210,82,2022.0,연립다세대,2023
성북구,13800,장위동,2.0,20231227,월세,39.98,3000,125,2022.0,아파트,2023
성북구,13600,하월곡동,6.0,20231104,월세,84.7,20000,70,2007.0,아파트,2023
성북구,13300,정릉동,6.0,20231226,월세,59.77,13000,80,2006.0,아파트,2023
성북구,13300,정릉동,1.0,20231223,월세,84.96,5000,150,2003.0,아파트,2023
성북구,13600,하월곡동,,20231026,월세,23.14,200,20,1993.0,단독다가구,2023
성북구,10300,돈암동,5.0,20231023,월세,59.99,35000,30,2004.0,아파트,2023
성북구,13500,종암동,,20231026,월세,24.06,7000,55,2022.0,단독다가구,2023
성북구,13800,장위동,4.0,20231222,월세,23.09,12000,30,2022.0,연립다세대,2023
성북구,13800,장위동,4.0,20231221,월세,28.73,4000,60,2019.0,연립다세대,2023
성북구,11000,동소문동7가,8.0,20231116,월세,59.91,10000,140,2004.0,아파트,2023
성북구,13800,장위동,4.0,20231107,월세,40.54,433,58,2019.0,연립다세대,2023
성북구,12500,안암동5가,3.0,20231122,월세,24.24,1000,68,2019.0,연립다세대,2023
성북구,11500,삼선동5가,,20231026,월세,28.0,1000,70,1996.0,단독다가구,2023
성북구,13800,장위동,2.0,20231023,월세,49.33,4621,10,2006.0,아파트,2023
성북구,13300,정릉동,9.0,20231023,월세,84.56,40000,35,2015.0,아파트,2023
성북구,13300,정릉동,7.0,20231023,월세,84.92,8000,100,2000.0,아파트,2023
성북구,13300,정릉동,,20231007,월세,30.0,500,55,1995.0,단독다가구,2023
성북구,11500,삼선동5가,,20231007,월세,30.0,1000,68,1993.0,단독다가구,2023
성북구,10200,성북동1가,3.0,20231023,월세,48.5,8600,30,2002.0,연립다세대,2023
성북구,13300,정릉동,21.0,20231227,월세,84.68,42000,15,2005.0,아파트,2023
성북구,12000,동선동5가,,20231127,월세,46.38,8000,90,1985.0,단독다가구,2023
성북구,13700,상월곡동,7.0,20231215,월세,84.51,10000,90,1994.0,아파트,2023
성북구,13500,종암동,,20231029,월세,30.0,500,45,1993.0,단독다가구,2023
성북구,10300,돈암동,3.0,20231014,월세,84.97,28000,80,2004.0,아파트,2023
성북구,13300,정릉동,3.0,20231122,월세,107.05,5000,70,1990.0,연립다세대,2023
성북구,13300,정릉동,,20230930,월세,62.1,6000,50,1991.0,단독다가구,2023
성북구,10300,돈암동,5.0,20231119,월세,59.58,5000,120,1998.0,아파트,2023
성북구,11400,삼선동4가,,20231007,월세,36.72,10000,20,1996.0,단독다가구,2023
성북구,10300,돈암동,2.0,20231203,월세,59.99,35000,50,2004.0,아파트,2023
성북구,10900,동소문동6가,,20231007,월세,37.0,1000,45,1989.0,단독다가구,2023
성북구,13500,종암동,4.0,20231125,월세,14.77,1000,45,2011.0,연립다세대,2023
성북구,13500,종암동,6.0,20231104,월세,59.04,5000,95,1999.0,아파트,2023
성북구,12200,안암동2가,,20231026,월세,39.92,4000,60,1994.0,단독다가구,2023
성북구,11300,삼선동3가,6.0,20231017,월세,36.16,1645,33,2022.0,연립다세대,2023
성북구,13300,정릉동,4.0,20231218,월세,19.18,1280,79,2023.0,연립다세대,2023
성북구,13300,정릉동,25.0,20231014,월세,84.92,20000,120,2004.0,아파트,2023
성북구,11400,삼선동4가,12.0,20231223,월세,84.87,3000,160,1999.0,아파트,2023
성북구,13300,정릉동,15.0,20231104,월세,84.95,5000,120,2005.0,아파트,2023
성북구,13800,장위동,2.0,20231023,월세,67.17,13000,10,2001.0,연립다세대,2023
성북구,13800,장위동,5.0,20231201,월세,26.62,15800,6,2019.0,연립다세대,2023
성북구,11700,동선동2가,,20231113,월세,20.0,1000,45,1997.0,단독다가구,2023
성북구,10300,돈암동,16.0,20231020,월세,113.67,5250,190,1998.0,아파트,2023
성북구,12300,안암동3가,,20231127,월세,50.0,5000,70,1996.0,단독다가구,2023
성북구,13900,석관동,,20231101,월세,15.0,1000,50,2021.0,단독다가구,2023
성북구,13600,하월곡동,3.0,20231023,월세,29.95,20000,5,2017.0,연립다세대,2023
성북구,10200,성북동1가,,20231116,월세,15.0,1000,40,2010.0,단독다가구,2023
성북구,13300,정릉동,4.0,20231014,월세,43.92,6000,70,2005.0,아파트,2023
성북구,13500,종암동,5.0,20231008,월세,29.96,15000,15,2013.0,연립다세대,2023
성북구,13300,정릉동,5.0,20231011,월세,114.56,30000,100,2006.0,아파트,2023
성북구,13300,정릉동,2.0,20231011,월세,59.9,7000,150,1999.0,아파트,2023
성북구,13600,하월곡동,,20231118,월세,16.52,4000,40,2020.0,단독다가구,2023
성북구,13800,장위동,13.0,20231218,월세,49.33,1792,24,2006.0,아파트,2023
성북구,13600,하월곡동,,20231101,월세,17.0,500,40,1994.0,단독다가구,2023
성북구,10100,성북동,2.0,20231023,월세,39.46,5000,110,2022.0,연립다세대,2023
성북구,13300,정릉동,6.0,20231218,월세,59.37,10000,140,2009.0,아파트,2023
성북구,13300,정릉동,,20231026,월세,51.5,1000,75,1994.0,단독다가구,2023
성북구,13500,종암동,,20231026,월세,51.6,13000,15,1994.0,단독다가구,2023
성북구,13300,정릉동,1.0,20231215,월세,12.25,820,46,2023.0,연립다세대,2023
성북구,13900,석관동,,20231101,월세,18.0,500,48,,단독다가구,2023
성북구,13300,정릉동,,20231026,월세,52.99,5000,90,1973.0,단독다가구,2023
성북구,13300,정릉동,,20231001,월세,65.25,7000,39,1988.0,단독다가구,2023
성북구,13100,보문동2가,2.0,20231017,월세,23.85,1000,51,2002.0,연립다세대,2023
성북구,10300,돈암동,6.0,20231215,월세,143.51,49000,30,2005.0,아파트,2023
성북구,13600,하월곡동,11.0,20231209,월세,59.86,18000,85,2003.0,아파트,2023
성북구,13800,장위동,7.0,20231206,월세,39.34,5436,4,2006.0,아파트,2023
성북구,10500,동소문동2가,,20231127,월세,53.35,1000,95,1991.0,단독다가구,2023
성북구,13300,정릉동,3.0,20231023,월세,47.09,500,85,2002.0,연립다세대,2023
성북구,10900,동소문동6가,10.0,20231227,월세,13.27,2000,55,2013.0,아파트,2023
성북구,13300,정릉동,5.0,20231125,월세,59.94,5000,95,1999.0,아파트,2023
성북구,13600,하월곡동,3.0,20231110,월세,27.09,8000,80,2022.0,오피스텔,2023
성북구,13300,정릉동,,20231116,월세,19.0,1000,45,2018.0,단독다가구,2023
성북구,13500,종암동,7.0,20231206,월세,59.4,10000,100,1996.0,아파트,2023
성북구,13300,정릉동,9.0,20231215,월세,114.81,10000,140,2003.0,아파트,2023
성북구,11000,동소문동7가,,20231020,월세,14.55,3000,34,2023.0,단독다가구,2023
성북구,12500,안암동5가,,20231020,월세,15.0,350,35,1993.0,단독다가구,2023
성북구,10300,돈암동,8.0,20231114,월세,41.58,4000,67,1991.0,아파트,2023
성북구,13700,상월곡동,,20231113,월세,29.75,500,40,1992.0,단독다가구,2023
성북구,11200,삼선동2가,,20231020,월세,16.0,1000,45,1998.0,단독다가구,2023
성북구,11000,동소문동7가,8.0,20231223,월세,59.91,30000,21,2004.0,아파트,2023
성북구,11800,동선동3가,,20231113,월세,30.0,5000,50,1996.0,단독다가구,2023
성북구,13800,장위동,2.0,20231209,월세,27.46,5000,70,2020.0,연립다세대,2023
성북구,11400,삼선동4가,13.0,20231017,월세,59.94,20000,100,1999.0,아파트,2023
성북구,13600,하월곡동,,20231020,월세,20.0,6000,40,2021.0,단독다가구,2023
성북구,13700,상월곡동,,20231005,월세,16.52,500,60,1990.0,단독다가구,2023
성북구,12500,안암동5가,,20231005,월세,17.0,500,48,2001.0,단독다가구,2023
성북구,13900,석관동,5.0,20231218,월세,114.84,10000,100,1999.0,아파트,2023
성북구,13600,하월곡동,6.0,20231027,월세,18.02,1000,60,2020.0,오피스텔,2023
성북구,11300,삼선동3가,2.0,20231027,월세,45.36,6088,16,2022.0,연립다세대,2023
성북구,13800,장위동,4.0,20231129,월세,52.26,13000,10,1991.0,연립다세대,2023
성북구,11100,삼선동1가,,20231128,월세,46.28,5000,80,1991.0,단독다가구,2023
성북구,13300,정릉동,,20231119,월세,17.86,1000,60,2020.0,단독다가구,2023
성북구,13700,상월곡동,,20231119,월세,18.0,1000,50,,단독다가구,2023
성북구,13700,상월곡동,,20231005,월세,20.0,300,25,1993.0,단독다가구,2023
성북구,11800,동선동3가,3.0,20231030,월세,24.48,1000,52,2003.0,연립다세대,2023
성북구,10300,돈암동,18.0,20231105,월세,84.98,42000,8,2005.0,아파트,2023
성북구,13100,보문동2가,3.0,20231120,월세,21.53,12500,27,2015.0,연립다세대,2023
성북구,13500,종암동,4.0,20231017,월세,32.27,5000,70,2017.0,연립다세대,2023
성북구,11900,동선동4가,,20231023,월세,13.3,500,30,1997.0,단독다가구,2023
성북구,10900,동소문동6가,5.0,20231108,월세,34.31,12000,38,2014.0,연립다세대,2023
성북구,10300,돈암동,16.0,20231011,월세,59.58,3000,110,1998.0,아파트,2023
성북구,13600,하월곡동,9.0,20231114,월세,59.75,10000,130,2006.0,아파트,2023
성북구,13300,정릉동,9.0,20231102,월세,84.92,37800,15,2009.0,아파트,2023
성북구,13800,장위동,,20231008,월세,27.0,500,35,1992.0,단독다가구,2023
성북구,13800,장위동,,20231007,월세,40.0,1000,40,1992.0,단독다가구,2023
성북구,10300,돈암동,13.0,20231017,월세,68.13,30100,20,1998.0,아파트,2023
성북구,13900,석관동,,20231020,월세,33.0,150,33,1989.0,단독다가구,2023
성북구,13900,석관동,,20231020,월세,33.0,100,35,1991.0,단독다가구,2023
성북구,10300,돈암동,5.0,20231108,월세,84.97,30000,110,2004.0,아파트,2023
성북구,13900,석관동,2.0,20231129,월세,59.97,20000,60,1998.0,아파트,2023
성북구,13900,석관동,,20231007,월세,42.4,1000,55,,단독다가구,2023
성북구,13900,석관동,,20231003,월세,40.77,12000,10,1997.0,단독다가구,2023
성북구,13800,장위동,,20231020,월세,33.63,500,35,,단독다가구,2023
성북구,13300,정릉동,,20231014,월세,15.0,1000,50,2018.0,단독다가구,2023
성북구,13600,하월곡동,,20231226,월세,13.0,300,35,2010.0,단독다가구,2023
성북구,13300,정릉동,,20231227,월세,13.0,1000,45,2019.0,단독다가구,2023
성북구,10100,성북동,,20231229,월세,13.0,300,25,2016.0,단독다가구,2023
성북구,10100,성북동,,20231007,월세,45.29,10000,100,2022.0,단독다가구,2023
성북구,12300,안암동3가,,20231007,월세,45.91,2000,75,1993.0,단독다가구,2023
성북구,11100,삼선동1가,,20231007,월세,46.83,500,63,,단독다가구,2023
성북구,13400,길음동,,20231007,월세,46.92,1000,50,1993.0,단독다가구,2023
성북구,13300,정릉동,,20231221,월세,15.0,2000,50,2018.0,단독다가구,2023
성북구,13400,길음동,17.0,20231114,월세,84.77,50000,135,2022.0,아파트,2023
성북구,10200,성북동1가,,20231226,월세,15.0,3000,50,2012.0,단독다가구,2023
성북구,13500,종암동,24.0,20231027,월세,59.86,5000,117,1999.0,아파트,2023
성북구,13600,하월곡동,6.0,20231218,월세,32.05,1000,100,2021.0,연립다세대,2023
성북구,13800,장위동,,20231007,월세,61.45,13000,15,1978.0,단독다가구,2023
성북구,13300,정릉동,,20231003,월세,47.7,500,64,1970.0,단독다가구,2023
성북구,13100,보문동2가,,20231221,월세,16.5,8500,10,2010.0,단독다가구,2023
성북구,13600,하월곡동,,20231113,월세,55.19,500,70,1994.0,단독다가구,2023
성북구,12500,안암동5가,,20231223,월세,16.5,500,41,2001.0,단독다가구,2023
성북구,10700,동소문동4가,,20231230,월세,16.5,3000,35,,단독다가구,2023
성북구,13800,장위동,,20231113,월세,56.0,2000,65,1998.0,단독다가구,2023
성북구,13800,장위동,2.0,20231017,월세,45.91,1000,60,1986.0,연립다세대,2023
성북구,13800,장위동,,20231007,월세,69.82,3000,50,1968.0,단독다가구,2023
성북구,13300,정릉동,,20231113,월세,57.48,2000,57,2005.0,단독다가구,2023
성북구,13300,정릉동,3.0,20231030,월세,59.63,20000,57,2015.0,아파트,2023
성북구,13300,정릉동,1.0,20231030,월세,59.88,4500,110,2005.0,아파트,2023
성북구,13300,정릉동,1.0,20231111,월세,17.1,1140,68,2023.0,연립다세대,2023
성북구,12800,보문동6가,,20231023,월세,24.0,1000,40,1994.0,단독다가구,2023
성북구,11200,삼선동2가,,20231011,월세,12.72,500,35,1997.0,단독다가구,2023
성북구,13600,하월곡동,,20231023,월세,24.97,300,40,1996.0,단독다가구,2023
성북구,13300,정릉동,8.0,20231108,월세,84.4,5000,200,2009.0,아파트,2023
성북구,13300,정릉동,,20231003,월세,57.5,15000,19,1996.0,단독다가구,2023
성북구,12500,안암동5가,,20231227,월세,18.0,1000,65,2021.0,단독다가구,2023
성북구,13300,정릉동,,20231228,월세,18.0,1000,45,2000.0,단독다가구,2023
성북구,11800,동선동3가,,20231228,월세,18.0,1000,55,2008.0,단독다가구,2023
성북구,13500,종암동,2.0,20231030,월세,59.4,5000,110,1996.0,아파트,2023
성북구,13300,정릉동,-1.0,20231209,월세,66.24,2000,70,1994.0,연립다세대,2023
성북구,13000,보문동1가,,20231023,월세,26.2,1000,55,1984.0,단독다가구,2023
성북구,11100,삼선동1가,1.0,20231125,월세,79.02,0,65,2008.0,연립다세대,2023
성북구,10300,돈암동,,20231122,월세,68.26,15000,25,1981.0,단독다가구,2023
성북구,11300,삼선동3가,,20231014,월세,23.11,12000,10,1992.0,단독다가구,2023
성북구,12700,보문동5가,2.0,20231030,월세,47.85,10500,80,2016.0,연립다세대,2023
성북구,13400,길음동,,20231122,월세,13.55,1000,50,2010.0,단독다가구,2023
성북구,13300,정릉동,,20231116,월세,23.8,300,20,1997.0,단독다가구,2023
성북구,11900,동선동4가,,20231116,월세,24.0,4000,25,2002.0,단독다가구,2023
성북구,13300,정릉동,,20231020,월세,51.6,1000,50,1991.0,단독다가구,2023
성북구,13300,정릉동,,20231003,월세,86.01,1500,90,1994.0,단독다가구,2023
성북구,10300,돈암동,,20231101,월세,33.0,500,30,1993.0,단독다가구,2023
성북구,13300,정릉동,,20231122,월세,15.0,1000,50,2018.0,단독다가구,2023
성북구,11800,동선동3가,,20231017,월세,15.0,300,30,,단독다가구,2023
성북구,13800,장위동,7.0,20231030,월세,84.89,33000,15,2006.0,아파트,2023
성북구,13800,장위동,,20231008,월세,35.0,1500,40,1993.0,단독다가구,2023
성북구,11300,삼선동3가,,20231005,월세,40.0,8000,19,1988.0,단독다가구,2023
성북구,12500,안암동5가,,20231226,월세,19.8,1000,50,1995.0,단독다가구,2023
성북구,13700,상월곡동,,20231227,월세,19.8,3000,43,2016.0,단독다가구,2023
성북구,13500,종암동,,20231020,월세,59.65,12000,20,2014.0,단독다가구,2023
성북구,13300,정릉동,,20231014,월세,29.0,1000,60,2012.0,단독다가구,2023
성북구,13600,하월곡동,,20231020,월세,60.69,3000,80,1970.0,단독다가구,2023
성북구,13500,종암동,,20231113,월세,69.24,2000,80,1997.0,단독다가구,2023
성북구,12500,안암동5가,,20231017,월세,17.0,500,55,1992.0,단독다가구,2023
성북구,13800,장위동,,20231101,월세,38.0,500,40,1994.0,단독다가구,2023
성북구,13300,정릉동,3.0,20231215,월세,69.76,3000,82,2002.0,연립다세대,2023
성북구,11200,삼선동2가,,20231014,월세,30.24,2000,60,1992.0,단독다가구,2023
성북구,13900,석관동,,20231205,월세,21.0,5000,30,2019.0,단독다가구,2023
성북구,13800,장위동,10.0,20231117,월세,15.21,10800,10,2019.0,아파트,2023
성북구,12200,안암동2가,,20231023,월세,36.0,1000,70,1997.0,단독다가구,2023
성북구,13800,장위동,4.0,20231024,월세,48.51,2400,31,2019.0,연립다세대,2023
성북구,10400,동소문동1가,,20231017,월세,19.8,1000,55,2010.0,단독다가구,2023
성북구,11300,삼선동3가,,20231223,월세,20.64,1000,45,1983.0,단독다가구,2023
성북구,13600,하월곡동,7.0,20231117,월세,19.26,1000,75,2021.0,연립다세대,2023
성북구,11800,동선동3가,,20231017,월세,19.81,500,53,2000.0,단독다가구,2023
성북구,11800,동선동3가,,20231014,월세,35.0,5000,33,1993.0,단독다가구,2023
성북구,13800,장위동,,20231011,월세,25.56,0,25,1993.0,단독다가구,2023
성북구,13300,정릉동,1.0,20231201,월세,58.87,10000,25,2002.0,연립다세대,2023
성북구,13300,정릉동,,20231221,월세,21.48,3000,45,2021.0,단독다가구,2023
성북구,13700,상월곡동,,20231005,월세,50.88,3000,40,1994.0,단독다가구,2023
성북구,13600,하월곡동,,20231011,월세,27.0,1000,35,1992.0,단독다가구,2023
성북구,13300,정릉동,,20231227,월세,21.71,500,50,2020.0,단독다가구,2023
성북구,13900,석관동,4.0,20231024,월세,64.55,8000,60,2007.0,연립다세대,2023
성북구,13900,석관동,,20231017,월세,20.2,500,33,1974.0,단독다가구,2023
성북구,12100,안암동1가,,20231017,월세,21.0,1000,45,2007.0,단독다가구,2023
성북구,13700,상월곡동,,20231222,월세,23.0,8000,20,,단독다가구,2023
성북구,10900,동소문동6가,7.0,20231209,월세,12.4,1000,59,2013.0,아파트,2023
성북구,10900,동소문동6가,7.0,20231209,월세,12.7,1000,61,2013.0,아파트,2023
성북구,13600,하월곡동,,20231228,월세,23.0,300,35,1991.0,단독다가구,2023
성북구,12500,안암동5가,,20231229,월세,23.0,1000,62,2001.0,단독다가구,2023
성북구,12200,안암동2가,,20231021,월세,24.0,1000,65,2002.0,단독다가구,2023
성북구,13300,정릉동,,20231014,월세,37.69,1000,60,1994.0,단독다가구,2023
성북구,11300,삼선동3가,4.0,20231111,월세,56.18,26000,20,2008.0,연립다세대,2023
성북구,10900,동소문동6가,,20231113,월세,91.6,5000,120,,단독다가구,2023
성북구,11100,삼선동1가,,20231017,월세,22.0,1000,45,2002.0,단독다가구,2023
성북구,11500,삼선동5가,,20231011,월세,30.0,4000,45,2001.0,단독다가구,2023
성북구,12400,안암동4가,,20231222,월세,23.08,3000,55,2020.0,단독다가구,2023
성북구,13300,정릉동,,20231107,월세,49.25,1000,60,1996.0,단독다가구,2023
성북구,13900,석관동,,20231221,월세,24.0,500,45,1993.0,단독다가구,2023
성북구,13300,정릉동,,20231005,월세,61.54,5000,70,1989.0,단독다가구,2023
성북구,13900,석관동,,20231005,월세,62.0,800,60,1998.0,단독다가구,2023
성북구,11600,동선동1가,7.0,20231117,월세,14.08,4000,50,2014.0,연립다세대,2023
성북구,11600,동선동1가,5.0,20231117,월세,14.08,1000,65,2014.0,연립다세대,2023
성북구,12200,안암동2가,,20231228,월세,24.5,1000,62,2017.0,단독다가구,2023
성북구,11300,삼선동3가,5.0,20231102,월세,13.52,1000,15,2011.0,연립다세대,2023
성북구,13800,장위동,4.0,20231024,월세,58.92,4557,26,2019.0,연립다세대,2023
성북구,12600,보문동4가,,20231008,월세,55.2,2000,80,1995.0,단독다가구,2023
성북구,13300,정릉동,,20231005,월세,75.84,3000,60,1997.0,단독다가구,2023
성북구,10400,동소문동1가,,20231021,월세,30.0,1000,62,2001.0,단독다가구,2023
성북구,13900,석관동,,20231218,월세,15.0,500,18,1993.0,단독다가구,2023
성북구,12100,안암동1가,,20231011,월세,34.38,1000,60,1991.0,단독다가구,2023
성북구,12700,보문동5가,,20231014,월세,45.9,2000,55,1992.0,단독다가구,2023
성북구,13300,정릉동,1.0,20231110,월세,59.77,5000,130,2006.0,아파트,2023
성북구,11100,삼선동1가,,20231225,월세,28.0,500,40,1988.0,단독다가구,2023
성북구,13300,정릉동,7.0,20231110,월세,59.98,30000,45,2005.0,아파트,2023
성북구,13800,장위동,2.0,20231117,월세,51.37,1000,50,2001.0,연립다세대,2023
성북구,11700,동선동2가,,20231015,월세,33.0,3000,40,2001.0,단독다가구,2023
성북구,13400,길음동,5.0,20231117,월세,58.64,5530,13,2022.0,연립다세대,2023
성북구,10500,동소문동2가,,20231228,월세,29.75,1000,60,,단독다가구,2023
성북구,13800,장위동,12.0,20231120,월세,15.21,1000,60,2019.0,아파트,2023
성북구,11700,동선동2가,,20231028,월세,16.0,1000,40,1997.0,단독다가구,2023
성북구,13700,상월곡동,,20231226,월세,30.0,4000,50,1993.0,단독다가구,2023
성북구,12300,안암동3가,,20231203,월세,19.5,2000,45,2019.0,단독다가구,2023
성북구,13500,종암동,,20231009,월세,45.0,1000,42,1992.0,단독다가구,2023
성북구,13500,종암동,,20231012,월세,35.2,300,40,1994.0,단독다가구,2023
성북구,12000,동선동5가,,20231203,월세,20.0,1000,45,2010.0,단독다가구,2023
성북구,12100,안암동1가,4.0,20231031,월세,14.96,1000,55,2014.0,연립다세대,2023
성북구,13800,장위동,3.0,20231031,월세,58.96,1202,40,2019.0,연립다세대,2023
성북구,11100,삼선동1가,,20231221,월세,30.18,3000,86,1941.0,단독다가구,2023
성북구,13200,보문동3가,,20231009,월세,47.56,3000,40,1994.0,단독다가구,2023
성북구,11800,동선동3가,3.0,20231031,월세,43.34,10000,45,2002.0,연립다세대,2023
성북구,12800,보문동6가,4.0,20231114,월세,29.96,9644,35,2017.0,아파트,2023
성북구,13300,정릉동,,20231215,월세,15.0,2000,50,2018.0,단독다가구,2023
성북구,13300,정릉동,,20231221,월세,33.0,1000,70,1991.0,단독다가구,2023
성북구,13300,정릉동,,20231218,월세,17.86,1000,60,2020.0,단독다가구,2023
성북구,10900,동소문동6가,,20231028,월세,19.0,1000,40,1998.0,단독다가구,2023
성북구,13700,상월곡동,,20231122,월세,18.0,500,48,2018.0,단독다가구,2023
성북구,12500,안암동5가,,20231122,월세,18.0,2000,43,1991.0,단독다가구,2023
성북구,13300,정릉동,3.0,20231031,월세,42.64,19000,5,2015.0,연립다세대,2023
성북구,13300,정릉동,,20231206,월세,15.0,1000,57,2018.0,단독다가구,2023
성북구,13600,하월곡동,4.0,20231117,월세,74.6,2000,165,2022.0,오피스텔,2023
성북구,13500,종암동,,20231028,월세,21.0,300,47,1997.0,단독다가구,2023
성북구,13600,하월곡동,,20231218,월세,19.0,500,43,2011.0,단독다가구,2023
성북구,10300,돈암동,,20231012,월세,47.65,10000,50,2013.0,단독다가구,2023
성북구,11900,동선동4가,,20231222,월세,38.01,1000,30,1993.0,단독다가구,2023
성북구,13500,종암동,4.0,20231209,월세,14.7,5000,26,2011.0,연립다세대,2023
성북구,13900,석관동,,20231009,월세,77.04,3000,70,1994.0,단독다가구,2023
성북구,13300,정릉동,,20231222,월세,39.0,1000,70,1995.0,단독다가구,2023
성북구,11000,동소문동7가,,20231025,월세,14.55,3000,34,2023.0,단독다가구,2023
성북구,13600,하월곡동,,20231019,월세,20.0,1000,49,,단독다가구,2023
성북구,10100,성북동,,20231019,월세,20.0,2000,35,2002.0,단독다가구,2023
성북구,13800,장위동,,20231012,월세,49.84,3000,15,1993.0,단독다가구,2023
성북구,13800,장위동,5.0,20231110,월세,46.96,12000,50,2002.0,연립다세대,2023
성북구,10200,성북동1가,,20231017,월세,29.73,5000,110,2022.0,단독다가구,2023
성북구,12500,안암동5가,,20231218,월세,20.0,1000,65,2009.0,단독다가구,2023
성북구,12300,안암동3가,,20231021,월세,32.48,1000,45,1995.0,단독다가구,2023
성북구,13200,보문동3가,,20231014,월세,48.54,2000,60,1993.0,단독다가구,2023
성북구,13600,하월곡동,,20231028,월세,25.0,500,35,1993.0,단독다가구,2023
성북구,10100,성북동,2.0,20231107,월세,29.34,4500,86,2022.0,연립다세대,2023
성북구,13800,장위동,5.0,20231123,월세,47.84,13000,5,2004.0,연립다세대,2023
성북구,11000,동소문동7가,,20231104,월세,14.34,3000,33,2023.0,단독다가구,2023
성북구,11000,동소문동7가,,20231104,월세,14.58,3000,34,2023.0,단독다가구,2023
성북구,13300,정릉동,2.0,20231024,월세,58.31,2008,17,2012.0,연립다세대,2023
성북구,13500,종암동,,20231011,월세,44.7,1500,50,1995.0,단독다가구,2023
성북구,13800,장위동,4.0,20231110,월세,83.83,3200,6,2020.0,연립다세대,2023
성북구,11900,동선동4가,,20231017,월세,33.12,500,67,1995.0,단독다가구,2023
성북구,13300,정릉동,,20231215,월세,19.8,15000,10,2023.0,단독다가구,2023
성북구,13900,석관동,,20231011,월세,49.1,2000,50,2003.0,단독다가구,2023
성북구,13300,정릉동,,20231021,월세,38.0,300,40,1997.0,단독다가구,2023
성북구,12700,보문동5가,,20231228,월세,48.68,1000,70,1993.0,단독다가구,2023
성북구,12100,안암동1가,,20231021,월세,40.0,9000,20,1992.0,단독다가구,2023
성북구,10100,성북동,,20231014,월세,79.12,3000,100,1997.0,단독다가구,2023
성북구,13800,장위동,,20231221,월세,53.05,3000,60,1994.0,단독다가구,2023
성북구,13500,종암동,,20231104,월세,16.0,200,45,2018.0,단독다가구,2023
성북구,13700,상월곡동,,20231011,월세,62.2,2000,80,1991.0,단독다가구,2023
성북구,13300,정릉동,,20231209,월세,16.5,500,45,2018.0,단독다가구,2023
성북구,12700,보문동5가,,20231019,월세,23.1,2000,50,,단독다가구,2023
성북구,12300,안암동3가,,20231019,월세,24.0,500,35,1992.0,단독다가구,2023
성북구,11000,동소문동7가,,20231203,월세,36.3,1000,70,2016.0,단독다가구,2023
성북구,11800,동선동3가,,20231215,월세,23.1,1000,60,1996.0,단독다가구,2023
성북구,10100,성북동,,20231019,월세,25.92,1000,50,1985.0,단독다가구,2023
성북구,13600,하월곡동,6.0,20231114,월세,84.69,10000,100,2007.0,아파트,2023
성북구,12100,안암동1가,,20231022,월세,25.19,1000,53,1997.0,단독다가구,2023
성북구,11500,삼선동5가,,20231218,월세,29.72,2000,75,1993.0,단독다가구,2023
성북구,13900,석관동,,20231019,월세,27.5,500,30,1993.0,단독다가구,2023
성북구,10200,성북동1가,,20231019,월세,28.0,1000,40,2003.0,단독다가구,2023
성북구,12100,안암동1가,,20231218,월세,30.0,1000,60,1994.0,단독다가구,2023
성북구,13500,종암동,,20231228,월세,102.78,17500,50,1975.0,단독다가구,2023
성북구,13300,정릉동,,20231031,월세,17.35,2190,8,2020.0,단독다가구,2023
성북구,13300,정릉동,,20231215,월세,25.3,500,35,1992.0,단독다가구,2023
성북구,13500,종암동,,20231215,월세,25.66,500,50,1974.0,단독다가구,2023
성북구,13500,종암동,4.0,20231123,월세,47.57,24000,10,2015.0,연립다세대,2023
성북구,10100,성북동,,20231206,월세,21.1,1000,55,2020.0,단독다가구,2023
성북구,13600,하월곡동,,20231209,월세,20.0,500,35,1992.0,단독다가구,2023
성북구,13600,하월곡동,,20231016,월세,68.25,5000,60,,단독다가구,2023
성북구,10900,동소문동6가,,20231019,월세,36.0,1000,40,1994.0,단독다가구,2023
성북구,13500,종암동,,20231016,월세,86.8,10000,50,1987.0,단독다가구,2023
성북구,12200,안암동2가,,20231218,월세,36.05,3000,85,2015.0,단독다가구,2023
성북구,11800,동선동3가,,20231019,월세,38.0,1000,70,1996.0,단독다가구,2023
성북구,13500,종암동,,20231104,월세,26.0,500,55,,단독다가구,2023
성북구,13500,종암동,,20231024,월세,16.1,1000,40,2012.0,단독다가구,2023
성북구,13600,하월곡동,,20231017,월세,43.18,500,30,1992.0,단독다가구,2023
성북구,13900,석관동,,20231218,월세,39.76,2500,20,1996.0,단독다가구,2023
성북구,12000,동선동5가,,20231027,월세,13.4,200,20,1954.0,단독다가구,2023
성북구,13800,장위동,,20231017,월세,45.0,1000,40,1994.0,단독다가구,2023
성북구,11900,동선동4가,,20231206,월세,30.0,2000,90,2018.0,단독다가구,2023
성북구,10300,돈암동,13.0,20231108,월세,84.87,8000,165,1998.0,아파트,2023
성북구,11800,동선동3가,,20231024,월세,17.5,3000,35,2019.0,단독다가구,2023
성북구,13500,종암동,5.0,20231126,월세,84.73,10000,150,2005.0,아파트,2023
성북구,12500,안암동5가,,20231027,월세,15.38,4000,45,2023.0,단독다가구,2023
성북구,11800,동선동3가,,20231017,월세,47.45,5000,85,2012.0,단독다가구,2023
성북구,12700,보문동5가,,20231017,월세,47.49,3000,65,1993.0,단독다가구,2023
성북구,13300,정릉동,2.0,20231117,월세,17.1,1140,69,2023.0,연립다세대,2023
성북구,12800,보문동6가,,20231021,월세,50.29,4000,50,1993.0,단독다가구,2023
성북구,13300,정릉동,1.0,20231117,월세,20.51,1360,68,2023.0,연립다세대,2023
성북구,11100,삼선동1가,3.0,20231117,월세,73.32,0,60,2008.0,연립다세대,2023
성북구,13500,종암동,,20231017,월세,50.0,2000,55,1993.0,단독다가구,2023
성북구,12100,안암동1가,,20231209,월세,23.96,4000,30,2010.0,단독다가구,2023
성북구,10100,성북동,,20231021,월세,53.24,5500,65,1961.0,단독다가구,2023
성북구,10100,성북동,-1.0,20231108,월세,41.81,12700,7,1995.0,연립다세대,2023
성북구,13300,정릉동,,20231218,월세,45.36,4500,30,1994.0,단독다가구,2023
성북구,12800,보문동6가,,20231030,월세,14.32,500,35,2003.0,단독다가구,2023
성북구,13500,종암동,,20231024,월세,21.0,1000,53,2021.0,단독다가구,2023
성북구,11100,삼선동1가,,20231021,월세,72.76,1000,60,1993.0,단독다가구,2023
성북구,13900,석관동,,20231017,월세,66.4,7000,35,1997.0,단독다가구,2023
성북구,13300,정릉동,12.0,20231117,월세,84.09,30000,80,2009.0,아파트,2023
성북구,13300,정릉동,3.0,20231117,월세,66.21,5000,55,1989.0,연립다세대,2023
성북구,10100,성북동,4.0,20231204,월세,29.9,1000,50,2021.0,연립다세대,2023
성북구,10300,돈암동,9.0,20231111,월세,84.87,5000,170,1998.0,아파트,2023
성북구,10100,성북동,,20231209,월세,28.88,1000,100,2016.0,단독다가구,2023
성북구,13800,장위동,,20231021,월세,82.68,12000,20,1982.0,단독다가구,2023
성북구,13900,석관동,,20231031,월세,21.5,5000,20,1992.0,단독다가구,2023
성북구,13800,장위동,,20231017,월세,89.62,2000,65,1980.0,단독다가구,2023
성북구,13800,장위동,,20231028,월세,41.9,5000,40,2018.0,단독다가구,2023
성북구,13600,하월곡동,,20231104,월세,27.0,12000,5,2017.0,단독다가구,2023
성북구,10100,성북동,,20231019,월세,47.99,2000,235,2022.0,단독다가구,2023
성북구,11700,동선동2가,,20231019,월세,50.0,500,75,2001.0,단독다가구,2023
성북구,13700,상월곡동,,20231209,월세,32.0,500,40,1991.0,단독다가구,2023
성북구,11100,삼선동1가,,20231209,월세,33.0,9000,45,2017.0,단독다가구,2023
성북구,13100,보문동2가,,20231028,월세,49.46,13000,40,1993.0,단독다가구,2023
성북구,13800,장위동,,20231215,월세,51.51,5000,40,1996.0,단독다가구,2023
성북구,13600,하월곡동,,20231031,월세,28.0,2000,30,1993.0,단독다가구,2023
성북구,12100,안암동1가,,20231028,월세,51.68,2000,80,1993.0,단독다가구,2023
성북구,12700,보문동5가,,20231209,월세,33.44,500,60,1992.0,단독다가구,2023
성북구,13800,장위동,2.0,20231114,월세,23.82,10000,18,2020.0,연립다세대,2023
성북구,13800,장위동,,20231031,월세,30.0,500,40,1961.0,단독다가구,2023
성북구,10200,성북동1가,,20231028,월세,63.0,8000,75,2007.0,단독다가구,2023
성북구,10900,동소문동6가,,20231019,월세,82.5,3000,125,,단독다가구,2023
성북구,13300,정릉동,,20231028,월세,65.01,1000,120,1989.0,단독다가구,2023
성북구,13900,석관동,,20231104,월세,36.7,500,45,1992.0,단독다가구,2023
성북구,13900,석관동,,20231024,월세,27.0,1000,43,1993.0,단독다가구,2023
성북구,12700,보문동5가,,20231024,월세,27.0,1000,60,2018.0,단독다가구,2023
성북구,11500,삼선동5가,,20231209,월세,39.0,3000,80,2015.0,단독다가구,2023
성북구,12500,안암동5가,,20231027,월세,23.1,5000,45,,단독다가구,2023
성북구,13300,정릉동,9.0,20231120,월세,32.76,4222,1,2005.0,아파트,2023
성북구,13300,정릉동,12.0,20231120,월세,32.76,3432,1,2005.0,아파트,2023
성북구,11700,동선동2가,,20231209,월세,40.81,14000,22,1994.0,단독다가구,2023
성북구,13800,장위동,,20231024,월세,33.0,500,30,1978.0,단독다가구,2023
성북구,13300,정릉동,,20231024,월세,33.0,2000,70,2016.0,단독다가구,2023
성북구,13500,종암동,6.0,20231120,월세,59.4,5000,80,1996.0,아파트,2023
성북구,13300,정릉동,7.0,20231129,월세,51.05,2000,165,2023.0,연립다세대,2023
성북구,13900,석관동,,20231024,월세,34.0,500,45,1994.0,단독다가구,2023
성북구,13900,석관동,,20231024,월세,34.0,100,20,1993.0,단독다가구,2023
성북구,10300,돈암동,2.0,20231123,월세,143.51,5000,190,2005.0,아파트,2023
성북구,13400,길음동,,20231206,월세,65.22,14000,50,1990.0,단독다가구,2023
성북구,13600,하월곡동,,20231102,월세,16.52,500,40,2017.0,단독다가구,2023
성북구,10900,동소문동6가,5.0,20231114,월세,17.7,2000,58,2014.0,연립다세대,2023
성북구,10100,성북동,,20231030,월세,25.0,5000,60,1970.0,단독다가구,2023
성북구,10700,동소문동4가,,20231209,월세,49.86,12000,15,1992.0,단독다가구,2023
성북구,13800,장위동,,20231129,월세,13.0,200,20,1992.0,단독다가구,2023
성북구,13300,정릉동,14.0,20231123,월세,84.31,25000,24,1999.0,아파트,2023
성북구,13300,정릉동,,20231024,월세,40.46,10000,40,,단독다가구,2023
성북구,12800,보문동6가,,20231108,월세,17.0,2000,40,1991.0,단독다가구,2023
성북구,13900,석관동,,20231209,월세,51.0,1000,55,1996.0,단독다가구,2023
성북구,11600,동선동1가,,20231111,월세,10.56,200,24,1975.0,단독다가구,2023
성북구,13400,길음동,,20231209,월세,53.44,3000,60,2005.0,단독다가구,2023
성북구,13900,석관동,,20231030,월세,28.0,4000,20,1997.0,단독다가구,2023
성북구,13500,종암동,,20231111,월세,14.5,500,45,2017.0,단독다가구,2023
성북구,12700,보문동5가,,20231024,월세,43.5,2000,70,1993.0,단독다가구,2023
성북구,12700,보문동5가,,20231027,월세,36.56,500,45,1993.0,단독다가구,2023
성북구,13300,정릉동,,20231111,월세,16.0,1000,55,2017.0,단독다가구,2023
성북구,13900,석관동,,20231024,월세,48.48,2000,50,1993.0,단독다가구,2023
성북구,13800,장위동,,20231209,월세,62.35,2000,80,1971.0,단독다가구,2023
성북구,11400,삼선동4가,,20231024,월세,48.76,3000,50,1994.0,단독다가구,2023
성북구,11700,동선동2가,,20231030,월세,30.78,500,40,1990.0,단독다가구,2023
성북구,12500,안암동5가,,20231111,월세,17.0,10000,35,2023.0,단독다가구,2023
성북구,13900,석관동,,20231027,월세,40.0,1000,50,1993.0,단독다가구,2023
성북구,13300,정릉동,5.0,20231123,월세,22.93,3000,23,2014.0,연립다세대,2023
성북구,10300,돈암동,12.0,20231117,월세,84.87,20000,110,1998.0,아파트,2023
성북구,11100,삼선동1가,,20231102,월세,22.61,500,30,2000.0,단독다가구,2023
성북구,13600,하월곡동,,20231102,월세,23.0,1000,55,1991.0,단독다가구,2023
성북구,13300,정릉동,,20231102,월세,23.0,500,40,1993.0,단독다가구,2023
성북구,12200,안암동2가,,20231024,월세,55.82,2000,70,1989.0,단독다가구,2023
성북구,11200,삼선동2가,,20231027,월세,45.0,3000,80,,단독다가구,2023
성북구,12000,동선동5가,1.0,20231211,월세,22.73,1000,47,2002.0,연립다세대,2023
성북구,13400,길음동,,20231027,월세,46.92,500,30,1993.0,단독다가구,2023
성북구,11800,동선동3가,,20231024,월세,67.98,5000,80,1997.0,단독다가구,2023
성북구,12500,안암동5가,5.0,20231212,월세,14.13,2000,58,2012.0,연립다세대,2023
성북구,13500,종암동,2.0,20231210,월세,17.36,3000,20,2013.0,연립다세대,2023
성북구,10900,동소문동6가,,20231024,월세,71.66,10000,70,1988.0,단독다가구,2023
성북구,13900,석관동,,20231111,월세,20.0,3000,60,,단독다가구,2023
성북구,12200,안암동2가,,20231102,월세,27.0,500,45,1993.0,단독다가구,2023
성북구,11700,동선동2가,,20231102,월세,27.6,500,50,1995.0,단독다가구,2023
성북구,10200,성북동1가,,20231108,월세,25.0,1000,100,1996.0,단독다가구,2023
성북구,13800,장위동,2.0,20231212,월세,49.46,500,55,1977.0,연립다세대,2023
성북구,13900,석관동,,20231104,월세,39.01,500,40,1996.0,단독다가구,2023
성북구,12100,안암동1가,,20231031,월세,33.12,1000,50,1991.0,단독다가구,2023
성북구,13800,장위동,,20231031,월세,33.21,1000,40,1991.0,단독다가구,2023
성북구,13900,석관동,,20231025,월세,47.62,10000,30,1994.0,단독다가구,2023
성북구,13300,정릉동,2.0,20231129,월세,29.97,21000,20,2021.0,연립다세대,2023
성북구,11300,삼선동3가,,20231025,월세,48.16,3000,65,1997.0,단독다가구,2023
성북구,13500,종암동,-1.0,20231212,월세,26.67,2000,15,1994.0,연립다세대,2023
성북구,13500,종암동,-1.0,20231212,월세,27.54,2000,10,1994.0,연립다세대,2023
성북구,11400,삼선동4가,,20231025,월세,49.28,10000,55,1994.0,단독다가구,2023
성북구,13300,정릉동,2.0,20231219,월세,82.74,1000,29,1982.0,연립다세대,2023
성북구,13900,석관동,1.0,20231212,월세,33.32,500,52,1994.0,연립다세대,2023
성북구,12500,안암동5가,,20231111,월세,21.0,3000,65,1993.0,단독다가구,2023
성북구,12100,안암동1가,,20231108,월세,26.01,1000,55,1994.0,단독다가구,2023
성북구,13100,보문동2가,,20231111,월세,21.5,2000,62,2010.0,단독다가구,2023
성북구,13900,석관동,,20231108,월세,28.0,500,40,1991.0,단독다가구,2023
성북구,13300,정릉동,,20231025,월세,57.2,2000,57,1995.0,단독다가구,2023
성북구,13500,종암동,,20231025,월세,60.0,1000,45,1993.0,단독다가구,2023
성북구,12500,안암동5가,4.0,20231207,월세,28.28,1000,165,2022.0,연립다세대,2023
성북구,13300,정릉동,,20231117,월세,10.0,300,35,1984.0,단독다가구,2023
성북구,13300,정릉동,2.0,20231211,월세,15.0,7000,8,2013.0,연립다세대,2023
성북구,11000,동소문동7가,,20231117,월세,14.34,3000,32,2023.0,단독다가구,2023
성북구,11700,동선동2가,,20231102,월세,36.04,50,22,1965.0,단독다가구,2023
성북구,13300,정릉동,1.0,20231120,월세,41.67,1000,60,1986.0,연립다세대,2023
성북구,13700,상월곡동,,20231117,월세,16.0,1000,50,2016.0,단독다가구,2023
성북구,10300,돈암동,16.0,20231120,월세,84.87,30000,50,1998.0,아파트,2023
성북구,13600,하월곡동,11.0,20231204,월세,84.91,37000,25,2011.0,아파트,2023
성북구,13800,장위동,,20231030,월세,55.36,13000,20,1978.0,단독다가구,2023
성북구,12100,안암동1가,,20231101,월세,30.0,500,50,1992.0,단독다가구,2023
성북구,13100,보문동2가,,20231101,월세,31.4,1000,50,1994.0,단독다가구,2023
성북구,13500,종암동,,20231104,월세,43.92,1500,40,1993.0,단독다가구,2023
성북구,13800,장위동,2.0,20231212,월세,36.91,16500,5,2016.0,연립다세대,2023
성북구,13700,상월곡동,,20231104,월세,47.4,1000,60,1994.0,단독다가구,2023
성북구,13300,정릉동,,20231117,월세,18.8,500,45,1965.0,단독다가구,2023
성북구,13900,석관동,,20231104,월세,49.0,500,50,1997.0,단독다가구,2023
성북구,13900,석관동,,20231110,월세,18.7,500,34,2014.0,단독다가구,2023
성북구,11800,동선동3가,,20231107,월세,19.81,500,50,2000.0,단독다가구,2023
성북구,11000,동소문동7가,,20231104,월세,51.99,5500,75,1992.0,단독다가구,2023
성북구,12800,보문동6가,,20231110,월세,19.8,2500,45,1992.0,단독다가구,2023
성북구,13300,정릉동,,20231117,월세,20.0,200,20,1991.0,단독다가구,2023
성북구,13900,석관동,,20231117,월세,20.0,3000,60,,단독다가구,2023
성북구,13600,하월곡동,,20231110,월세,20.6,200,15,1994.0,단독다가구,2023
성북구,11400,삼선동4가,,20231101,월세,43.0,300,35,1993.0,단독다가구,2023
성북구,10900,동소문동6가,,20231104,월세,71.66,5000,85,1988.0,단독다가구,2023
성북구,13300,정릉동,,20231104,월세,88.76,5000,80,1966.0,단독다가구,2023
성북구,12500,안암동5가,,20231110,월세,23.14,700,40,1993.0,단독다가구,2023
성북구,11900,동선동4가,,20231117,월세,23.1,4000,25,2002.0,단독다가구,2023
성북구,10200,성북동1가,,20231111,월세,30.0,2000,60,1984.0,단독다가구,2023
성북구,11500,삼선동5가,,20231101,월세,49.0,2000,100,2017.0,단독다가구,2023
성북구,12500,안암동5가,,20231111,월세,30.0,1000,88,,단독다가구,2023
성북구,11900,동선동4가,,20231111,월세,30.0,1000,75,1992.0,단독다가구,2023
성북구,13300,정릉동,,20231105,월세,66.0,500,56,1992.0,단독다가구,2023
성북구,13800,장위동,1.0,20231204,월세,20.02,3000,45,2021.0,연립다세대,2023
성북구,11700,동선동2가,,20231117,월세,25.0,2000,50,1997.0,단독다가구,2023
성북구,13800,장위동,3.0,20231204,월세,55.12,1000,52,1991.0,연립다세대,2023
성북구,12800,보문동6가,,20231111,월세,33.0,500,60,1992.0,단독다가구,2023
성북구,10300,돈암동,16.0,20231204,월세,59.64,10000,100,1999.0,아파트,2023
성북구,13800,장위동,1.0,20231216,월세,40.47,12038,44,2022.0,아파트,2023
성북구,13500,종암동,11.0,20231207,월세,84.96,37000,35,2000.0,아파트,2023
성북구,13300,정릉동,15.0,20231129,월세,85.0,20000,85,2006.0,아파트,2023
성북구,11900,동선동4가,4.0,20231207,월세,50.12,6000,70,1999.0,연립다세대,2023
성북구,13900,석관동,,20231120,월세,18.8,500,30,1993.0,단독다가구,2023
성북구,11400,삼선동4가,3.0,20231204,월세,12.25,3000,34,2010.0,연립다세대,2023
성북구,12200,안암동2가,,20231110,월세,32.19,1000,50,1993.0,단독다가구,2023
성북구,13800,장위동,,20231110,월세,33.0,1000,38,1992.0,단독다가구,2023
성북구,11700,동선동2가,2.0,20231204,월세,23.69,1000,47,2001.0,연립다세대,2023
성북구,13900,석관동,,20231117,월세,35.0,1000,55,2012.0,단독다가구,2023
성북구,13300,정릉동,5.0,20231207,월세,59.59,5000,110,1999.0,아파트,2023
성북구,11400,삼선동4가,,20231123,월세,16.0,5000,40,2016.0,단독다가구,2023
성북구,13300,정릉동,,20231110,월세,33.67,500,50,2001.0,단독다가구,2023
성북구,13800,장위동,,20231120,월세,20.0,200,33,1975.0,단독다가구,2023
성북구,13300,정릉동,5.0,20231204,월세,75.18,10000,55,2009.0,연립다세대,2023
성북구,10300,돈암동,,20231123,월세,17.0,2000,33,2010.0,단독다가구,2023
성북구,10300,돈암동,,20231114,월세,13.2,100,45,2010.0,단독다가구,2023
성북구,13300,정릉동,9.0,20231216,월세,43.11,3000,80,2001.0,아파트,2023
성북구,13700,상월곡동,,20231120,월세,21.0,1000,55,2016.0,단독다가구,2023
성북구,13100,보문동2가,4.0,20231216,월세,61.32,5000,85,2002.0,연립다세대,2023
성북구,12000,동선동5가,,20231102,월세,67.0,11000,55,2002.0,단독다가구,2023
성북구,13300,정릉동,,20231117,월세,42.9,1000,35,1993.0,단독다가구,2023
성북구,13500,종암동,,20231117,월세,42.9,3400,40,1993.0,단독다가구,2023
성북구,13300,정릉동,,20231102,월세,72.5,4500,45,2006.0,단독다가구,2023
성북구,11700,동선동2가,,20231107,월세,42.04,1000,83,2000.0,단독다가구,2023
성북구,13800,장위동,,20231107,월세,42.59,500,30,1989.0,단독다가구,2023
성북구,12500,안암동5가,,20231126,월세,16.0,500,50,1994.0,단독다가구,2023
성북구,11800,동선동3가,,20231123,월세,18.5,1000,55,,단독다가구,2023
성북구,11800,동선동3가,,20231120,월세,24.0,1000,50,1989.0,단독다가구,2023
성북구,11100,삼선동1가,,20231117,월세,46.15,1000,65,1997.0,단독다가구,2023
성북구,12900,보문동7가,,20231117,월세,47.48,6000,45,1990.0,단독다가구,2023
성북구,12300,안암동3가,4.0,20231210,월세,80.28,1000,55,2005.0,연립다세대,2023
성북구,13400,길음동,6.0,20231211,월세,30.61,3646,7,2005.0,아파트,2023
성북구,13400,길음동,4.0,20231213,월세,30.61,1909,17,2005.0,아파트,2023
성북구,13400,길음동,1.0,20231213,월세,59.99,17000,60,2005.0,아파트,2023
성북구,13900,석관동,3.0,20231216,월세,32.58,12000,15,2008.0,연립다세대,2023
성북구,13800,장위동,2.0,20231128,월세,42.48,6000,25,1978.0,연립다세대,2023
성북구,13400,길음동,11.0,20231213,월세,84.94,15000,165,2010.0,아파트,2023
성북구,13300,정릉동,1.0,20231128,월세,84.96,5000,120,2003.0,아파트,2023
성북구,13300,정릉동,7.0,20231128,월세,84.09,10000,130,2005.0,아파트,2023
성북구,13900,석관동,3.0,20231125,월세,59.79,3000,90,1994.0,아파트,2023
성북구,13800,장위동,6.0,20231210,월세,59.5,30000,60,2017.0,아파트,2023
성북구,13300,정릉동,1.0,20231128,월세,19.7,5780,19,2020.0,연립다세대,2023
성북구,13400,길음동,3.0,20231204,월세,43.63,3276,17,2022.0,아파트,2023
성북구,10300,돈암동,4.0,20231216,월세,41.58,1000,85,1991.0,아파트,2023
성북구,13600,하월곡동,,20231118,월세,20.0,1000,55,2016.0,단독다가구,2023
성북구,11700,동선동2가,,20231118,월세,20.0,2000,50,2016.0,단독다가구,2023
성북구,10300,돈암동,10.0,20231216,월세,81.82,5000,155,2003.0,아파트,2023
성북구,13300,정릉동,1.0,20231201,월세,26.39,8208,29,2020.0,연립다세대,2023
성북구,11600,동선동1가,,20231121,월세,11.2,1500,55,,단독다가구,2023
성북구,11600,동선동1가,,20231121,월세,11.21,1500,55,,단독다가구,2023
성북구,12100,안암동1가,,20231118,월세,21.79,7000,10,1992.0,단독다가구,2023
성북구,10100,성북동,,20231121,월세,13.75,3000,20,1945.0,단독다가구,2023
성북구,13900,석관동,,20231118,월세,22.16,2000,60,2021.0,단독다가구,2023
성북구,10300,돈암동,8.0,20231207,월세,59.4,16000,80,1999.0,아파트,2023
성북구,12500,안암동5가,,20231121,월세,16.0,1000,55,1991.0,단독다가구,2023
성북구,13600,하월곡동,,20231121,월세,16.0,5000,30,,단독다가구,2023
성북구,13600,하월곡동,3.0,20231128,월세,40.67,4255,10,2018.0,연립다세대,2023
성북구,11000,동소문동7가,,20231115,월세,14.34,3000,33,2023.0,단독다가구,2023
성북구,13300,정릉동,,20231118,월세,26.0,1000,67,2021.0,단독다가구,2023
성북구,13300,정릉동,,20231112,월세,73.39,3000,100,1975.0,단독다가구,2023
성북구,13800,장위동,2.0,20231201,월세,47.48,1500,60,1993.0,연립다세대,2023
성북구,13400,길음동,31.0,20231216,월세,109.98,90000,140,2019.0,아파트,2023
성북구,13500,종암동,,20231118,월세,30.72,10000,30,1992.0,단독다가구,2023
성북구,13600,하월곡동,9.0,20231216,월세,59.75,36700,25,2006.0,아파트,2023
성북구,10300,돈암동,2.0,20231210,월세,41.58,10000,50,1991.0,아파트,2023
성북구,13900,석관동,1.0,20231201,월세,84.87,10000,130,1999.0,아파트,2023
성북구,13600,하월곡동,,20231115,월세,39.49,1500,65,1996.0,단독다가구,2023
성북구,13400,길음동,4.0,20231216,월세,59.97,13516,21,2019.0,아파트,2023
성북구,13400,길음동,18.0,20231216,월세,59.78,30000,120,2022.0,아파트,2023
성북구,13400,길음동,14.0,20231216,월세,59.87,16000,190,2022.0,아파트,2023
성북구,13300,정릉동,,20231121,월세,22.0,3000,50,2023.0,단독다가구,2023
성북구,13800,장위동,9.0,20231207,월세,59.99,10000,145,2020.0,아파트,2023
성북구,11400,삼선동4가,,20231115,월세,42.97,1000,60,1990.0,단독다가구,2023
성북구,10300,돈암동,17.0,20231125,월세,84.87,10000,160,1998.0,아파트,2023
성북구,11500,삼선동5가,,20231115,월세,46.74,20000,30,1992.0,단독다가구,2023
성북구,11100,삼선동1가,,20231118,월세,47.82,2000,45,1990.0,단독다가구,2023
성북구,13400,길음동,15.0,20231211,월세,33.46,6408,23,2019.0,아파트,2023
성북구,13400,길음동,20.0,20231211,월세,33.46,7760,19,2019.0,아파트,2023
성북구,13400,길음동,4.0,20231211,월세,33.46,1711,11,2019.0,아파트,2023
성북구,13400,길음동,2.0,20231211,월세,33.46,7670,20,2019.0,아파트,2023
성북구,13400,길음동,15.0,20231211,월세,33.46,6786,24,2019.0,아파트,2023
성북구,13400,길음동,20.0,20231211,월세,33.46,7670,20,2019.0,아파트,2023
성북구,13400,길음동,17.0,20231212,월세,33.46,7670,20,2019.0,아파트,2023
성북구,13400,길음동,20.0,20231212,월세,33.46,5554,27,2019.0,아파트,2023
성북구,13400,길음동,10.0,20231213,월세,33.46,1211,12,2019.0,아파트,2023
성북구,13400,길음동,16.0,20231213,월세,33.46,6409,23,2019.0,아파트,2023
성북구,13400,길음동,2.0,20231213,월세,33.46,7670,20,2019.0,아파트,2023
성북구,13600,하월곡동,,20231121,월세,29.1,2000,30,1993.0,단독다가구,2023
성북구,13500,종암동,16.0,20231211,월세,84.99,10000,174,2011.0,아파트,2023
성북구,13000,보문동1가,2.0,20231204,월세,39.2,2979,15,2022.0,아파트,2023
성북구,13000,보문동1가,1.0,20231204,월세,39.2,2979,15,2022.0,아파트,2023
성북구,10300,돈암동,8.0,20231128,월세,68.13,20000,80,1998.0,아파트,2023
성북구,11000,동소문동7가,10.0,20231128,월세,59.91,4000,155,2004.0,아파트,2023
성북구,10100,성북동,,20231115,월세,62.06,25000,5,2004.0,단독다가구,2023
성북구,13300,정릉동,,20231118,월세,54.94,500,25,1972.0,단독다가구,2023
성북구,13900,석관동,5.0,20231211,월세,39.01,6957,34,2019.0,아파트,2023
성북구,13900,석관동,9.0,20231211,월세,39.01,9713,25,2019.0,아파트,2023
성북구,13900,석관동,13.0,20231211,월세,39.01,9713,25,2019.0,아파트,2023
성북구,13900,석관동,16.0,20231211,월세,39.01,8595,31,2019.0,아파트,2023
성북구,13900,석관동,16.0,20231211,월세,39.01,9713,25,2019.0,아파트,2023
성북구,13900,석관동,15.0,20231211,월세,39.01,10686,28,2019.0,아파트,2023
성북구,13900,석관동,15.0,20231212,월세,39.01,9769,25,2019.0,아파트,2023
성북구,13900,석관동,1.0,20231213,월세,39.01,9827,25,2019.0,아파트,2023
성북구,12800,보문동6가,,20231118,월세,62.3,3000,75,1997.0,단독다가구,2023
성북구,13800,장위동,,20231118,월세,64.12,500,47,1993.0,단독다가구,2023
성북구,11000,동소문동7가,14.0,20231201,월세,59.91,15000,100,2004.0,아파트,2023
성북구,11300,삼선동3가,10.0,20231204,월세,35.58,2112,21,2008.0,아파트,2023
성북구,10200,성북동1가,,20231125,월세,10.51,400,65,,단독다가구,2023
성북구,13800,장위동,4.0,20231207,월세,56.64,2000,65,2001.0,연립다세대,2023
성북구,13500,종암동,,20231125,월세,14.0,200,40,1997.0,단독다가구,2023
성북구,13200,보문동3가,3.0,20231201,월세,59.65,25000,90,2003.0,아파트,2023
성북구,13500,종암동,,20231116,월세,41.93,8000,15,1996.0,단독다가구,2023
성북구,13300,정릉동,,20231116,월세,49.86,1000,55,1940.0,단독다가구,2023
성북구,13800,장위동,,20231116,월세,50.94,7000,35,1983.0,단독다가구,2023
성북구,13300,정릉동,,20231128,월세,15.0,1000,50,2018.0,단독다가구,2023
성북구,10900,동소문동6가,,20231128,월세,15.41,5000,15,1989.0,단독다가구,2023
성북구,13600,하월곡동,,20231116,월세,61.29,5000,55,2002.0,단독다가구,2023
성북구,12500,안암동5가,,20231125,월세,20.0,1000,77,2019.0,단독다가구,2023
성북구,13800,장위동,,20231116,월세,80.97,15000,75,1991.0,단독다가구,2023
성북구,11900,동선동4가,,20231123,월세,20.0,2000,55,,단독다가구,2023
성북구,11500,삼선동5가,,20231117,월세,67.94,7000,70,,단독다가구,2023
성북구,10800,동소문동5가,,20231117,월세,68.86,6000,45,,단독다가구,2023
성북구,13400,길음동,11.0,20231216,월세,111.71,40000,100,1998.0,아파트,2023
성북구,13900,석관동,,20231120,월세,30.0,300,30,1993.0,단독다가구,2023
성북구,11900,동선동4가,,20231119,월세,49.5,3000,60,1967.0,단독다가구,2023
성북구,11700,동선동2가,,20231121,월세,33.6,7000,30,2002.0,단독다가구,2023
성북구,12100,안암동1가,,20231201,월세,17.0,300,36,1994.0,단독다가구,2023
성북구,11600,동선동1가,6.0,20231204,월세,14.08,1000,65,2014.0,연립다세대,2023
성북구,11900,동선동4가,8.0,20231210,월세,21.13,2000,60,2011.0,오피스텔,2023
성북구,13100,보문동2가,,20231128,월세,19.81,1000,55,1996.0,단독다가구,2023
성북구,11700,동선동2가,,20231125,월세,26.4,1000,25,1993.0,단독다가구,2023
성북구,13600,하월곡동,,20231128,월세,20.0,1000,55,2016.0,단독다가구,2023
성북구,13300,정릉동,4.0,20231219,월세,49.78,2000,110,2012.0,연립다세대,2023
성북구,11500,삼선동5가,,20231123,월세,22.0,5000,70,2015.0,단독다가구,2023
성북구,13800,장위동,,20231120,월세,35.5,500,40,1995.0,단독다가구,2023
성북구,13300,정릉동,3.0,20231129,월세,53.98,1000,85,1996.0,연립다세대,2023
성북구,11400,삼선동4가,,20231123,월세,23.0,1000,45,1999.0,단독다가구,2023
성북구,12500,안암동5가,,20231126,월세,20.0,3000,60,2020.0,단독다가구,2023
성북구,13500,종암동,,20231123,월세,25.7,4000,35,,단독다가구,2023
성북구,13300,정릉동,2.0,20231212,월세,57.33,5000,40,1990.0,연립다세대,2023
성북구,12500,안암동5가,,20231126,월세,21.0,500,53,1995.0,단독다가구,2023
성북구,13300,정릉동,,20231123,월세,30.0,2000,40,2007.0,단독다가구,2023
성북구,13800,장위동,,20231120,월세,45.0,12000,25,1996.0,단독다가구,2023
성북구,13300,정릉동,1.0,20231129,월세,64.08,2000,70,1996.0,연립다세대,2023
성북구,10900,동소문동6가,3.0,20231219,월세,18.3,5000,53,2015.0,오피스텔,2023
성북구,11800,동선동3가,,20231120,월세,49.0,1000,75,2007.0,단독다가구,2023
성북구,13900,석관동,,20231120,월세,49.61,5000,23,1993.0,단독다가구,2023
성북구,13500,종암동,,20231123,월세,33.0,1000,50,1993.0,단독다가구,2023
성북구,13300,정릉동,,20231123,월세,35.0,300,45,1988.0,단독다가구,2023
성북구,13500,종암동,2.0,20231129,월세,75.77,2000,90,1982.0,연립다세대,2023
성북구,13400,길음동,,20231123,월세,37.53,500,50,1990.0,단독다가구,2023
성북구,13800,장위동,,20231120,월세,76.05,14000,15,1991.0,단독다가구,2023
성북구,10100,성북동,,20231123,월세,39.9,2000,60,1989.0,단독다가구,2023
성북구,12500,안암동5가,,20231201,월세,20.0,1000,55,2000.0,단독다가구,2023
성북구,10800,동소문동5가,,20231201,월세,20.0,500,43,1999.0,단독다가구,2023
성북구,13300,정릉동,,20231121,월세,42.4,2000,65,2013.0,단독다가구,2023
성북구,11400,삼선동4가,5.0,20231219,월세,23.56,19000,10,2019.0,연립다세대,2023
성북구,13400,길음동,,20231125,월세,33.06,2000,40,1994.0,단독다가구,2023
성북구,11400,삼선동4가,,20231121,월세,50.0,10000,50,2003.0,단독다가구,2023
성북구,10900,동소문동6가,,20231125,월세,35.26,2000,65,1996.0,단독다가구,2023
성북구,13800,장위동,,20231128,월세,27.0,500,35,1993.0,단독다가구,2023
성북구,12100,안암동1가,,20231125,월세,38.0,2000,60,2013.0,단독다가구,2023
성북구,12800,보문동6가,,20231201,월세,26.28,1000,45,1939.0,단독다가구,2023
성북구,11700,동선동2가,,20231128,월세,30.0,1000,65,1994.0,단독다가구,2023
성북구,11500,삼선동5가,,20231121,월세,76.07,11000,60,2003.0,단독다가구,2023
성북구,12700,보문동5가,,20231125,월세,40.28,3000,80,1993.0,단독다가구,2023
성북구,11800,동선동3가,,20231128,월세,31.27,4000,40,2001.0,단독다가구,2023
성북구,11300,삼선동3가,,20231201,월세,30.0,3000,70,1992.0,단독다가구,2023
성북구,13600,하월곡동,,20231126,월세,32.6,1000,45,1991.0,단독다가구,2023
성북구,11100,삼선동1가,,20231125,월세,53.51,11000,50,1997.0,단독다가구,2023
성북구,13500,종암동,,20231125,월세,53.86,2000,40,1996.0,단독다가구,2023
성북구,13600,하월곡동,,20231201,월세,35.0,500,40,1993.0,단독다가구,2023
성북구,13400,길음동,,20231125,월세,58.88,1500,42,1995.0,단독다가구,2023
성북구,13300,정릉동,14.0,20231219,월세,84.97,18000,80,2009.0,아파트,2023
성북구,13300,정릉동,,20231201,월세,38.99,500,43,1991.0,단독다가구,2023
성북구,13300,정릉동,4.0,20231204,월세,19.23,1280,79,2023.0,연립다세대,2023
성북구,13300,정릉동,2.0,20231129,월세,64.2,10000,70,2002.0,연립다세대,2023
성북구,13800,장위동,,20231123,월세,53.02,13000,20,1995.0,단독다가구,2023
성북구,11900,동선동4가,4.0,20231216,월세,13.53,1000,65,2014.0,연립다세대,2023
성북구,10800,동소문동5가,14.0,20231211,월세,16.67,3000,82,2017.0,아파트,2023
성북구,13800,장위동,3.0,20231204,월세,50.83,3000,60,2003.0,연립다세대,2023
성북구,13500,종암동,9.0,20231210,월세,59.73,5000,140,2004.0,아파트,2023
성북구,12200,안암동2가,,20231123,월세,148.2,500,55,1993.0,단독다가구,2023
성북구,13800,장위동,,20231201,월세,39.34,9000,10,1994.0,단독다가구,2023
성북구,13900,석관동,3.0,20231213,월세,29.71,18000,25,2018.0,연립다세대,2023
성북구,13300,정릉동,2.0,20231210,월세,41.4,1000,63,1988.0,연립다세대,2023
성북구,13300,정릉동,,20231129,월세,17.0,1000,40,2021.0,단독다가구,2023
성북구,13600,하월곡동,18.0,20231216,월세,84.84,20000,110,2003.0,아파트,2023
성북구,13300,정릉동,3.0,20231207,월세,59.01,13000,25,1992.0,연립다세대,2023
성북구,12200,안암동2가,,20231129,월세,20.5,1000,48,2017.0,단독다가구,2023
성북구,12500,안암동5가,6.0,20231213,월세,40.31,1000,120,2002.0,연립다세대,2023
성북구,11100,삼선동1가,,20231129,월세,23.87,13000,50,1969.0,단독다가구,2023
성북구,12500,안암동5가,,20231129,월세,25.0,250,45,1998.0,단독다가구,2023
성북구,13500,종암동,,20231129,월세,26.1,7000,30,2012.0,단독다가구,2023
성북구,12200,안암동2가,,20231129,월세,26.45,800,47,1997.0,단독다가구,2023
성북구,13300,정릉동,2.0,20231207,월세,84.09,20000,50,2005.0,아파트,2023
성북구,13300,정릉동,4.0,20231207,월세,26.15,8208,29,2020.0,연립다세대,2023
성북구,13300,정릉동,4.0,20231207,월세,26.15,4104,37,2020.0,연립다세대,2023
성북구,13300,정릉동,2.0,20231207,월세,26.39,8208,29,2020.0,연립다세대,2023
성북구,13600,하월곡동,5.0,20231211,월세,46.94,10000,50,2000.0,연립다세대,2023
성북구,10300,돈암동,18.0,20231210,월세,84.97,3000,170,2004.0,아파트,2023
성북구,13500,종암동,,20231129,월세,33.0,500,40,1993.0,단독다가구,2023
성북구,13600,하월곡동,,20231129,월세,33.0,300,25,1994.0,단독다가구,2023
성북구,10300,돈암동,20.0,20231204,월세,84.87,10000,160,1998.0,아파트,2023
성북구,13300,정릉동,4.0,20231211,월세,41.8,13000,10,2015.0,연립다세대,2023
성북구,10300,돈암동,11.0,20231211,월세,117.16,30000,85,2005.0,아파트,2023
성북구,12200,안암동2가,4.0,20231204,월세,24.75,1000,50,2012.0,연립다세대,2023
성북구,13300,정릉동,12.0,20231212,월세,59.88,22000,35,2005.0,아파트,2023
성북구,11500,삼선동5가,,20231129,월세,38.0,5000,70,2015.0,단독다가구,2023
성북구,11500,삼선동5가,,20231129,월세,39.67,3000,80,,단독다가구,2023
성북구,13500,종암동,15.0,20231211,월세,84.72,5000,160,1999.0,아파트,2023
성북구,13800,장위동,3.0,20231213,월세,52.42,13000,10,1997.0,연립다세대,2023
성북구,13100,보문동2가,,20231204,월세,13.11,5000,50,,단독다가구,2023
성북구,13300,정릉동,,20231204,월세,15.0,1000,50,,단독다가구,2023
성북구,12800,보문동6가,,20231129,월세,77.54,1000,60,1992.0,단독다가구,2023
성북구,13600,하월곡동,,20231204,월세,18.0,1000,60,2017.0,단독다가구,2023
성북구,13300,정릉동,,20231204,월세,18.0,5500,52,2023.0,단독다가구,2023
성북구,13300,정릉동,,20231219,월세,15.0,1000,50,2017.0,단독다가구,2023
성북구,10300,돈암동,9.0,20231207,월세,84.87,15000,140,1998.0,아파트,2023
성북구,10900,동소문동6가,4.0,20231212,월세,12.4,8000,24,2013.0,아파트,2023
성북구,12500,안암동5가,,20231219,월세,17.0,500,43,2001.0,단독다가구,2023
성북구,13300,정릉동,,20231219,월세,18.0,1000,45,2021.0,단독다가구,2023
성북구,12400,안암동4가,,20231205,월세,20.0,500,55,2016.0,단독다가구,2023
성북구,13300,정릉동,,20231219,월세,20.0,1000,50,2000.0,단독다가구,2023
성북구,13900,석관동,,20231205,월세,25.0,1000,52,2021.0,단독다가구,2023
성북구,13600,하월곡동,,20231216,월세,15.0,500,44,2015.0,단독다가구,2023
성북구,13600,하월곡동,,20231216,월세,15.0,500,50,2015.0,단독다가구,2023
성북구,13800,장위동,,20231205,월세,30.0,100,25,1992.0,단독다가구,2023
성북구,12500,안암동5가,,20231216,월세,16.5,1000,70,2019.0,단독다가구,2023
성북구,12700,보문동5가,,20231205,월세,34.31,1000,55,2017.0,단독다가구,2023
성북구,13900,석관동,,20231219,월세,29.5,5000,65,2019.0,단독다가구,2023
성북구,13700,상월곡동,,20231211,월세,13.2,1000,42,2017.0,단독다가구,2023
성북구,11700,동선동2가,,20231216,월세,18.5,1000,53,2019.0,단독다가구,2023
성북구,11600,동선동1가,,20231211,월세,15.0,100,30,,단독다가구,2023
성북구,11800,동선동3가,,20231211,월세,15.0,500,40,2001.0,단독다가구,2023
성북구,12000,동선동5가,,20231216,월세,19.57,500,45,2007.0,단독다가구,2023
성북구,12200,안암동2가,,20231219,월세,32.5,1000,50,1993.0,단독다가구,2023
성북구,10300,돈암동,,20231212,월세,16.0,2000,30,,단독다가구,2023
성북구,13700,상월곡동,,20231212,월세,16.0,1000,50,,단독다가구,2023
성북구,10400,동소문동1가,,20231216,월세,20.0,2000,45,2003.0,단독다가구,2023
성북구,13300,정릉동,,20231212,월세,16.5,1000,50,2017.0,단독다가구,2023
성북구,13500,종암동,,20231205,월세,45.0,3000,50,1996.0,단독다가구,2023
성북구,11800,동선동3가,,20231213,월세,18.0,1000,60,,단독다가구,2023
성북구,13700,상월곡동,,20231216,월세,21.48,1000,55,,단독다가구,2023
성북구,13300,정릉동,,20231211,월세,18.5,2000,45,,단독다가구,2023
성북구,13400,길음동,,20231219,월세,40.11,2000,50,1993.0,단독다가구,2023
성북구,11800,동선동3가,,20231216,월세,25.0,3000,38,1995.0,단독다가구,2023
성북구,13300,정릉동,,20231213,월세,19.8,300,41,1967.0,단독다가구,2023
성북구,10300,돈암동,,20231211,월세,20.0,700,15,,단독다가구,2023
성북구,13600,하월곡동,,20231216,월세,29.0,12000,20,1984.0,단독다가구,2023
성북구,12100,안암동1가,,20231219,월세,47.88,2000,80,1993.0,단독다가구,2023
성북구,11300,삼선동3가,,20231219,월세,48.02,1000,74,1993.0,단독다가구,2023
성북구,13600,하월곡동,,20231219,월세,48.94,2500,60,,단독다가구,2023
성북구,10200,성북동1가,,20231213,월세,21.0,2000,70,2007.0,단독다가구,2023
성북구,12400,안암동4가,,20231213,월세,21.58,5000,20,,단독다가구,2023
성북구,13800,장위동,,20231219,월세,59.82,2000,40,1994.0,단독다가구,2023
성북구,12800,보문동6가,,20231216,월세,33.2,500,50,1994.0,단독다가구,2023
성북구,12700,보문동5가,,20231213,월세,24.33,500,35,1992.0,단독다가구,2023
성북구,13300,정릉동,,20231213,월세,24.86,500,33,1993.0,단독다가구,2023
성북구,13800,장위동,,20231219,월세,70.5,3000,50,1988.0,단독다가구,2023
성북구,11100,삼선동1가,,20231211,월세,25.16,1000,80,2022.0,단독다가구,2023
성북구,11100,삼선동1가,,20231212,월세,25.41,1000,80,2022.0,단독다가구,2023
성북구,12200,안암동2가,,20231211,월세,30.0,2000,70,2015.0,단독다가구,2023
성북구,10100,성북동,,20231213,월세,30.0,1000,45,1993.0,단독다가구,2023
성북구,13900,석관동,,20231213,월세,32.8,1000,45,1993.0,단독다가구,2023
성북구,10800,동소문동5가,,20231213,월세,33.0,1000,70,1991.0,단독다가구,2023
성북구,13800,장위동,,20231216,월세,43.1,1000,55,1991.0,단독다가구,2023
성북구,12500,안암동5가,,20231207,월세,19.0,2000,60,,단독다가구,2023
성북구,11200,삼선동2가,,20231211,월세,38.42,7000,45,1997.0,단독다가구,2023
성북구,13800,장위동,,20231212,월세,39.6,500,45,1991.0,단독다가구,2023
성북구,13800,장위동,,20231216,월세,55.7,1500,55,1977.0,단독다가구,2023
성북구,13300,정릉동,,20231210,월세,41.44,300,45,1994.0,단독다가구,2023
성북구,13300,정릉동,,20231216,월세,68.0,11000,50,2002.0,단독다가구,2023
성북구,13900,석관동,,20231210,월세,45.0,500,40,1996.0,단독다가구,2023
성북구,11700,동선동2가,,20231216,월세,82.5,500,50,1990.0,단독다가구,2023
성북구,12300,안암동3가,,20231213,월세,45.5,2000,65,2004.0,단독다가구,2023
성북구,13600,하월곡동,,20231207,월세,23.14,2000,55,2012.0,단독다가구,2023
성북구,13800,장위동,,20231213,월세,50.0,2000,55,1996.0,단독다가구,2023
성북구,12800,보문동6가,,20231213,월세,51.74,5000,50,1967.0,단독다가구,2023
성북구,13400,길음동,,20231212,월세,53.94,10000,40,2003.0,단독다가구,2023
성북구,13800,장위동,,20231212,월세,55.76,1000,52,2002.0,단독다가구,2023
성북구,13500,종암동,,20231213,월세,56.0,3000,55,1991.0,단독다가구,2023
성북구,11100,삼선동1가,,20231207,월세,26.4,1000,53,2002.0,단독다가구,2023
성북구,12300,안암동3가,,20231211,월세,59.96,2000,85,1995.0,단독다가구,2023
성북구,11600,동선동1가,,20231211,월세,79.35,7000,3,1983.0,단독다가구,2023
성북구,11500,삼선동5가,,20231212,월세,90.61,10000,120,,단독다가구,2023
성북구,13300,정릉동,,20231212,월세,105.0,3000,70,,단독다가구,2023
성북구,10500,동소문동2가,,20231207,월세,44.02,1500,70,1992.0,단독다가구,2023
성북구,13500,종암동,,20231207,월세,50.0,8000,60,2003.0,단독다가구,2023
성북구,11200,삼선동2가,,20231207,월세,53.97,7500,35,1993.0,단독다가구,2023
성북구,11000,동소문동7가,2.0,20231108,월세,82.43,3000,100,2018.0,연립다세대,2024
성북구,12100,안암동1가,3.0,20240224,월세,12.79,7500,5,2013.0,연립다세대,2024
성북구,12500,안암동5가,3.0,20240113,월세,13.99,1000,68,2013.0,연립다세대,2024
성북구,12500,안암동5가,7.0,20231223,월세,17.78,1000,75,2018.0,연립다세대,2024
성북구,11000,동소문동7가,4.0,20231124,월세,13.59,1000,45,2011.0,연립다세대,2024
성북구,13400,길음동,,20240404,월세,74.58,15000,50,,단독다가구,2024
성북구,12200,안암동2가,3.0,20231124,월세,25.2,1000,50,2002.0,오피스텔,2024
성북구,11000,동소문동7가,2.0,20240709,월세,29.4,3400,63,2017.0,연립다세대,2024
성북구,12500,안암동5가,-1.0,20240422,월세,53.6,2000,75,1997.0,연립다세대,2024
성북구,10700,동소문동4가,3.0,20231127,월세,18.58,1000,73,2019.0,오피스텔,2024
성북구,13800,장위동,,20240306,월세,48.93,1000,50,,단독다가구,2024
성북구,11400,삼선동4가,1.0,20240924,월세,55.42,2000,83,2014.0,연립다세대,2024
성북구,10700,동소문동4가,7.0,20240116,월세,32.62,3000,100,2019.0,오피스텔,2024
성북구,13500,종암동,4.0,20240730,월세,41.02,18000,4,2015.0,연립다세대,2024
성북구,13100,보문동2가,8.0,20240131,월세,15.84,3700,47,2018.0,연립다세대,2024
성북구,12500,안암동5가,6.0,20240116,월세,14.47,3000,65,2012.0,연립다세대,2024
성북구,13800,장위동,,20240416,월세,34.0,6000,50,,단독다가구,2024
성북구,11900,동선동4가,5.0,20231208,월세,13.8,3000,30,2012.0,연립다세대,2024
성북구,10700,동소문동4가,8.0,20240301,월세,18.36,10000,40,2019.0,오피스텔,2024
성북구,12500,안암동5가,3.0,20240212,월세,49.41,1000,100,1991.0,연립다세대,2024
성북구,11900,동선동4가,3.0,20240113,월세,17.96,8000,30,2017.0,오피스텔,2024
성북구,11700,동선동2가,2.0,20240113,월세,14.85,1000,55,2012.0,연립다세대,2024
성북구,12500,안암동5가,,20240102,월세,19.0,1000,50,2008.0,단독다가구,2024
성북구,13300,정릉동,,20241021,월세,30.0,100,40,1991.0,단독다가구,2024
성북구,11800,동선동3가,3.0,20240110,월세,15.98,3000,36,2012.0,연립다세대,2024
성북구,12100,안암동1가,,20240102,월세,19.0,1000,45,1994.0,단독다가구,2024
성북구,11800,동선동3가,3.0,20240113,월세,19.2,500,52,2012.0,연립다세대,2024
성북구,13600,하월곡동,,20241021,월세,30.0,500,40,1996.0,단독다가구,2024
성북구,10700,동소문동4가,7.0,20240315,월세,18.45,1000,75,2019.0,오피스텔,2024
성북구,12500,안암동5가,3.0,20231229,월세,18.99,1000,71,2012.0,연립다세대,2024
성북구,11800,동선동3가,2.0,20240119,월세,17.57,1000,52,2012.0,연립다세대,2024
성북구,11100,삼선동1가,,20240223,월세,58.77,1000,80,,단독다가구,2024
성북구,11000,동소문동7가,5.0,20240618,월세,13.59,1000,50,2011.0,연립다세대,2024
성북구,13100,보문동2가,5.0,20240501,월세,75.77,2000,45,2005.0,연립다세대,2024
성북구,12300,안암동3가,,20240520,월세,36.0,500,50,1992.0,단독다가구,2024
성북구,10200,성북동1가,,20240215,월세,47.0,2000,80,,단독다가구,2024
성북구,10700,동소문동4가,8.0,20240518,월세,18.45,14000,24,2019.0,오피스텔,2024
성북구,13800,장위동,,20241014,월세,63.74,2000,60,1997.0,단독다가구,2024
성북구,13600,하월곡동,2.0,20240315,월세,18.86,2000,50,2012.0,연립다세대,2024
성북구,11000,동소문동7가,1.0,20241127,월세,79.89,25000,15,2018.0,연립다세대,2024
성북구,13600,하월곡동,,20240610,월세,83.82,5000,80,1993.0,단독다가구,2024
성북구,13600,하월곡동,2.0,20231202,월세,15.18,1000,55,2020.0,연립다세대,2024
성북구,12000,동선동5가,3.0,20240203,월세,36.13,2000,80,2012.0,연립다세대,2024
성북구,13900,석관동,,20240424,월세,43.45,6000,40,1993.0,단독다가구,2024
성북구,13900,석관동,,20240409,월세,29.5,3000,80,,단독다가구,2024
성북구,11600,동선동1가,9.0,20240203,월세,16.18,3000,70,2014.0,연립다세대,2024
성북구,11500,삼선동5가,,20231228,월세,29.72,19000,5,1993.0,단독다가구,2024
성북구,13800,장위동,2.0,20240128,월세,58.32,2000,80,2002.0,연립다세대,2024
성북구,13600,하월곡동,,20240629,월세,200.56,2000,53,2001.0,단독다가구,2024
성북구,13900,석관동,2.0,20240309,월세,39.205,3216,42,2021.0,연립다세대,2024
성북구,11800,동선동3가,3.0,20240131,월세,24.75,3000,35,1997.0,연립다세대,2024
성북구,13400,길음동,6.0,20240621,월세,30.15,4184,5,2005.0,아파트,2024
성북구,13600,하월곡동,1.0,20240215,월세,63.17,1000,80,2003.0,연립다세대,2024
성북구,12000,동선동5가,2.0,20240624,월세,41.01,8000,40,2009.0,연립다세대,2024
성북구,12500,안암동5가,3.0,20240324,월세,13.99,1000,65,2013.0,연립다세대,2024
성북구,11400,삼선동4가,2.0,20240116,월세,19.67,500,60,2008.0,연립다세대,2024
성북구,13100,보문동2가,3.0,20240821,월세,16.24,1000,55,2018.0,오피스텔,2024
성북구,13500,종암동,,20240215,월세,49.0,1500,55,,단독다가구,2024
성북구,13300,정릉동,1.0,20240209,월세,12.56,500,43,2013.0,연립다세대,2024
성북구,11800,동선동3가,5.0,20240312,월세,24.75,2000,39,1997.0,연립다세대,2024
성북구,11700,동선동2가,2.0,20240206,월세,22.57,2000,40,2002.0,연립다세대,2024
성북구,12500,안암동5가,3.0,20241127,월세,56.79,2000,120,1997.0,연립다세대,2024
성북구,13600,하월곡동,,20240907,월세,28.0,1000,50,1993.0,단독다가구,2024
성북구,11100,삼선동1가,3.0,20240309,월세,47.1,12000,40,1996.0,연립다세대,2024
성북구,11500,삼선동5가,5.0,20240131,월세,21.67,5000,63,2014.0,오피스텔,2024
성북구,13800,장위동,-1.0,20240304,월세,16.53,200,15,1977.0,연립다세대,2024
성북구,13300,정릉동,1.0,20240215,월세,15.43,500,43,2013.0,연립다세대,2024
성북구,13300,정릉동,1.0,20240218,월세,14.45,1000,45,2013.0,연립다세대,2024
성북구,13400,길음동,3.0,20240327,월세,30.15,575,15,2005.0,아파트,2024
성북구,13400,길음동,11.0,20240327,월세,30.15,575,15,2005.0,아파트,2024
성북구,12300,안암동3가,,20240312,월세,40.0,1000,50,,단독다가구,2024
성북구,13100,보문동2가,,20241205,월세,42.6,4000,70,1995.0,단독다가구,2024
성북구,12200,안암동2가,6.0,20240921,월세,25.2,1000,50,2002.0,오피스텔,2024
성북구,12500,안암동5가,3.0,20240709,월세,14.13,1000,63,2012.0,연립다세대,2024
성북구,11500,삼선동5가,5.0,20240224,월세,18.6,5000,53,2014.0,오피스텔,2024
성북구,13900,석관동,,20241105,월세,68.19,5000,60,1991.0,단독다가구,2024
성북구,10700,동소문동4가,2.0,20241009,월세,18.36,1000,75,2019.0,오피스텔,2024
성북구,13300,정릉동,-1.0,20240307,월세,30.46,500,21,1991.0,연립다세대,2024
성북구,13700,상월곡동,,20241122,월세,61.54,6000,10,1989.0,단독다가구,2024
성북구,13800,장위동,,20240415,월세,45.81,1000,40,,단독다가구,2024
성북구,12900,보문동7가,3.0,20240420,월세,13.92,500,49,2012.0,연립다세대,2024
성북구,13800,장위동,1.0,20240321,월세,36.27,3000,40,1991.0,연립다세대,2024
성북구,13300,정릉동,,20240510,월세,66.74,2000,60,1970.0,단독다가구,2024
성북구,10700,동소문동4가,4.0,20240604,월세,20.41,5000,55,2019.0,오피스텔,2024
성북구,13300,정릉동,2.0,20231226,월세,48.0,1000,70,1990.0,연립다세대,2024
성북구,13700,상월곡동,,20241205,월세,43.0,1000,60,1994.0,단독다가구,2024
성북구,12500,안암동5가,1.0,20240324,월세,22.72,500,75,2017.0,아파트,2024
성북구,12500,안암동5가,,20240102,월세,20.0,500,55,2007.0,단독다가구,2024
성북구,13100,보문동2가,,20240914,월세,24.75,1000,55,,단독다가구,2024
성북구,13800,장위동,,20240320,월세,72.63,1000,60,,단독다가구,2024
성북구,11000,동소문동7가,1.0,20240220,월세,82.43,15000,85,2018.0,연립다세대,2024
성북구,11500,삼선동5가,-1.0,20240220,월세,35.07,500,45,1986.0,연립다세대,2024
성북구,12000,동선동5가,2.0,20240409,월세,28.24,1000,44,2002.0,연립다세대,2024
성북구,13300,정릉동,2.0,20240122,월세,93.88,500,43,2001.0,연립다세대,2024
성북구,13100,보문동2가,4.0,20240424,월세,17.55,1000,57,2018.0,오피스텔,2024
성북구,13400,길음동,-1.0,20240409,월세,64.26,3000,15,1991.0,연립다세대,2024
성북구,13100,보문동2가,2.0,20240104,월세,16.32,1000,40,2010.0,연립다세대,2024
성북구,13900,석관동,5.0,20240621,월세,32.04,6000,17,2021.0,연립다세대,2024
성북구,13900,석관동,3.0,20240930,월세,41.25,5000,53,2013.0,연립다세대,2024
성북구,11100,삼선동1가,,20240520,월세,38.0,3000,52,2002.0,단독다가구,2024
성북구,12500,안암동5가,5.0,20240317,월세,14.13,3000,65,2012.0,연립다세대,2024
성북구,12900,보문동7가,3.0,20240921,월세,13.92,9000,8,2012.0,연립다세대,2024
성북구,10100,성북동,4.0,20240128,월세,29.39,22500,5,2021.0,연립다세대,2024
성북구,12300,안암동3가,4.0,20240331,월세,30.67,10000,10,1995.0,연립다세대,2024
성북구,13100,보문동2가,5.0,20231126,월세,61.06,45000,25,2017.0,연립다세대,2024
성북구,13200,보문동3가,,20240520,월세,38.4,1000,70,1993.0,단독다가구,2024
성북구,13300,정릉동,2.0,20240222,월세,59.22,3000,100,2019.0,연립다세대,2024
성북구,10100,성북동,,20240520,월세,38.67,2000,80,1997.0,단독다가구,2024
성북구,12500,안암동5가,3.0,20240225,월세,45.97,1000,70,2017.0,아파트,2024
성북구,11300,삼선동3가,3.0,20240119,월세,34.55,500,55,2003.0,연립다세대,2024
성북구,11800,동선동3가,3.0,20240518,월세,24.75,3000,34,1997.0,연립다세대,2024
성북구,12500,안암동5가,2.0,20240322,월세,37.36,500,65,2017.0,아파트,2024
성북구,10200,성북동1가,2.0,20241221,월세,43.95,12000,20,2003.0,연립다세대,2024
성북구,12500,안암동5가,2.0,20240427,월세,45.97,3000,50,2017.0,아파트,2024
성북구,12500,안암동5가,3.0,20240430,월세,45.97,500,80,2017.0,아파트,2024
성북구,10100,성북동,4.0,20240427,월세,21.27,2000,85,2021.0,연립다세대,2024
성북구,13300,정릉동,2.0,20240215,월세,12.15,2000,53,2013.0,연립다세대,2024
성북구,13600,하월곡동,,20241109,월세,70.41,12000,50,1967.0,단독다가구,2024
성북구,10700,동소문동4가,3.0,20241206,월세,17.56,1000,65,2019.0,오피스텔,2024
성북구,11700,동선동2가,2.0,20240703,월세,76.12,1000,42,2004.0,연립다세대,2024
성북구,10100,성북동,2.0,20240729,월세,31.44,2000,55,1992.0,연립다세대,2024
성북구,12500,안암동5가,3.0,20240125,월세,13.7,1000,57,2013.0,연립다세대,2024
성북구,10100,성북동,-1.0,20240810,월세,41.98,2000,50,1990.0,연립다세대,2024
성북구,13100,보문동2가,,20240220,월세,47.0,5000,70,,단독다가구,2024
성북구,13800,장위동,2.0,20240322,월세,41.12,10000,10,1975.0,연립다세대,2024
성북구,13600,하월곡동,,20240520,월세,40.0,500,35,1990.0,단독다가구,2024
성북구,13800,장위동,,20240520,월세,40.0,1000,40,1990.0,단독다가구,2024
성북구,13800,장위동,12.0,20240122,월세,33.04,16900,27,2020.0,아파트,2024
성북구,12200,안암동2가,-1.0,20241130,월세,26.09,1000,60,1994.0,연립다세대,2024
성북구,12200,안암동2가,4.0,20240105,월세,25.2,1000,50,2002.0,오피스텔,2024
성북구,13800,장위동,6.0,20240125,월세,33.04,1500,72,2020.0,아파트,2024
성북구,13800,장위동,2.0,20240418,월세,47.52,13000,5,1995.0,연립다세대,2024
성북구,13600,하월곡동,4.0,20240409,월세,29.95,300,40,2003.0,연립다세대,2024
성북구,12500,안암동5가,3.0,20231231,월세,14.47,3000,60,2012.0,연립다세대,2024
성북구,10100,성북동,3.0,20240910,월세,49.92,12000,20,1994.0,연립다세대,2024
성북구,12500,안암동5가,2.0,20240113,월세,28.19,3000,155,2022.0,연립다세대,2024
성북구,10100,성북동,2.0,20240727,월세,71.64,1000,70,1997.0,연립다세대,2024
성북구,13900,석관동,1.0,20240305,월세,47.43,11000,30,1993.0,연립다세대,2024
성북구,11600,동선동1가,9.0,20240709,월세,13.35,1000,70,2014.0,연립다세대,2024
성북구,13600,하월곡동,5.0,20240125,월세,26.86,2000,130,2023.0,연립다세대,2024
성북구,12500,안암동5가,,20240220,월세,50.0,1000,90,,단독다가구,2024
성북구,13500,종암동,-1.0,20240525,월세,30.51,300,40,1993.0,연립다세대,2024
성북구,12500,안암동5가,3.0,20231221,월세,69.42,3000,64,2001.0,연립다세대,2024
성북구,12500,안암동5가,3.0,20240131,월세,13.7,1000,63,2013.0,연립다세대,2024
성북구,13900,석관동,,20240520,월세,40.04,1000,40,1988.0,단독다가구,2024
성북구,12900,보문동7가,13.0,20240215,월세,59.98,6000,170,2021.0,아파트,2024
성북구,11400,삼선동4가,1.0,20240102,월세,29.83,2000,83,2014.0,연립다세대,2024
성북구,11800,동선동3가,,20240611,월세,39.0,7000,40,1994.0,단독다가구,2024
성북구,13400,길음동,,20240424,월세,45.75,1000,36,1992.0,단독다가구,2024
성북구,11200,삼선동2가,5.0,20240827,월세,19.54,1000,54,2018.0,연립다세대,2024
성북구,13500,종암동,3.0,20241218,월세,37.74,3000,52,2013.0,연립다세대,2024
성북구,13800,장위동,1.0,20240724,월세,43.53,1000,45,1983.0,연립다세대,2024
성북구,13800,장위동,1.0,20240718,월세,47.52,13000,10,1995.0,연립다세대,2024
성북구,13800,장위동,2.0,20240718,월세,42.3,1000,100,2022.0,연립다세대,2024
성북구,13400,길음동,2.0,20240309,월세,14.31,500,56,2012.0,연립다세대,2024
성북구,10700,동소문동4가,10.0,20240617,월세,20.87,1000,78,2019.0,오피스텔,2024
성북구,11800,동선동3가,5.0,20240405,월세,24.75,5500,10,1997.0,연립다세대,2024
성북구,13600,하월곡동,1.0,20240408,월세,63.17,5000,45,2003.0,연립다세대,2024
성북구,12500,안암동5가,6.0,20241105,월세,14.47,1000,75,2012.0,연립다세대,2024
성북구,13900,석관동,,20240307,월세,188.02,500,30,,단독다가구,2024
성북구,13800,장위동,2.0,20240810,월세,36.6,1000,40,1981.0,연립다세대,2024
성북구,13300,정릉동,-1.0,20240515,월세,51.83,1000,50,1987.0,연립다세대,2024
성북구,10900,동소문동6가,4.0,20240302,월세,73.1,10000,10,2001.0,연립다세대,2024
성북구,13300,정릉동,,20240719,월세,215.37,500,50,2018.0,단독다가구,2024
성북구,13800,장위동,2.0,20240426,월세,46.2,13000,5,1996.0,연립다세대,2024
성북구,13500,종암동,1.0,20240527,월세,28.85,500,45,1993.0,연립다세대,2024
성북구,11200,삼선동2가,1.0,20240902,월세,60.63,4000,30,1998.0,연립다세대,2024
성북구,13800,장위동,3.0,20240511,월세,40.32,1000,71,2020.0,연립다세대,2024
성북구,11100,삼선동1가,2.0,20240405,월세,31.62,2000,60,1986.0,연립다세대,2024
성북구,13300,정릉동,1.0,20240302,월세,42.02,2000,55,1998.0,연립다세대,2024
성북구,12200,안암동2가,3.0,20240513,월세,15.55,1000,51,2013.0,연립다세대,2024
성북구,11600,동선동1가,,20240220,월세,65.36,10000,50,,단독다가구,2024
성북구,13800,장위동,2.0,20240502,월세,71.92,4000,60,2002.0,연립다세대,2024
성북구,13800,장위동,2.0,20240611,월세,40.32,3000,73,2020.0,연립다세대,2024
성북구,11100,삼선동1가,,20240402,월세,49.94,2000,250,,단독다가구,2024
성북구,12000,동선동5가,1.0,20241118,월세,30.92,2000,45,2009.0,연립다세대,2024
성북구,13900,석관동,2.0,20240527,월세,46.07,12000,25,1996.0,연립다세대,2024
성북구,13800,장위동,13.0,20231208,월세,59.92,10000,150,2021.0,아파트,2024
성북구,12100,안암동1가,2.0,20240217,월세,11.99,2000,40,2013.0,연립다세대,2024
성북구,13800,장위동,,20240625,월세,27.27,10000,17,1958.0,단독다가구,2024
성북구,13400,길음동,,20240907,월세,33.0,0,35,1991.0,단독다가구,2024
성북구,12500,안암동5가,,20240618,월세,25.0,500,40,2001.0,단독다가구,2024
성북구,12100,안암동1가,,20241030,월세,62.81,2000,110,,단독다가구,2024
성북구,10200,성북동1가,,20240625,월세,28.0,2000,70,2014.0,단독다가구,2024
성북구,13300,정릉동,3.0,20240228,월세,62.43,1978,57,2021.0,연립다세대,2024
성북구,13500,종암동,2.0,20240724,월세,27.735,1000,122,2023.0,연립다세대,2024
성북구,13900,석관동,4.0,20240628,월세,29.93,5000,80,2019.0,연립다세대,2024
성북구,13800,장위동,1.0,20240927,월세,48.69,1000,55,1976.0,연립다세대,2024
성북구,13500,종암동,4.0,20240815,월세,13.161,1000,69,2023.0,연립다세대,2024
성북구,13500,종암동,4.0,20240813,월세,29.67,500,133,2023.0,연립다세대,2024
성북구,10100,성북동,3.0,20240412,월세,19.71,10500,19,2006.0,연립다세대,2024
성북구,13900,석관동,6.0,20240509,월세,33.03,12500,3,2004.0,오피스텔,2024
성북구,13300,정릉동,4.0,20240125,월세,59.98,3000,60,1994.0,연립다세대,2024
성북구,11800,동선동3가,2.0,20240921,월세,24.75,5500,14,1997.0,연립다세대,2024
성북구,13800,장위동,15.0,20231127,월세,33.66,1500,103,2020.0,아파트,2024
성북구,11500,삼선동5가,10.0,20240821,월세,21.67,5000,63,2014.0,오피스텔,2024
성북구,11700,동선동2가,2.0,20231115,월세,12.26,2500,47,2011.0,연립다세대,2024
성북구,13800,장위동,3.0,20241003,월세,27.32,17598,1,2018.0,오피스텔,2024
성북구,13500,종암동,6.0,20240810,월세,29.93,5000,145,2023.0,연립다세대,2024
성북구,11900,동선동4가,11.0,20240110,월세,24.64,1000,70,2005.0,오피스텔,2024
성북구,13900,석관동,6.0,20240113,월세,27.8,3000,110,2021.0,연립다세대,2024
성북구,10100,성북동,-1.0,20240620,월세,59.26,14910,14,2003.0,연립다세대,2024
성북구,13600,하월곡동,,20240714,월세,215.94,1000,29,1992.0,단독다가구,2024
성북구,11800,동선동3가,3.0,20241012,월세,24.75,5500,14,1997.0,연립다세대,2024
성북구,13500,종암동,2.0,20240902,월세,13.161,1000,70,2023.0,연립다세대,2024
성북구,13500,종암동,3.0,20240902,월세,29.67,3000,104,2023.0,연립다세대,2024
성북구,11400,삼선동4가,5.0,20240611,월세,29.8,14000,35,2014.0,오피스텔,2024
성북구,13900,석관동,-1.0,20240224,월세,33.75,9500,10,1994.0,연립다세대,2024
성북구,13600,하월곡동,3.0,20240525,월세,69.8,4000,58,2002.0,연립다세대,2024
성북구,13900,석관동,6.0,20240715,월세,26.23,3000,110,2022.0,연립다세대,2024
성북구,13500,종암동,3.0,20231223,월세,17.2,1000,62,2013.0,연립다세대,2024
성북구,13300,정릉동,-1.0,20240605,월세,40.13,1000,40,1994.0,연립다세대,2024
성북구,12100,안암동1가,,20240625,월세,30.0,1000,70,2004.0,단독다가구,2024
성북구,13400,길음동,8.0,20231214,월세,60.0,10000,150,2003.0,아파트,2024
성북구,11400,삼선동4가,2.0,20240330,월세,21.15,1000,60,2008.0,연립다세대,2024
성북구,10900,동소문동6가,3.0,20240511,월세,32.51,5000,60,2001.0,연립다세대,2024
성북구,10300,돈암동,1.0,20240715,월세,37.79,4000,45,1995.0,연립다세대,2024
성북구,11400,삼선동4가,9.0,20240327,월세,29.8,5000,76,2014.0,오피스텔,2024
성북구,13300,정릉동,2.0,20240104,월세,82.74,1000,30,1982.0,연립다세대,2024
성북구,11500,삼선동5가,13.0,20240125,월세,30.42,1000,60,2003.0,오피스텔,2024
성북구,12800,보문동6가,3.0,20240912,월세,84.96,10000,220,2017.0,아파트,2024
성북구,12300,안암동3가,4.0,20240518,월세,53.61,27000,40,2018.0,연립다세대,2024
성북구,13300,정릉동,11.0,20231226,월세,114.63,40000,50,1999.0,아파트,2024
성북구,12000,동선동5가,3.0,20241121,월세,36.13,1000,90,2012.0,연립다세대,2024
성북구,10900,동소문동6가,2.0,20240116,월세,25.86,8000,48,2014.0,연립다세대,2024
성북구,13500,종암동,,20240611,월세,39.6,200,40,1998.0,단독다가구,2024
성북구,13500,종암동,,20240304,월세,36.0,4000,66,,단독다가구,2024
성북구,11400,삼선동4가,2.0,20240309,월세,40.05,15000,70,2017.0,연립다세대,2024
성북구,13400,길음동,9.0,20240113,월세,84.05,49000,50,2007.0,아파트,2024
성북구,13400,길음동,13.0,20240113,월세,84.99,40200,90,2010.0,아파트,2024
성북구,13500,종암동,3.0,20240107,월세,55.01,1000,30,2016.0,연립다세대,2024
성북구,13900,석관동,,20240221,월세,39.48,1000,60,,단독다가구,2024
성북구,13600,하월곡동,,20240520,월세,50.26,1000,55,2001.0,단독다가구,2024
성북구,13400,길음동,15.0,20240113,월세,60.0,33000,25,2003.0,아파트,2024
성북구,13400,길음동,13.0,20231229,월세,84.97,25000,120,2005.0,아파트,2024
성북구,13900,석관동,,20240412,월세,93.21,1000,40,,단독다가구,2024
성북구,13400,길음동,19.0,20231229,월세,84.99,53000,20,2010.0,아파트,2024
성북구,13500,종암동,,20240522,월세,69.07,3000,80,1995.0,단독다가구,2024
성북구,12000,동선동5가,2.0,20241130,월세,36.41,10000,45,2012.0,연립다세대,2024
성북구,10900,동소문동6가,,20240520,월세,51.6,1500,63,1997.0,단독다가구,2024
성북구,13400,길음동,1.0,20231223,월세,59.99,5000,160,2010.0,아파트,2024
성북구,13400,길음동,14.0,20231223,월세,84.82,25000,150,2010.0,아파트,2024
성북구,13900,석관동,,20240227,월세,50.79,4000,60,,단독다가구,2024
성북구,12900,보문동7가,,20241205,월세,45.01,4000,30,1993.0,단독다가구,2024
성북구,11800,동선동3가,5.0,20240530,월세,20.36,2000,49,2013.0,연립다세대,2024
성북구,13300,정릉동,2.0,20240423,월세,29.84,2000,40,2021.0,연립다세대,2024
성북구,13900,석관동,,20240520,월세,52.0,3000,70,,단독다가구,2024
성북구,13100,보문동2가,5.0,20240921,월세,40.0,1000,60,2001.0,연립다세대,2024
성북구,13400,길음동,15.0,20240119,월세,84.96,5000,155,2010.0,아파트,2024
성북구,13300,정릉동,11.0,20240119,월세,59.59,28000,20,1999.0,아파트,2024
성북구,11700,동선동2가,2.0,20240104,월세,37.29,3000,110,2017.0,연립다세대,2024
성북구,11300,삼선동3가,4.0,20240318,월세,31.33,4000,48,2003.0,연립다세대,2024
성북구,13800,장위동,15.0,20240119,월세,32.22,7838,21,2017.0,아파트,2024
성북구,13800,장위동,5.0,20240119,월세,40.24,10119,27,2017.0,아파트,2024
성북구,12200,안암동2가,,20240907,월세,34.06,5000,50,,단독다가구,2024
성북구,13500,종암동,,20241205,월세,45.2,10000,32,2012.0,단독다가구,2024
성북구,13300,정릉동,4.0,20240611,월세,21.96,5000,23,2020.0,연립다세대,2024
성북구,13400,길음동,19.0,20240122,월세,84.82,10000,200,2010.0,아파트,2024
성북구,13500,종암동,5.0,20240224,월세,19.61,2000,68,2015.0,연립다세대,2024
성북구,10100,성북동,,20240403,월세,39.66,1000,60,,단독다가구,2024
성북구,10300,돈암동,18.0,20240125,월세,84.94,45000,40,2014.0,아파트,2024
성북구,13800,장위동,9.0,20240122,월세,40.47,12038,44,2022.0,아파트,2024
성북구,13800,장위동,5.0,20240122,월세,40.47,14444,38,2022.0,아파트,2024
성북구,11400,삼선동4가,2.0,20240424,월세,21.11,1000,60,2008.0,연립다세대,2024
성북구,10700,동소문동4가,3.0,20241108,월세,52.06,6000,100,2002.0,연립다세대,2024
성북구,11800,동선동3가,3.0,20240511,월세,24.64,5000,35,2003.0,오피스텔,2024
성북구,13600,하월곡동,1.0,20240508,월세,42.26,7000,15,2002.0,연립다세대,2024
성북구,13300,정릉동,14.0,20240101,월세,59.59,5000,120,1999.0,아파트,2024
성북구,12100,안암동1가,5.0,20240523,월세,29.96,500,48,2019.0,연립다세대,2024
성북구,11500,삼선동5가,8.0,20240206,월세,51.09,5000,85,2003.0,오피스텔,2024
성북구,13500,종암동,4.0,20240119,월세,29.41,1000,90,2018.0,연립다세대,2024
성북구,13600,하월곡동,2.0,20241009,월세,15.92,1000,55,2020.0,연립다세대,2024
성북구,12200,안암동2가,2.0,20240704,월세,25.2,1000,50,2002.0,오피스텔,2024
성북구,13800,장위동,,20240519,월세,60.22,7000,20,1989.0,단독다가구,2024
성북구,12100,안암동1가,3.0,20240807,월세,18.56,2000,60,2017.0,연립다세대,2024
성북구,13600,하월곡동,,20240510,월세,75.24,5000,60,1978.0,단독다가구,2024
성북구,13400,길음동,8.0,20240104,월세,84.97,20000,84,2005.0,아파트,2024
성북구,10900,동소문동6가,,20241116,월세,19.0,2000,35,1998.0,단독다가구,2024
성북구,12100,안암동1가,,20241116,월세,19.0,6000,5,2012.0,단독다가구,2024
성북구,13900,석관동,6.0,20240116,월세,24.25,1000,50,2002.0,오피스텔,2024
성북구,11100,삼선동1가,1.0,20240214,월세,103.11,12000,15,2004.0,연립다세대,2024
성북구,13800,장위동,10.0,20240318,월세,33.04,16900,32,2020.0,아파트,2024
성북구,13800,장위동,11.0,20240104,월세,39.0,11109,41,2022.0,아파트,2024
성북구,13800,장위동,10.0,20240104,월세,39.0,10492,38,2022.0,아파트,2024
성북구,13800,장위동,7.0,20240104,월세,39.0,12028,31,2022.0,아파트,2024
성북구,13800,장위동,12.0,20240321,월세,18.39,7700,13,2020.0,아파트,2024
성북구,13800,장위동,2.0,20240523,월세,45.2,13000,40,2016.0,연립다세대,2024
성북구,13800,장위동,13.0,20240301,월세,26.994,500,66,2020.0,아파트,2024
성북구,13400,길음동,10.0,20240203,월세,84.96,20000,110,2003.0,아파트,2024
성북구,13600,하월곡동,,20240104,월세,47.22,2000,65,1994.0,단독다가구,2024
성북구,11600,동선동1가,7.0,20241206,월세,16.18,5000,60,2014.0,연립다세대,2024
성북구,12500,안암동5가,2.0,20240516,월세,60.63,5000,80,1997.0,연립다세대,2024
성북구,13300,정릉동,9.0,20240110,월세,59.98,3000,90,2001.0,아파트,2024
성북구,13400,길음동,,20241021,월세,32.56,1000,65,2019.0,단독다가구,2024
성북구,13600,하월곡동,,20240520,월세,59.56,3000,40,2002.0,단독다가구,2024
성북구,13300,정릉동,,20241112,월세,22.0,1000,60,1992.0,단독다가구,2024
성북구,13600,하월곡동,7.0,20240203,월세,59.65,21000,40,2010.0,아파트,2024
성북구,11600,동선동1가,,20241216,월세,18.0,8000,20,2017.0,단독다가구,2024
성북구,13400,길음동,5.0,20240131,월세,59.99,6000,170,2010.0,아파트,2024
성북구,13400,길음동,6.0,20240131,월세,60.0,7000,155,2003.0,아파트,2024
성북구,12400,안암동4가,4.0,20240518,월세,23.62,3000,52,2011.0,연립다세대,2024
성북구,12800,보문동6가,2.0,20231208,월세,21.12,1000,65,2014.0,연립다세대,2024
성북구,13300,정릉동,,20241216,월세,18.0,1000,45,1971.0,단독다가구,2024
성북구,10100,성북동,2.0,20240516,월세,46.35,1500,90,1986.0,연립다세대,2024
성북구,13300,정릉동,15.0,20240116,월세,43.11,3000,80,2001.0,아파트,2024
성북구,12100,안암동1가,,20240907,월세,36.0,2000,77,2014.0,단독다가구,2024
성북구,13900,석관동,4.0,20231220,월세,18.32,2000,33,2013.0,연립다세대,2024
성북구,13300,정릉동,4.0,20240513,월세,43.23,300,60,2022.0,연립다세대,2024
성북구,13300,정릉동,1.0,20240116,월세,73.88,3000,80,1980.0,연립다세대,2024
성북구,13400,길음동,,20240417,월세,59.87,35000,90,,단독다가구,2024
성북구,13300,정릉동,2.0,20240807,월세,67.98,500,52,2012.0,연립다세대,2024
성북구,11400,삼선동4가,6.0,20240927,월세,22.22,5000,65,2014.0,연립다세대,2024
성북구,13400,길음동,6.0,20240206,월세,84.97,10000,180,2005.0,아파트,2024
성북구,13300,정릉동,1.0,20240810,월세,42.02,2000,55,1998.0,연립다세대,2024
성북구,13300,정릉동,3.0,20240311,월세,29.63,5000,80,2023.0,연립다세대,2024
성북구,13300,정릉동,2.0,20240807,월세,12.15,1000,60,2013.0,연립다세대,2024
성북구,13800,장위동,14.0,20240426,월세,18.39,500,36,2020.0,아파트,2024
성북구,12100,안암동1가,2.0,20240119,월세,18.58,8000,10,2012.0,연립다세대,2024
성북구,13300,정릉동,,20240527,월세,77.82,6000,60,1989.0,단독다가구,2024
성북구,11500,삼선동5가,,20240625,월세,34.4,1000,55,1990.0,단독다가구,2024
성북구,13300,정릉동,-1.0,20240617,월세,41.64,800,60,1992.0,연립다세대,2024
성북구,13900,석관동,,20240321,월세,42.0,1000,50,,단독다가구,2024
성북구,11400,삼선동4가,5.0,20240930,월세,27.09,14000,20,2014.0,오피스텔,2024
성북구,11400,삼선동4가,12.0,20240930,월세,27.6,17000,15,2014.0,오피스텔,2024
성북구,13500,종암동,7.0,20231202,월세,114.99,15000,200,2009.0,아파트,2024
성북구,13300,정릉동,-1.0,20241028,월세,30.46,300,22,1991.0,연립다세대,2024
성북구,11600,동선동1가,4.0,20240113,월세,21.46,1000,50,2002.0,오피스텔,2024
성북구,13800,장위동,5.0,20240402,월세,33.036,16900,29,2020.0,아파트,2024
성북구,13800,장위동,4.0,20241118,월세,26.33,20000,7,2018.0,연립다세대,2024
성북구,12300,안암동3가,3.0,20240203,월세,52.0,2000,45,1971.0,아파트,2024
성북구,11400,삼선동4가,5.0,20240122,월세,29.9,5000,150,2023.0,연립다세대,2024
성북구,13300,정릉동,2.0,20240704,월세,34.3,12000,21,2006.0,연립다세대,2024
성북구,13900,석관동,10.0,20231214,월세,59.96,15000,143,2019.0,아파트,2024
성북구,11400,삼선동4가,5.0,20240125,월세,29.42,25000,26,2023.0,연립다세대,2024
성북구,12100,안암동1가,3.0,20240316,월세,12.85,3000,40,2013.0,연립다세대,2024
성북구,12100,안암동1가,3.0,20240316,월세,13.5,3000,35,2013.0,연립다세대,2024
성북구,10300,돈암동,4.0,20240107,월세,40.23,5000,90,2014.0,연립다세대,2024
성북구,13800,장위동,5.0,20241118,월세,23.4,1000,60,2022.0,연립다세대,2024
성북구,12200,안암동2가,,20241021,월세,33.0,1000,60,1997.0,단독다가구,2024
성북구,13500,종암동,12.0,20231214,월세,84.95,35000,60,2004.0,아파트,2024
성북구,12500,안암동5가,3.0,20240217,월세,14.13,1000,60,2012.0,연립다세대,2024
성북구,11500,삼선동5가,,20240625,월세,35.59,2000,80,1998.0,단독다가구,2024
성북구,11200,삼선동2가,,20241021,월세,33.0,500,50,1997.0,단독다가구,2024
성북구,13300,정릉동,3.0,20240709,월세,40.59,200,60,2022.0,연립다세대,2024
성북구,13400,길음동,10.0,20240215,월세,59.99,7000,120,2003.0,아파트,2024
성북구,12100,안암동1가,,20240409,월세,31.0,300,40,,단독다가구,2024
성북구,13900,석관동,3.0,20231226,월세,12.95,1000,45,2013.0,연립다세대,2024
성북구,13400,길음동,9.0,20240215,월세,84.64,30000,100,2005.0,아파트,2024
성북구,13300,정릉동,15.0,20240218,월세,59.42,3000,125,1999.0,아파트,2024
성북구,11000,동소문동7가,3.0,20240812,월세,59.89,10000,80,2018.0,연립다세대,2024
성북구,13300,정릉동,3.0,20240902,월세,29.96,1000,85,2011.0,연립다세대,2024
성북구,13300,정릉동,17.0,20240203,월세,43.11,8000,40,2001.0,아파트,2024
성북구,12500,안암동5가,2.0,20240310,월세,18.54,1000,48,2012.0,연립다세대,2024
성북구,13800,장위동,21.0,20240318,월세,36.14,8787,24,2020.0,아파트,2024
성북구,13800,장위동,10.0,20240318,월세,36.14,6683,34,2020.0,아파트,2024
성북구,13800,장위동,19.0,20240318,월세,36.14,8301,22,2020.0,아파트,2024
성북구,13300,정릉동,2.0,20240818,월세,63.31,250,37,1979.0,연립다세대,2024
성북구,11600,동선동1가,7.0,20240122,월세,21.46,1000,50,2002.0,오피스텔,2024
성북구,10700,동소문동4가,,20240402,월세,56.14,15000,30,,단독다가구,2024
성북구,13600,하월곡동,1.0,20240122,월세,56.42,10000,30,1985.0,아파트,2024
성북구,13800,장위동,27.0,20240218,월세,84.48,10000,200,2022.0,아파트,2024
성북구,13800,장위동,3.0,20240215,월세,47.22,2084,27,2018.0,연립다세대,2024
성북구,12600,보문동4가,2.0,20240408,월세,44.12,3000,80,2004.0,연립다세대,2024
성북구,13400,길음동,18.0,20231220,월세,84.93,30000,137,2019.0,아파트,2024
성북구,11400,삼선동4가,,20240919,월세,48.76,5000,35,1994.0,단독다가구,2024
성북구,12800,보문동6가,4.0,20240105,월세,13.99,2500,40,2020.0,연립다세대,2024
성북구,13400,길음동,12.0,20240113,월세,59.97,10000,160,2019.0,아파트,2024
성북구,13900,석관동,10.0,20231223,월세,59.96,40000,50,2019.0,아파트,2024
성북구,13900,석관동,10.0,20231223,월세,59.96,40100,50,2019.0,아파트,2024
성북구,13600,하월곡동,,20241030,월세,130.08,10000,100,1987.0,단독다가구,2024
성북구,10300,돈암동,13.0,20240104,월세,84.68,31000,7,1999.0,아파트,2024
성북구,13900,석관동,4.0,20240107,월세,17.16,500,53,2013.0,연립다세대,2024
성북구,13800,장위동,19.0,20231223,월세,59.99,18600,70,2020.0,아파트,2024
성북구,11600,동선동1가,6.0,20240203,월세,17.93,3700,68,2020.0,연립다세대,2024
성북구,13600,하월곡동,,20241022,월세,46.2,500,50,1993.0,단독다가구,2024
성북구,12300,안암동3가,2.0,20240626,월세,26.04,1000,45,2002.0,연립다세대,2024
성북구,13800,장위동,8.0,20231223,월세,59.92,20000,120,2021.0,아파트,2024
성북구,13800,장위동,1.0,20240318,월세,36.14,6683,34,2020.0,아파트,2024
성북구,11600,동선동1가,5.0,20240803,월세,17.28,10000,20,2014.0,오피스텔,2024
성북구,13800,장위동,13.0,20240318,월세,36.14,7735,29,2020.0,아파트,2024
성북구,11400,삼선동4가,10.0,20241018,월세,27.6,14000,20,2014.0,오피스텔,2024
성북구,13400,길음동,2.0,20240119,월세,33.46,14304,39,2019.0,아파트,2024
성북구,13900,석관동,5.0,20241114,월세,40.77,2000,60,2003.0,연립다세대,2024
성북구,13900,석관동,2.0,20240809,월세,67.86,3000,70,2003.0,연립다세대,2024
성북구,13800,장위동,2.0,20240318,월세,36.14,8165,31,2020.0,아파트,2024
성북구,13500,종암동,2.0,20240110,월세,28.11,16700,5,2018.0,연립다세대,2024
성북구,13400,길음동,21.0,20231223,월세,59.88,10000,200,2022.0,아파트,2024
성북구,13300,정릉동,2.0,20240516,월세,52.14,13000,10,1987.0,연립다세대,2024
성북구,13800,장위동,24.0,20240318,월세,36.14,7305,27,2020.0,아파트,2024
성북구,10300,돈암동,11.0,20240203,월세,84.88,59000,20,2016.0,아파트,2024
성북구,10300,돈암동,12.0,20240203,월세,84.39,30000,22,1991.0,아파트,2024
성북구,11300,삼선동3가,5.0,20240924,월세,45.97,17200,13,2002.0,연립다세대,2024
성북구,13900,석관동,3.0,20241028,월세,24.01,8900,6,2004.0,오피스텔,2024
성북구,13600,하월곡동,9.0,20240122,월세,114.68,55700,18,2006.0,아파트,2024
성북구,13800,장위동,8.0,20240122,월세,36.14,8787,24,2020.0,아파트,2024
성북구,13800,장위동,4.0,20240122,월세,46.35,12391,33,2020.0,아파트,2024
성북구,13800,장위동,16.0,20240318,월세,36.14,8787,24,2020.0,아파트,2024
성북구,13800,장위동,12.0,20240318,월세,36.14,8508,32,2020.0,아파트,2024
성북구,11100,삼선동1가,,20240102,월세,23.1,500,45,1992.0,단독다가구,2024
성북구,13800,장위동,5.0,20240318,월세,36.14,9277,25,2020.0,아파트,2024
성북구,11500,삼선동5가,5.0,20240116,월세,72.26,1000,70,2001.0,연립다세대,2024
성북구,13800,장위동,9.0,20240712,월세,38.165,900,94,2020.0,아파트,2024
성북구,11500,삼선동5가,7.0,20241121,월세,18.6,5000,53,2014.0,오피스텔,2024
성북구,13300,정릉동,4.0,20240224,월세,60.25,8500,40,2008.0,연립다세대,2024
성북구,11400,삼선동4가,14.0,20240520,월세,29.53,17000,15,2014.0,오피스텔,2024
성북구,13500,종암동,8.0,20240125,월세,59.99,5000,140,2004.0,아파트,2024
성북구,10200,성북동1가,2.0,20240725,월세,52.26,500,60,1997.0,연립다세대,2024
성북구,13900,석관동,8.0,20240203,월세,59.97,13000,80,1998.0,아파트,2024
성북구,13500,종암동,,20240907,월세,40.0,3000,45,1997.0,단독다가구,2024
성북구,13400,길음동,12.0,20240122,월세,59.93,13704,20,2019.0,아파트,2024
성북구,12800,보문동6가,,20240602,월세,63.0,3000,100,1960.0,단독다가구,2024
성북구,13400,길음동,20.0,20240104,월세,33.46,10677,39,2019.0,아파트,2024
성북구,10300,돈암동,10.0,20240206,월세,41.58,21000,20,1991.0,아파트,2024
성북구,10300,돈암동,4.0,20240206,월세,41.58,1500,100,1991.0,아파트,2024
성북구,13800,장위동,25.0,20240318,월세,36.14,6935,31,2020.0,아파트,2024
성북구,13100,보문동2가,6.0,20240516,월세,13.11,5000,50,2014.0,연립다세대,2024
성북구,13300,정릉동,3.0,20231231,월세,14.65,3000,30,2012.0,연립다세대,2024
성북구,11600,동선동1가,8.0,20240806,월세,16.18,3000,65,2014.0,연립다세대,2024
성북구,11900,동선동4가,,20231204,월세,40.0,1000,65,2002.0,단독다가구,2024
성북구,12000,동선동5가,,20240304,월세,36.32,2000,75,,단독다가구,2024
성북구,13900,석관동,3.0,20240131,월세,59.97,3500,110,1998.0,아파트,2024
성북구,13100,보문동2가,6.0,20240316,월세,15.57,4000,48,2014.0,연립다세대,2024
성북구,11200,삼선동2가,6.0,20240912,월세,114.86,4980,250,2009.0,아파트,2024
성북구,13800,장위동,12.0,20240318,월세,36.14,6683,34,2020.0,아파트,2024
성북구,13500,종암동,20.0,20240104,월세,59.99,10000,120,2004.0,아파트,2024
성북구,12400,안암동4가,2.0,20240709,월세,12.68,1000,49,2011.0,연립다세대,2024
성북구,13400,길음동,7.0,20240203,월세,59.97,30000,100,2019.0,아파트,2024
성북구,10100,성북동,,20240102,월세,24.5,1000,84,2021.0,단독다가구,2024
성북구,10300,돈암동,2.0,20240409,월세,69.3,1000,50,1987.0,연립다세대,2024
성북구,13300,정릉동,3.0,20240215,월세,65.75,2000,80,2002.0,연립다세대,2024
성북구,13800,장위동,20.0,20240318,월세,36.14,8787,24,2020.0,아파트,2024
성북구,11100,삼선동1가,,20231228,월세,44.61,1000,70,1996.0,단독다가구,2024
성북구,13400,길음동,16.0,20240221,월세,59.99,0,200,2003.0,아파트,2024
성북구,13800,장위동,22.0,20240318,월세,36.14,8895,23,2020.0,아파트,2024
성북구,13400,길음동,12.0,20240221,월세,84.96,10000,170,2003.0,아파트,2024
성북구,13600,하월곡동,1.0,20240629,월세,14.32,500,45,2013.0,연립다세대,2024
성북구,12600,보문동4가,,20241104,월세,31.53,1000,50,1993.0,단독다가구,2024
성북구,13400,길음동,12.0,20240221,월세,84.64,50000,30,2005.0,아파트,2024
성북구,13400,길음동,5.0,20240221,월세,84.049,10000,190,2007.0,아파트,2024
성북구,13800,장위동,24.0,20240203,월세,84.94,30000,120,2020.0,아파트,2024
성북구,13400,길음동,26.0,20240221,월세,84.94,10000,175,2010.0,아파트,2024
성북구,11900,동선동4가,4.0,20240802,월세,17.96,4000,55,2017.0,오피스텔,2024
성북구,10900,동소문동6가,16.0,20231130,월세,14.18,1000,80,2012.0,아파트,2024
성북구,12200,안암동2가,5.0,20231226,월세,14.67,1000,82,2018.0,연립다세대,2024
성북구,13400,길음동,18.0,20240224,월세,59.75,35000,40,2006.0,아파트,2024
성북구,10300,돈암동,8.0,20240215,월세,84.82,10000,160,2006.0,아파트,2024
성북구,13400,길음동,14.0,20240224,월세,59.99,5000,132,2010.0,아파트,2024
성북구,13400,길음동,8.0,20240224,월세,59.91,5000,180,2010.0,아파트,2024
성북구,13400,길음동,1.0,20240830,월세,17.35,500,45,2007.0,연립다세대,2024
성북구,13600,하월곡동,15.0,20240224,월세,67.44,32000,25,2011.0,아파트,2024
성북구,13800,장위동,5.0,20240221,월세,47.02,1067,26,2018.0,연립다세대,2024
성북구,13100,보문동2가,3.0,20240622,월세,15.57,5000,50,2014.0,연립다세대,2024
성북구,13400,길음동,8.0,20240227,월세,84.96,10000,160,2003.0,아파트,2024
성북구,13600,하월곡동,,20240901,월세,20.0,1000,50,2011.0,단독다가구,2024
성북구,12500,안암동5가,3.0,20240805,월세,18.99,1000,71,2012.0,연립다세대,2024
성북구,13400,길음동,10.0,20240227,월세,79.87,10000,100,1988.0,아파트,2024
성북구,13900,석관동,4.0,20240601,월세,17.88,10000,10,2010.0,연립다세대,2024
성북구,13400,길음동,15.0,20240227,월세,60.0,10000,140,2003.0,아파트,2024
성북구,11900,동선동4가,14.0,20231223,월세,20.96,1000,68,2011.0,오피스텔,2024
성북구,13300,정릉동,2.0,20231214,월세,50.79,2000,70,1991.0,연립다세대,2024
성북구,13600,하월곡동,13.0,20240215,월세,59.88,30000,25,1998.0,아파트,2024
성북구,13600,하월곡동,24.0,20240215,월세,84.78,8000,90,1998.0,아파트,2024
성북구,13800,장위동,18.0,20240131,월세,84.98,36000,85,2021.0,아파트,2024
성북구,13400,길음동,3.0,20240203,월세,59.87,52000,30,2022.0,아파트,2024
성북구,12200,안암동2가,4.0,20240531,월세,25.2,1000,50,2002.0,오피스텔,2024
성북구,11500,삼선동5가,11.0,20240224,월세,32.78,5000,90,2014.0,연립다세대,2024
성북구,11300,삼선동3가,3.0,20240520,월세,34.55,500,55,2003.0,연립다세대,2024
성북구,13300,정릉동,5.0,20231130,월세,29.99,14500,35,2020.0,연립다세대,2024
성북구,10700,동소문동4가,3.0,20240215,월세,61.82,1000,53,2002.0,연립다세대,2024
성북구,13300,정릉동,5.0,20240308,월세,20.44,1000,70,2023.0,연립다세대,2024
성북구,13400,길음동,13.0,20240318,월세,114.88,20000,195,2005.0,아파트,2024
성북구,13100,보문동2가,5.0,20241006,월세,18.51,5000,57,2014.0,연립다세대,2024
성북구,11900,동선동4가,2.0,20240514,월세,18.81,8000,30,2017.0,오피스텔,2024
성북구,13100,보문동2가,8.0,20240113,월세,59.97,10000,190,2023.0,오피스텔,2024
성북구,12800,보문동6가,10.0,20240110,월세,59.81,24000,90,2017.0,아파트,2024
성북구,11400,삼선동4가,,20240321,월세,43.0,12000,40,,단독다가구,2024
성북구,13400,길음동,10.0,20240321,월세,84.97,10000,190,2005.0,아파트,2024
성북구,13400,길음동,6.0,20240321,월세,59.86,23000,45,2005.0,아파트,2024
성북구,13400,길음동,2.0,20240307,월세,30.61,3560,7,2005.0,아파트,2024
성북구,13400,길음동,4.0,20240307,월세,30.61,1809,17,2005.0,아파트,2024
성북구,12800,보문동6가,,20241205,월세,48.0,300,35,1996.0,단독다가구,2024
성북구,13400,길음동,5.0,20240307,월세,84.97,25000,100,2005.0,아파트,2024
성북구,13800,장위동,8.0,20240601,월세,26.994,5200,44,2020.0,아파트,2024
성북구,13300,정릉동,13.0,20240304,월세,84.44,27000,30,1999.0,아파트,2024
성북구,13600,하월곡동,20.0,20240307,월세,66.61,10000,110,2011.0,아파트,2024
성북구,13900,석관동,6.0,20240724,월세,29.75,25000,25,2024.0,오피스텔,2024
성북구,13400,길음동,5.0,20240206,월세,38.02,4470,6,2022.0,아파트,2024
성북구,13400,길음동,5.0,20240206,월세,38.02,2869,15,2022.0,아파트,2024
성북구,13600,하월곡동,4.0,20240321,월세,59.65,5000,135,2010.0,아파트,2024
성북구,13800,장위동,3.0,20240304,월세,39.0,12737,33,2022.0,아파트,2024
성북구,13400,길음동,5.0,20240113,월세,59.94,20000,60,1998.0,아파트,2024
성북구,11200,삼선동2가,7.0,20240113,월세,114.65,20000,141,2008.0,아파트,2024
성북구,13600,하월곡동,13.0,20240307,월세,59.65,30000,80,2010.0,아파트,2024
성북구,13300,정릉동,3.0,20240113,월세,47.52,5000,50,2012.0,연립다세대,2024
성북구,13500,종암동,3.0,20231229,월세,23.81,100,45,2005.0,연립다세대,2024
성북구,11900,동선동4가,14.0,20240122,월세,21.77,1000,70,2011.0,오피스텔,2024
성북구,11900,동선동4가,12.0,20240125,월세,21.05,5000,50,2011.0,오피스텔,2024
성북구,12800,보문동6가,13.0,20240122,월세,29.96,11637,30,2017.0,아파트,2024
성북구,11900,동선동4가,,20240701,월세,49.59,3000,145,1992.0,단독다가구,2024
성북구,13300,정릉동,18.0,20240301,월세,43.11,4000,70,2001.0,아파트,2024
성북구,13600,하월곡동,16.0,20240110,월세,15.54,500,65,2013.0,아파트,2024
성북구,13900,석관동,-1.0,20240412,월세,44.87,2000,10,1996.0,연립다세대,2024
성북구,13900,석관동,5.0,20240224,월세,35.42,3000,85,2023.0,오피스텔,2024
성북구,13300,정릉동,-1.0,20240504,월세,45.42,5500,10,1993.0,연립다세대,2024
성북구,13300,정릉동,12.0,20240227,월세,43.11,11000,20,2001.0,아파트,2024
성북구,11900,동선동4가,9.0,20231229,월세,27.97,3000,90,2017.0,오피스텔,2024
성북구,10900,동소문동6가,5.0,20240607,월세,28.83,5000,125,2024.0,연립다세대,2024
성북구,13900,석관동,1.0,20240318,월세,40.31,11000,20,1991.0,연립다세대,2024
성북구,13400,길음동,7.0,20240327,월세,33.28,2989,25,2010.0,아파트,2024
성북구,13400,길음동,7.0,20240327,월세,33.28,5643,10,2010.0,아파트,2024
성북구,13800,장위동,8.0,20240405,월세,39.0,12737,33,2022.0,아파트,2024
성북구,13300,정릉동,3.0,20240508,월세,31.84,8000,15,1995.0,연립다세대,2024
성북구,11500,삼선동5가,3.0,20231127,월세,42.12,1000,50,2002.0,연립다세대,2024
성북구,13400,길음동,4.0,20240327,월세,114.88,10000,220,2005.0,아파트,2024
성북구,13300,정릉동,14.0,20240426,월세,59.98,5000,95,2001.0,아파트,2024
성북구,13400,길음동,15.0,20240327,월세,59.373,20000,130,2007.0,아파트,2024
성북구,13400,길음동,2.0,20240330,월세,114.93,10000,220,2006.0,아파트,2024
성북구,11600,동선동1가,8.0,20240104,월세,12.99,8000,30,2014.0,연립다세대,2024
성북구,10900,동소문동6가,5.0,20240405,월세,34.94,15000,100,2023.0,연립다세대,2024
성북구,13400,길음동,27.0,20240330,월세,59.96,30000,90,2010.0,아파트,2024
성북구,13300,정릉동,-1.0,20240324,월세,50.94,1000,40,1991.0,연립다세대,2024
성북구,13400,길음동,1.0,20240330,월세,79.87,22000,17,1988.0,아파트,2024
성북구,13400,길음동,8.0,20240327,월세,34.883,634,21,2003.0,아파트,2024
성북구,10100,성북동,2.0,20241031,월세,71.64,1000,57,1997.0,연립다세대,2024
성북구,13600,하월곡동,18.0,20240912,월세,15.62,9500,15,2013.0,아파트,2024
성북구,13600,하월곡동,11.0,20240119,월세,15.62,1000,75,2013.0,아파트,2024
성북구,10100,성북동,1.0,20240116,월세,49.87,30000,15,2020.0,연립다세대,2024
성북구,13600,하월곡동,,20240701,월세,51.48,3000,45,1995.0,단독다가구,2024
성북구,13600,하월곡동,7.0,20231229,월세,15.54,1000,65,2013.0,아파트,2024
성북구,13300,정릉동,2.0,20240122,월세,53.57,3000,60,2007.0,연립다세대,2024
성북구,13400,길음동,2.0,20240408,월세,84.64,40000,60,2005.0,아파트,2024
성북구,13400,길음동,6.0,20240411,월세,79.87,8000,100,1988.0,아파트,2024
성북구,10300,돈암동,11.0,20240221,월세,84.76,40000,100,2016.0,아파트,2024
성북구,10800,동소문동5가,8.0,20231223,월세,15.94,1000,98,2018.0,아파트,2024
성북구,13400,길음동,11.0,20240215,월세,59.87,10000,230,2022.0,아파트,2024
성북구,13400,길음동,7.0,20240215,월세,59.87,12000,160,2022.0,아파트,2024
성북구,13400,길음동,3.0,20240414,월세,34.883,3515,8,2003.0,아파트,2024
성북구,13800,장위동,3.0,20231223,월세,48.53,2000,50,2002.0,연립다세대,2024
성북구,13300,정릉동,1.0,20240125,월세,67.19,1000,100,1991.0,연립다세대,2024
성북구,11900,동선동4가,11.0,20240104,월세,21.05,1000,67,2011.0,오피스텔,2024
성북구,11700,동선동2가,1.0,20241012,월세,30.33,1000,65,2005.0,연립다세대,2024
성북구,10300,돈암동,5.0,20240224,월세,59.4,15000,70,1999.0,아파트,2024
성북구,13400,길음동,9.0,20240417,월세,33.99,5679,25,2010.0,아파트,2024
성북구,13400,길음동,5.0,20240417,월세,33.99,5679,11,2010.0,아파트,2024
성북구,13400,길음동,2.0,20240420,월세,59.99,38000,10,2010.0,아파트,2024
성북구,13300,정릉동,,20240614,월세,74.09,3000,70,1990.0,단독다가구,2024
성북구,13500,종암동,4.0,20240215,월세,12.61,500,40,2010.0,연립다세대,2024
성북구,13600,하월곡동,5.0,20240125,월세,15.52,8000,15,2013.0,아파트,2024
성북구,13600,하월곡동,,20240707,월세,69.18,6000,60,1993.0,단독다가구,2024
성북구,13400,길음동,8.0,20240417,월세,84.82,30000,130,2010.0,아파트,2024
성북구,13800,장위동,5.0,20240113,월세,18.03,500,47,2019.0,오피스텔,2024
성북구,11500,삼선동5가,4.0,20240429,월세,27.69,1000,63,2003.0,오피스텔,2024
성북구,11400,삼선동4가,5.0,20240805,월세,28.11,3000,86,2014.0,오피스텔,2024
성북구,13000,보문동1가,13.0,20240104,월세,59.79,30000,130,2022.0,아파트,2024
성북구,10300,돈암동,14.0,20240301,월세,84.82,12000,130,2006.0,아파트,2024
성북구,13800,장위동,13.0,20240420,월세,59.988,5000,150,2008.0,아파트,2024
성북구,13300,정릉동,2.0,20240224,월세,15.47,500,50,2001.0,연립다세대,2024
성북구,13100,보문동2가,,20231115,월세,21.46,2000,55,1996.0,단독다가구,2024
성북구,12100,안암동1가,4.0,20240506,월세,17.1,1000,65,2017.0,연립다세대,2024
성북구,13600,하월곡동,9.0,20240224,월세,59.88,5000,100,1998.0,아파트,2024
성북구,12100,안암동1가,4.0,20240506,월세,17.1,2000,60,2017.0,연립다세대,2024
성북구,13500,종암동,-1.0,20240110,월세,22.05,500,40,2002.0,연립다세대,2024
성북구,10300,돈암동,3.0,20240227,월세,59.4,2000,130,1999.0,아파트,2024
성북구,13600,하월곡동,11.0,20240417,월세,59.65,18000,75,2010.0,아파트,2024
성북구,13900,석관동,2.0,20240220,월세,28.32,3000,110,2022.0,연립다세대,2024
성북구,13900,석관동,5.0,20240224,월세,18.32,500,45,2013.0,연립다세대,2024
성북구,13900,석관동,-1.0,20240517,월세,37.18,1000,40,1994.0,연립다세대,2024
성북구,11700,동선동2가,5.0,20240301,월세,14.54,2000,45,2014.0,연립다세대,2024
성북구,12300,안암동3가,2.0,20240426,월세,72.52,1000,75,2005.0,연립다세대,2024
성북구,13400,길음동,1.0,20241130,월세,24.44,500,40,1991.0,연립다세대,2024
성북구,13300,정릉동,1.0,20240505,월세,86.18,500,53,1994.0,연립다세대,2024
성북구,11800,동선동3가,,20241119,월세,18.0,1000,50,2001.0,단독다가구,2024
성북구,12700,보문동5가,2.0,20231223,월세,35.13,3000,135,2022.0,연립다세대,2024
성북구,13900,석관동,19.0,20240224,월세,59.97,5000,120,1998.0,아파트,2024
성북구,13400,길음동,5.0,20240426,월세,34.883,3181,6,2003.0,아파트,2024
성북구,13800,장위동,2.0,20240131,월세,47.35,2000,50,2002.0,연립다세대,2024
성북구,13400,길음동,19.0,20240423,월세,84.049,7000,162,2007.0,아파트,2024
성북구,13900,석관동,2.0,20240408,월세,37.56,2000,60,2002.0,연립다세대,2024
성북구,12600,보문동4가,3.0,20240203,월세,21.84,11000,11,1972.0,오피스텔,2024
성북구,13800,장위동,5.0,20231226,월세,44.25,100,44,2017.0,연립다세대,2024
성북구,11700,동선동2가,5.0,20240203,월세,61.8,1000,50,2002.0,연립다세대,2024
성북구,12200,안암동2가,,20241116,월세,21.0,1000,45,1997.0,단독다가구,2024
성북구,12100,안암동1가,1.0,20231208,월세,114.93,30000,130,2005.0,아파트,2024
성북구,10800,동소문동5가,14.0,20240116,월세,14.09,1000,82,2018.0,아파트,2024
성북구,12200,안암동2가,2.0,20240110,월세,25.2,1000,60,2002.0,오피스텔,2024
성북구,12200,안암동2가,4.0,20240110,월세,25.2,1000,60,2002.0,오피스텔,2024
성북구,13600,하월곡동,5.0,20240107,월세,14.77,1000,68,2017.0,연립다세대,2024
성북구,13400,길음동,9.0,20240221,월세,49.18,4148,7,2019.0,아파트,2024
성북구,13800,장위동,2.0,20240306,월세,54.05,2000,70,1992.0,연립다세대,2024
성북구,13800,장위동,2.0,20240615,월세,37.42,2000,55,1983.0,연립다세대,2024
성북구,10100,성북동,1.0,20240504,월세,62.83,24300,5,2003.0,연립다세대,2024
성북구,11200,삼선동2가,5.0,20240203,월세,59.95,10000,140,2008.0,아파트,2024
성북구,11200,삼선동2가,6.0,20240203,월세,56.83,35000,20,2009.0,아파트,2024
성북구,11600,동선동1가,7.0,20231229,월세,14.08,1000,65,2014.0,연립다세대,2024
성북구,13400,길음동,1.0,20240511,월세,59.99,3000,150,2003.0,아파트,2024
성북구,12300,안암동3가,3.0,20240411,월세,51.93,4000,30,1971.0,아파트,2024
성북구,13400,길음동,11.0,20240511,월세,84.96,45000,30,2003.0,아파트,2024
성북구,12700,보문동5가,9.0,20240128,월세,37.9,3000,145,2022.0,오피스텔,2024
성북구,13900,석관동,2.0,20231122,월세,18.45,500,38,2011.0,연립다세대,2024
성북구,13400,길음동,16.0,20240511,월세,84.64,15000,163,2005.0,아파트,2024
성북구,13400,길음동,2.0,20240511,월세,84.64,25000,120,2005.0,아파트,2024
성북구,10300,돈암동,4.0,20240307,월세,15.75,1000,50,2009.0,연립다세대,2024
성북구,13900,석관동,18.0,20240221,월세,44.19,3300,21,2019.0,아파트,2024
성북구,13300,정릉동,7.0,20240511,월세,59.59,5000,130,1999.0,아파트,2024
성북구,12500,안암동5가,,20231228,월세,63.63,400,150,,단독다가구,2024
성북구,13400,길음동,1.0,20240310,월세,59.99,1600,130,2005.0,아파트,2024
성북구,13800,장위동,16.0,20240221,월세,59.99,40000,38,2020.0,아파트,2024
성북구,13900,석관동,8.0,20240813,월세,29.98,3000,150,2024.0,오피스텔,2024
성북구,11600,동선동1가,9.0,20240618,월세,15.38,1000,50,2014.0,연립다세대,2024
성북구,13500,종암동,11.0,20231223,월세,59.68,5000,150,2005.0,아파트,2024
성북구,13300,정릉동,3.0,20240808,월세,93.88,300,40,2001.0,연립다세대,2024
성북구,11800,동선동3가,7.0,20240307,월세,29.78,1860,19,2023.0,오피스텔,2024
성북구,11800,동선동3가,3.0,20240307,월세,29.85,2362,24,2023.0,연립다세대,2024
성북구,13900,석관동,4.0,20231214,월세,55.92,5000,68,2013.0,연립다세대,2024
성북구,13500,종암동,-1.0,20240615,월세,32.63,500,40,1993.0,연립다세대,2024
성북구,10900,동소문동6가,14.0,20240206,월세,14.18,19000,7,2012.0,아파트,2024
성북구,10900,동소문동6가,10.0,20240206,월세,23.34,26000,3,2012.0,아파트,2024
성북구,12100,안암동1가,4.0,20240318,월세,27.48,15000,33,2015.0,연립다세대,2024
성북구,13300,정릉동,,20240409,월세,33.0,500,80,,단독다가구,2024
성북구,13400,길음동,7.0,20240429,월세,84.049,9000,190,2007.0,아파트,2024
성북구,13400,길음동,17.0,20240429,월세,59.98,10000,125,2010.0,아파트,2024
성북구,11800,동선동3가,2.0,20240321,월세,41.76,10000,40,1994.0,연립다세대,2024
성북구,13400,길음동,16.0,20240502,월세,59.75,31000,25,2006.0,아파트,2024
성북구,12100,안암동1가,,20240409,월세,33.0,1000,80,,단독다가구,2024
성북구,13800,장위동,2.0,20240224,월세,59.92,30000,70,2021.0,아파트,2024
성북구,13900,석관동,4.0,20240423,월세,18.85,14000,30,2022.0,연립다세대,2024
성북구,13900,석관동,2.0,20231229,월세,50.32,19231,20,2021.0,연립다세대,2024
성북구,13900,석관동,3.0,20231229,월세,57.04,18874,20,2021.0,연립다세대,2024
성북구,13900,석관동,2.0,20231229,월세,59.67,19573,21,2021.0,연립다세대,2024
성북구,13500,종암동,20.0,20240227,월세,114.99,500,60,2009.0,아파트,2024
성북구,13800,장위동,4.0,20240405,월세,32.43,4000,45,1995.0,연립다세대,2024
성북구,13900,석관동,5.0,20240206,월세,33.15,4000,55,2003.0,오피스텔,2024
성북구,13900,석관동,20.0,20240307,월세,59.97,10000,80,1998.0,아파트,2024
성북구,13300,정릉동,4.0,20240125,월세,76.54,2000,105,2015.0,오피스텔,2024
성북구,13900,석관동,,20240406,월세,179.88,500,28,,단독다가구,2024
성북구,13600,하월곡동,13.0,20240131,월세,15.62,1000,65,2013.0,아파트,2024
성북구,13100,보문동2가,5.0,20240414,월세,31.92,3000,52,2002.0,연립다세대,2024
성북구,13800,장위동,20.0,20240502,월세,59.49,30000,85,2022.0,아파트,2024
성북구,13800,장위동,20.0,20240227,월세,59.99,3000,230,2020.0,아파트,2024
성북구,13800,장위동,13.0,20240227,월세,84.94,25000,130,2020.0,아파트,2024
성북구,13100,보문동2가,3.0,20241108,월세,28.91,10000,30,2002.0,오피스텔,2024
성북구,13900,석관동,,20240701,월세,60.5,14500,45,1993.0,단독다가구,2024
성북구,13400,길음동,8.0,20231123,월세,84.96,10000,180,2003.0,아파트,2024
성북구,10300,돈암동,4.0,20231202,월세,59.99,5000,150,2004.0,아파트,2024
성북구,13400,길음동,6.0,20240224,월세,59.88,40000,70,2022.0,아파트,2024
성북구,13400,길음동,28.0,20240224,월세,84.77,25000,165,2022.0,아파트,2024
성북구,11500,삼선동5가,3.0,20240227,월세,70.15,1000,45,2001.0,연립다세대,2024
성북구,13300,정릉동,4.0,20240520,월세,66.33,5000,60,1997.0,연립다세대,2024
성북구,12100,안암동1가,4.0,20240408,월세,14.45,9000,10,2012.0,연립다세대,2024
성북구,11800,동선동3가,5.0,20240805,월세,51.1,1000,57,2003.0,오피스텔,2024
성북구,13400,길음동,5.0,20240304,월세,16.03,2500,59,2014.0,연립다세대,2024
성북구,13400,길음동,16.0,20240508,월세,30.61,723,19,2005.0,아파트,2024
성북구,13400,길음동,8.0,20240508,월세,30.61,723,19,2005.0,아파트,2024
성북구,13900,석관동,2.0,20240214,월세,32.02,3220,32,2021.0,연립다세대,2024
성북구,13400,길음동,9.0,20240508,월세,84.96,20000,126,2003.0,아파트,2024
성북구,12200,안암동2가,3.0,20240511,월세,12.15,8000,10,2013.0,연립다세대,2024
성북구,12200,안암동2가,4.0,20240511,월세,12.15,7000,15,2013.0,연립다세대,2024
성북구,12000,동선동5가,4.0,20240514,월세,24.53,2000,100,2015.0,연립다세대,2024
성북구,13600,하월곡동,4.0,20240227,월세,15.95,2000,63,2019.0,연립다세대,2024
성북구,13400,길음동,9.0,20240318,월세,33.46,2848,5,2019.0,아파트,2024
성북구,13800,장위동,7.0,20240517,월세,26.994,500,67,2020.0,아파트,2024
성북구,12500,안암동5가,5.0,20231226,월세,24.24,5000,96,2013.0,연립다세대,2024
성북구,13400,길음동,18.0,20240304,월세,33.46,10084,37,2019.0,아파트,2024
성북구,13400,길음동,7.0,20240313,월세,59.37,16900,110,2007.0,아파트,2024
성북구,13400,길음동,11.0,20240227,월세,73.97,5000,190,2019.0,아파트,2024
성북구,13300,정릉동,3.0,20240507,월세,30.58,10900,25,2006.0,연립다세대,2024
성북구,13400,길음동,7.0,20240508,월세,34.883,1587,19,2003.0,아파트,2024
성북구,13400,길음동,7.0,20240508,월세,34.883,3610,8,2003.0,아파트,2024
성북구,13400,길음동,3.0,20240508,월세,30.876,2345,26,2008.0,아파트,2024
성북구,13400,길음동,3.0,20240508,월세,30.876,938,29,2008.0,아파트,2024
성북구,13400,길음동,8.0,20240316,월세,59.75,15000,130,2006.0,아파트,2024
성북구,13400,길음동,12.0,20240316,월세,59.99,40000,25,2010.0,아파트,2024
성북구,13400,길음동,25.0,20240307,월세,59.9,10000,190,2019.0,아파트,2024
성북구,13500,종암동,12.0,20240304,월세,59.98,43000,30,2011.0,아파트,2024
성북구,13300,정릉동,10.0,20240316,월세,59.42,27300,20,1999.0,아파트,2024
성북구,13900,석관동,4.0,20240116,월세,25.88,17000,27,2018.0,연립다세대,2024
성북구,13900,석관동,15.0,20240318,월세,39.01,9713,25,2019.0,아파트,2024
성북구,13900,석관동,3.0,20240318,월세,39.01,9713,25,2019.0,아파트,2024
성북구,13900,석관동,16.0,20240318,월세,39.01,9713,25,2019.0,아파트,2024
성북구,11800,동선동3가,,20241104,월세,30.21,4000,50,1994.0,단독다가구,2024
성북구,13900,석관동,4.0,20240318,월세,44.19,5465,9,2019.0,아파트,2024
성북구,13800,장위동,9.0,20240203,월세,18.03,1000,56,2019.0,오피스텔,2024
성북구,13800,장위동,12.0,20240203,월세,15.21,1000,60,2019.0,아파트,2024
성북구,13800,장위동,19.0,20240508,월세,59.1,5000,160,2022.0,아파트,2024
성북구,13800,장위동,19.0,20240508,월세,32.22,5755,28,2017.0,아파트,2024
성북구,10800,동소문동5가,14.0,20240116,월세,16.67,3000,80,2017.0,아파트,2024
성북구,11500,삼선동5가,2.0,20240415,월세,24.42,5000,50,2017.0,연립다세대,2024
성북구,13800,장위동,,20240701,월세,74.01,4000,60,1989.0,단독다가구,2024
성북구,13800,장위동,,20240701,월세,74.25,500,45,1988.0,단독다가구,2024
성북구,13800,장위동,11.0,20240318,월세,46.35,12391,33,2020.0,아파트,2024
성북구,13800,장위동,7.0,20240318,월세,46.35,12391,33,2020.0,아파트,2024
성북구,13800,장위동,7.0,20240318,월세,46.35,10907,41,2020.0,아파트,2024
성북구,13800,장위동,6.0,20240318,월세,46.35,14572,42,2020.0,아파트,2024
성북구,13800,장위동,21.0,20240318,월세,46.35,12391,33,2020.0,아파트,2024
성북구,13800,장위동,4.0,20240318,월세,46.35,12391,33,2020.0,아파트,2024
성북구,13800,장위동,2.0,20240318,월세,46.35,12391,33,2020.0,아파트,2024
성북구,13800,장위동,15.0,20240318,월세,46.35,12391,33,2020.0,아파트,2024
성북구,10300,돈암동,15.0,20240402,월세,84.817,21000,100,2006.0,아파트,2024
성북구,13500,종암동,,20240312,월세,56.2,1000,80,,단독다가구,2024
성북구,13800,장위동,7.0,20240318,월세,39.9,9463,36,2021.0,아파트,2024
성북구,13900,석관동,5.0,20240125,월세,12.38,1000,46,2010.0,연립다세대,2024
성북구,13400,길음동,7.0,20240321,월세,33.46,2513,5,2019.0,아파트,2024
성북구,10800,동소문동5가,6.0,20240122,월세,16.67,10000,22,2017.0,아파트,2024
성북구,13400,길음동,3.0,20240321,월세,59.97,500,50,2019.0,아파트,2024
성북구,13800,장위동,2.0,20240507,월세,40.32,1000,70,2020.0,연립다세대,2024
성북구,13500,종암동,2.0,20240417,월세,56.1,13000,21,1997.0,연립다세대,2024
성북구,13500,종암동,16.0,20240304,월세,84.95,5000,165,2004.0,아파트,2024
성북구,13800,장위동,8.0,20240320,월세,26.994,5200,44,2020.0,아파트,2024
성북구,13300,정릉동,2.0,20240910,월세,14.92,1000,42,2012.0,연립다세대,2024
성북구,11500,삼선동5가,4.0,20240304,월세,43.27,500,50,2001.0,연립다세대,2024
성북구,13900,석관동,,20240701,월세,115.28,15950,25,2004.0,단독다가구,2024
성북구,13900,석관동,4.0,20240218,월세,33.15,1000,70,2003.0,오피스텔,2024
성북구,10900,동소문동6가,7.0,20231226,월세,16.1,9300,20,2014.0,연립다세대,2024
성북구,13400,길음동,8.0,20240318,월세,38.017,4394,6,2022.0,아파트,2024
성북구,13800,장위동,,20241104,월세,32.0,500,30,1994.0,단독다가구,2024
성북구,13800,장위동,23.0,20240321,월세,36.14,14892,55,2020.0,아파트,2024
성북구,13800,장위동,15.0,20240321,월세,101.72,50000,60,2020.0,아파트,2024
성북구,11900,동선동4가,11.0,20240520,월세,50.89,2000,120,2005.0,오피스텔,2024
성북구,11100,삼선동1가,,20231204,월세,46.15,500,50,1997.0,단독다가구,2024
성북구,13300,정릉동,1.0,20231229,월세,55.35,16000,10,2002.0,연립다세대,2024
성북구,13300,정릉동,3.0,20240617,월세,59.9,27400,13,2016.0,연립다세대,2024
성북구,13800,장위동,4.0,20231220,월세,45.75,1000,70,2021.0,연립다세대,2024
성북구,13600,하월곡동,12.0,20240113,월세,59.86,4000,120,2003.0,아파트,2024
성북구,12800,보문동6가,14.0,20231116,월세,29.96,11708,30,2017.0,아파트,2024
성북구,13800,장위동,8.0,20240321,월세,84.97,15000,165,2021.0,아파트,2024
성북구,13300,정릉동,4.0,20231229,월세,46.86,15400,5,2012.0,연립다세대,2024
성북구,13300,정릉동,5.0,20240116,월세,29.32,20000,10,2022.0,연립다세대,2024
성북구,13800,장위동,6.0,20240328,월세,18.39,3300,28,2020.0,아파트,2024
성북구,13800,장위동,2.0,20240110,월세,54.79,16000,5,2002.0,연립다세대,2024
성북구,12300,안암동3가,2.0,20240502,월세,45.92,500,50,1971.0,아파트,2024
성북구,13400,길음동,11.0,20240717,월세,30.15,1438,14,2005.0,아파트,2024
성북구,13800,장위동,,20240528,월세,32.42,500,34,1993.0,단독다가구,2024
성북구,11400,삼선동4가,4.0,20240426,월세,44.9,30000,12,2023.0,연립다세대,2024
성북구,13800,장위동,4.0,20240203,월세,45.07,12000,15,1995.0,연립다세대,2024
성북구,10300,돈암동,1.0,20240110,월세,59.99,5000,140,2004.0,아파트,2024
성북구,13300,정릉동,1.0,20240113,월세,16.56,1000,71,2023.0,연립다세대,2024
성북구,13900,석관동,6.0,20240504,월세,29.98,5000,70,2019.0,연립다세대,2024
성북구,11400,삼선동4가,4.0,20240423,월세,29.71,23600,30,2023.0,연립다세대,2024
성북구,13300,정릉동,1.0,20240110,월세,16.56,1000,71,2023.0,연립다세대,2024
성북구,13300,정릉동,3.0,20240122,월세,13.32,500,36,2008.0,연립다세대,2024
성북구,13200,보문동3가,5.0,20240113,월세,84.77,40000,50,2013.0,아파트,2024
성북구,12500,안암동5가,,20240129,월세,22.0,1000,50,2000.0,단독다가구,2024
성북구,12500,안암동5가,,20240129,월세,22.0,1000,60,1993.0,단독다가구,2024
성북구,13800,장위동,5.0,20240110,월세,73.62,0,50,2003.0,연립다세대,2024
성북구,13300,정릉동,4.0,20240128,월세,17.1,1140,75,2023.0,연립다세대,2024
성북구,13500,종암동,8.0,20240327,월세,59.97,12000,129,2009.0,아파트,2024
성북구,13500,종암동,12.0,20240327,월세,59.97,5000,170,2009.0,아파트,2024
성북구,13600,하월곡동,6.0,20240119,월세,21.37,1000,72,2020.0,오피스텔,2024
성북구,13600,하월곡동,14.0,20240405,월세,84.589,8000,160,2006.0,아파트,2024
성북구,12500,안암동5가,3.0,20240708,월세,15.11,1000,47,2012.0,연립다세대,2024
성북구,11800,동선동3가,4.0,20240116,월세,26.52,3500,39,2003.0,연립다세대,2024
성북구,13500,종암동,3.0,20240104,월세,84.98,15000,145,2004.0,아파트,2024
성북구,13500,종암동,7.0,20240330,월세,59.99,25000,55,2004.0,아파트,2024
성북구,13400,길음동,7.0,20240620,월세,84.96,23000,110,2003.0,아파트,2024
성북구,13900,석관동,8.0,20240417,월세,59.97,5000,130,1998.0,아파트,2024
성북구,13300,정릉동,10.0,20240113,월세,59.67,5000,120,2000.0,아파트,2024
성북구,13400,길음동,9.0,20240617,월세,30.15,4163,3,2005.0,아파트,2024
성북구,13300,정릉동,2.0,20240113,월세,54.4,1000,90,1986.0,연립다세대,2024
성북구,11500,삼선동5가,12.0,20240529,월세,30.81,1000,70,2003.0,오피스텔,2024
성북구,13800,장위동,,20241109,월세,181.73,2000,65,2001.0,단독다가구,2024
성북구,10300,돈암동,11.0,20240423,월세,41.58,1000,85,1991.0,아파트,2024
성북구,13300,정릉동,10.0,20240125,월세,84.92,30000,60,2009.0,아파트,2024
성북구,13400,길음동,9.0,20240620,월세,84.844,4000,165,2003.0,아파트,2024
성북구,11700,동선동2가,1.0,20240708,월세,12.66,2000,44,2011.0,연립다세대,2024
성북구,13600,하월곡동,4.0,20240113,월세,16.12,3000,53,2022.0,오피스텔,2024
성북구,13500,종암동,24.0,20240113,월세,59.04,15000,80,1999.0,아파트,2024
성북구,13300,정릉동,-1.0,20240821,월세,45.13,500,70,1995.0,연립다세대,2024
성북구,10100,성북동,,20231204,월세,50.5,10000,150,2022.0,단독다가구,2024
성북구,11900,동선동4가,11.0,20240607,월세,23.4,1000,85,2005.0,오피스텔,2024
성북구,11800,동선동3가,4.0,20240125,월세,60.45,10000,54,2002.0,연립다세대,2024
성북구,13400,길음동,21.0,20240620,월세,59.54,10000,225,2024.0,아파트,2024
성북구,13300,정릉동,1.0,20240119,월세,19.18,1280,77,2023.0,연립다세대,2024
성북구,12500,안암동5가,5.0,20231223,월세,12.0,2000,70,2012.0,연립다세대,2024
성북구,13600,하월곡동,17.0,20240125,월세,59.86,30000,80,2003.0,아파트,2024
성북구,13600,하월곡동,9.0,20240125,월세,59.86,13000,110,2003.0,아파트,2024
성북구,13300,정릉동,1.0,20240116,월세,16.44,1090,71,2023.0,연립다세대,2024
성북구,13300,정릉동,3.0,20240116,월세,17.1,1140,73,2023.0,연립다세대,2024
성북구,10900,동소문동6가,,20231230,월세,66.96,1000,100,2011.0,단독다가구,2024
성북구,13600,하월곡동,9.0,20240402,월세,114.678,7000,220,2006.0,아파트,2024
성북구,13900,석관동,7.0,20240924,월세,29.98,3000,150,2024.0,오피스텔,2024
성북구,10900,동소문동6가,3.0,20240620,월세,45.25,5000,187,2023.0,연립다세대,2024
성북구,13900,석관동,4.0,20241203,월세,32.13,14000,35,2015.0,연립다세대,2024
성북구,13400,길음동,11.0,20240327,월세,38.017,4470,6,2022.0,아파트,2024
성북구,13400,길음동,11.0,20240327,월세,38.017,2869,15,2022.0,아파트,2024
성북구,11400,삼선동4가,2.0,20240409,월세,15.9,1000,60,2017.0,연립다세대,2024
성북구,13400,길음동,12.0,20240327,월세,84.769,30000,100,2022.0,아파트,2024
성북구,10800,동소문동5가,,20240312,월세,65.0,200,35,,단독다가구,2024
성북구,12500,안암동5가,3.0,20231226,월세,12.12,2000,60,2019.0,연립다세대,2024
성북구,13200,보문동3가,12.0,20240122,월세,84.9,29000,76,2013.0,아파트,2024
성북구,13300,정릉동,3.0,20240125,월세,17.1,1140,73,2023.0,연립다세대,2024
성북구,13400,길음동,10.0,20240520,월세,68.14,5000,100,1988.0,아파트,2024
성북구,13100,보문동2가,,20240203,월세,29.7,6000,20,,단독다가구,2024
성북구,13800,장위동,1.0,20240529,월세,24.15,12000,6,2020.0,연립다세대,2024
성북구,13500,종암동,1.0,20240529,월세,59.67,25000,50,2000.0,아파트,2024
성북구,13200,보문동3가,6.0,20240125,월세,84.41,38000,60,2013.0,아파트,2024
성북구,13600,하월곡동,6.0,20240612,월세,49.94,30000,25,2023.0,연립다세대,2024
성북구,12700,보문동5가,5.0,20240206,월세,35.13,5000,125,2022.0,연립다세대,2024
성북구,13400,길음동,3.0,20240417,월세,33.46,2903,4,2019.0,아파트,2024
성북구,13400,길음동,14.0,20240417,월세,33.46,1711,11,2019.0,아파트,2024
성북구,13300,정릉동,5.0,20241121,월세,50.56,5500,120,2023.0,연립다세대,2024
성북구,13900,석관동,,20231220,월세,12.32,500,35,2017.0,단독다가구,2024
성북구,13300,정릉동,,20231220,월세,13.0,1000,50,2018.0,단독다가구,2024
성북구,13300,정릉동,2.0,20240224,월세,63.58,500,50,2010.0,연립다세대,2024
성북구,13300,정릉동,4.0,20240705,월세,28.32,5000,55,2018.0,연립다세대,2024
성북구,11800,동선동3가,11.0,20240313,월세,29.97,1909,20,2023.0,오피스텔,2024
성북구,11800,동선동3가,4.0,20240313,월세,29.95,2345,24,2023.0,연립다세대,2024
성북구,13300,정릉동,,20240907,월세,90.14,15000,45,1984.0,단독다가구,2024
성북구,13900,석관동,6.0,20240405,월세,49.71,29700,6,2018.0,연립다세대,2024
성북구,13500,종암동,12.0,20240116,월세,84.97,5000,180,2010.0,아파트,2024
성북구,13300,정릉동,1.0,20240529,월세,58.86,14500,25,2001.0,연립다세대,2024
성북구,13300,정릉동,,20231220,월세,15.0,1000,50,2018.0,단독다가구,2024
성북구,11600,동선동1가,,20231220,월세,15.0,1000,40,1977.0,단독다가구,2024
성북구,12800,보문동6가,7.0,20240301,월세,45.81,10000,155,2017.0,아파트,2024
성북구,13800,장위동,14.0,20240215,월세,18.03,1000,50,2019.0,오피스텔,2024
성북구,13800,장위동,6.0,20240215,월세,14.71,8000,5,2019.0,아파트,2024
성북구,13800,장위동,10.0,20240215,월세,14.71,1000,60,2019.0,아파트,2024
성북구,13900,석관동,14.0,20240113,월세,114.84,35000,60,1999.0,아파트,2024
성북구,13800,장위동,10.0,20240215,월세,15.21,1000,60,2019.0,아파트,2024
성북구,13300,정릉동,3.0,20240122,월세,32.76,1543,16,2005.0,아파트,2024
성북구,13300,정릉동,8.0,20240122,월세,32.76,1851,19,2005.0,아파트,2024
성북구,12600,보문동4가,4.0,20240224,월세,28.42,6000,57,1972.0,오피스텔,2024
성북구,11400,삼선동4가,2.0,20240113,월세,41.58,1000,32,2001.0,연립다세대,2024
성북구,13900,석관동,17.0,20240110,월세,59.94,10000,100,1999.0,아파트,2024
성북구,11000,동소문동7가,1.0,20231223,월세,59.91,5000,130,2004.0,아파트,2024
성북구,11000,동소문동7가,,20240613,월세,25.9,3000,50,2016.0,단독다가구,2024
성북구,13300,정릉동,,20231202,월세,15.0,1000,50,2019.0,단독다가구,2024
성북구,12500,안암동5가,,20231202,월세,15.0,4000,45,2002.0,단독다가구,2024
성북구,11700,동선동2가,5.0,20240224,월세,61.8,1000,50,2002.0,연립다세대,2024
성북구,10300,돈암동,3.0,20240507,월세,28.36,20600,30,2020.0,연립다세대,2024
성북구,10400,동소문동1가,5.0,20240113,월세,24.48,10000,44,1998.0,연립다세대,2024
성북구,13800,장위동,4.0,20240411,월세,39.9,13079,34,2021.0,아파트,2024
성북구,13800,장위동,4.0,20240411,월세,39.9,15374,43,2021.0,아파트,2024
성북구,13300,정릉동,11.0,20240125,월세,84.09,29000,60,2005.0,아파트,2024
성북구,13800,장위동,2.0,20240119,월세,84.98,2000,28,2006.0,아파트,2024
성북구,13900,석관동,,20240422,월세,41.5,1000,50,1992.0,단독다가구,2024
성북구,13800,장위동,4.0,20240122,월세,23.08,9000,30,2019.0,연립다세대,2024
성북구,13500,종암동,19.0,20240122,월세,119.87,31500,140,2010.0,아파트,2024
성북구,12500,안암동5가,3.0,20240125,월세,40.46,1000,65,2017.0,연립다세대,2024
성북구,13300,정릉동,1.0,20240125,월세,14.07,5000,30,2012.0,연립다세대,2024
성북구,13500,종암동,5.0,20240131,월세,55.27,32000,15,2004.0,아파트,2024
성북구,10900,동소문동6가,9.0,20231226,월세,16.94,5000,49,2013.0,아파트,2024
성북구,10800,동소문동5가,19.0,20240215,월세,14.09,17500,15,2018.0,아파트,2024
성북구,13600,하월곡동,5.0,20240104,월세,59.98,3000,133,2007.0,아파트,2024
성북구,13300,정릉동,3.0,20241218,월세,59.89,2084,17,2011.0,연립다세대,2024
성북구,13500,종암동,8.0,20240420,월세,84.95,5000,159,2004.0,아파트,2024
성북구,13500,종암동,4.0,20240408,월세,14.08,8800,4,2011.0,연립다세대,2024
성북구,13900,석관동,,20240316,월세,80.46,4000,70,,단독다가구,2024
성북구,13800,장위동,4.0,20240314,월세,18.39,500,35,2020.0,아파트,2024
성북구,13800,장위동,-1.0,20240104,월세,53.43,500,45,1996.0,연립다세대,2024
성북구,11700,동선동2가,2.0,20240206,월세,34.38,500,50,2001.0,연립다세대,2024
성북구,13600,하월곡동,11.0,20240221,월세,15.52,1000,65,2013.0,아파트,2024
성북구,13600,하월곡동,19.0,20240221,월세,15.62,1000,65,2013.0,아파트,2024
성북구,13800,장위동,3.0,20240215,월세,35.96,3000,50,2019.0,연립다세대,2024
성북구,12500,안암동5가,,20231220,월세,19.0,5000,50,2018.0,단독다가구,2024
성북구,12500,안암동5가,,20231220,월세,19.0,2000,70,1993.0,단독다가구,2024
성북구,13400,길음동,6.0,20240529,월세,114.912,27000,120,2003.0,아파트,2024
성북구,10300,돈암동,3.0,20231118,월세,70.2,4000,90,2010.0,연립다세대,2024
성북구,13400,길음동,5.0,20240720,월세,18.0,500,55,2012.0,연립다세대,2024
성북구,10300,돈암동,9.0,20240529,월세,84.94,10000,200,2014.0,아파트,2024
성북구,12500,안암동5가,,20231217,월세,20.0,500,40,1998.0,단독다가구,2024
성북구,13400,길음동,5.0,20240408,월세,38.017,4470,6,2022.0,아파트,2024
성북구,13400,길음동,5.0,20240408,월세,38.017,2869,15,2022.0,아파트,2024
성북구,13400,길음동,7.0,20240408,월세,38.017,2869,15,2022.0,아파트,2024
성북구,13800,장위동,8.0,20240420,월세,84.97,27000,80,2021.0,아파트,2024
성북구,13500,종암동,,20231214,월세,17.0,500,45,1995.0,단독다가구,2024
성북구,11100,삼선동1가,4.0,20240416,월세,56.35,3000,60,1996.0,연립다세대,2024
성북구,12500,안암동5가,,20231220,월세,20.0,500,55,,단독다가구,2024
성북구,11700,동선동2가,,20231220,월세,20.0,1000,45,2017.0,단독다가구,2024
성북구,10900,동소문동6가,3.0,20240622,월세,29.9,2000,150,2024.0,연립다세대,2024
성북구,13900,석관동,,20240406,월세,189.96,1000,25,,단독다가구,2024
성북구,13300,정릉동,1.0,20240107,월세,44.89,500,40,2002.0,연립다세대,2024
성북구,12000,동선동5가,,20231202,월세,20.0,1000,45,2003.0,단독다가구,2024
성북구,13300,정릉동,3.0,20240104,월세,21.27,1420,68,2023.0,연립다세대,2024
성북구,11100,삼선동1가,2.0,20240217,월세,26.8,2000,69,2003.0,연립다세대,2024
성북구,11200,삼선동2가,5.0,20240119,월세,29.38,20000,30,2019.0,연립다세대,2024
성북구,11200,삼선동2가,4.0,20240119,월세,29.38,20000,30,2019.0,연립다세대,2024
성북구,13400,길음동,2.0,20240116,월세,43.56,4000,75,2000.0,연립다세대,2024
성북구,13300,정릉동,3.0,20240125,월세,29.06,100,70,2019.0,연립다세대,2024
성북구,13300,정릉동,4.0,20240702,월세,13.62,3500,30,2012.0,연립다세대,2024
성북구,13200,보문동3가,8.0,20240104,월세,84.9,30000,90,2013.0,아파트,2024
성북구,13100,보문동2가,3.0,20241109,월세,16.24,10900,18,2018.0,오피스텔,2024
성북구,12500,안암동5가,,20231208,월세,16.5,500,45,2001.0,단독다가구,2024
성북구,11600,동선동1가,,20231208,월세,16.5,500,35,1981.0,단독다가구,2024
성북구,13400,길음동,20.0,20240601,월세,114.912,30000,120,2003.0,아파트,2024
성북구,12800,보문동6가,,20240327,월세,64.67,2000,145,,단독다가구,2024
성북구,13100,보문동2가,7.0,20240130,월세,16.16,3700,50,2018.0,연립다세대,2024
성북구,13100,보문동2가,,20231202,월세,21.0,1000,40,1993.0,단독다가구,2024
성북구,13300,정릉동,,20231214,월세,18.5,1000,60,2017.0,단독다가구,2024
성북구,11900,동선동4가,6.0,20240110,월세,68.03,25000,75,2008.0,아파트,2024
성북구,11700,동선동2가,,20231220,월세,23.1,1000,50,2000.0,단독다가구,2024
성북구,12500,안암동5가,,20231217,월세,24.0,1000,65,1993.0,단독다가구,2024
성북구,13800,장위동,10.0,20240104,월세,39.65,5000,105,2022.0,아파트,2024
성북구,13300,정릉동,,20231223,월세,13.0,1000,50,,단독다가구,2024
성북구,11500,삼선동5가,,20231220,월세,24.0,1000,55,2019.0,단독다가구,2024
성북구,12500,안암동5가,,20231217,월세,24.79,3000,41,1994.0,단독다가구,2024
성북구,13500,종암동,4.0,20240318,월세,63.62,2000,70,2003.0,연립다세대,2024
성북구,13400,길음동,7.0,20240607,월세,114.73,7000,175,2005.0,아파트,2024
성북구,13400,길음동,18.0,20240426,월세,33.46,11560,30,2019.0,아파트,2024
성북구,11300,삼선동3가,,20231214,월세,20.0,1000,55,1990.0,단독다가구,2024
성북구,13300,정릉동,,20231214,월세,20.0,1000,30,2009.0,단독다가구,2024
성북구,13300,정릉동,6.0,20240104,월세,59.88,5000,120,2005.0,아파트,2024
성북구,12500,안암동5가,,20231220,월세,24.79,3000,53,1994.0,단독다가구,2024
성북구,13300,정릉동,,20231223,월세,15.0,1000,30,1990.0,단독다가구,2024
성북구,13300,정릉동,,20231223,월세,15.0,500,38,2018.0,단독다가구,2024
성북구,13300,정릉동,,20231223,월세,15.0,1000,50,2017.0,단독다가구,2024
성북구,10300,돈암동,11.0,20231124,월세,59.58,5000,120,1998.0,아파트,2024
성북구,13800,장위동,2.0,20240405,월세,46.22,14000,5,2003.0,연립다세대,2024
성북구,12500,안암동5가,,20231202,월세,24.79,1000,57,,단독다가구,2024
성북구,13400,길음동,10.0,20240607,월세,59.99,44000,50,2010.0,아파트,2024
성북구,13300,정릉동,,20231208,월세,19.0,1000,50,2017.0,단독다가구,2024
성북구,12200,안암동2가,,20231208,월세,19.0,5000,45,,단독다가구,2024
성북구,13500,종암동,4.0,20240426,월세,59.98,10000,180,2011.0,아파트,2024
성북구,13800,장위동,4.0,20240726,월세,29.35,500,80,2022.0,연립다세대,2024
성북구,13400,길음동,23.0,20240607,월세,42.05,3499,22,2024.0,아파트,2024
성북구,12500,안암동5가,,20231223,월세,16.0,500,55,1994.0,단독다가구,2024
성북구,13300,정릉동,,20231223,월세,16.0,1000,52,2022.0,단독다가구,2024
성북구,13300,정릉동,3.0,20240215,월세,29.87,12000,40,2019.0,연립다세대,2024
성북구,13300,정릉동,1.0,20240224,월세,84.62,12000,50,1991.0,연립다세대,2024
성북구,13400,길음동,20.0,20240604,월세,84.96,10000,170,2006.0,아파트,2024
성북구,11100,삼선동1가,1.0,20241116,월세,47.1,12000,40,1996.0,연립다세대,2024
성북구,13300,정릉동,4.0,20240615,월세,29.19,14800,10,2020.0,연립다세대,2024
성북구,12500,안암동5가,,20231223,월세,17.0,5000,60,2019.0,단독다가구,2024
성북구,13700,상월곡동,,20231223,월세,17.0,300,40,2013.0,단독다가구,2024
성북구,13500,종암동,7.0,20240316,월세,59.97,10000,150,2009.0,아파트,2024
성북구,13500,종암동,15.0,20240316,월세,84.92,30000,100,2009.0,아파트,2024
성북구,12500,안암동5가,,20231214,월세,22.0,500,40,1998.0,단독다가구,2024
성북구,13400,길음동,26.0,20240604,월세,39.78,5565,8,2024.0,아파트,2024
성북구,13400,길음동,26.0,20240604,월세,39.78,3320,21,2024.0,아파트,2024
성북구,13300,정릉동,,20231223,월세,18.0,1000,40,,단독다가구,2024
성북구,12000,동선동5가,4.0,20240203,월세,44.97,1000,90,2002.0,연립다세대,2024
성북구,12500,안암동5가,,20231208,월세,21.0,1000,65,1997.0,단독다가구,2024
성북구,13300,정릉동,,20231130,월세,13.0,1000,45,2018.0,단독다가구,2024
성북구,13800,장위동,6.0,20240313,월세,39.9,10751,29,2021.0,아파트,2024
성북구,13800,장위동,12.0,20240313,월세,39.9,10751,29,2021.0,아파트,2024
성북구,13800,장위동,7.0,20240313,월세,39.9,10751,29,2021.0,아파트,2024
성북구,13500,종암동,,20231226,월세,13.22,300,30,1977.0,단독다가구,2024
성북구,11600,동선동1가,,20231220,월세,35.0,1000,80,1994.0,단독다가구,2024
성북구,10300,돈암동,8.0,20240508,월세,59.4,15000,100,1999.0,아파트,2024
성북구,13800,장위동,13.0,20240221,월세,15.21,1000,60,2019.0,아파트,2024
성북구,13300,정릉동,4.0,20240203,월세,17.1,1140,75,2023.0,연립다세대,2024
성북구,12400,안암동4가,2.0,20240726,월세,41.13,4000,55,1993.0,연립다세대,2024
성북구,13300,정릉동,,20240705,월세,199.23,1000,50,1987.0,단독다가구,2024
성북구,11200,삼선동2가,8.0,20240318,월세,84.98,0,250,2009.0,아파트,2024
성북구,11800,동선동3가,,20231220,월세,36.3,2000,65,1997.0,단독다가구,2024
성북구,13100,보문동2가,2.0,20240620,월세,19.95,500,52,2001.0,연립다세대,2024
성북구,13900,석관동,17.0,20240502,월세,59.97,3000,130,1998.0,아파트,2024
성북구,13600,하월곡동,8.0,20240131,월세,22.99,22000,30,2022.0,연립다세대,2024
성북구,11900,동선동4가,5.0,20240110,월세,13.0,3000,49,2012.0,연립다세대,2024
성북구,11900,동선동4가,5.0,20240110,월세,15.3,5000,47,2012.0,연립다세대,2024
성북구,12500,안암동5가,,20231223,월세,20.0,500,30,1997.0,단독다가구,2024
성북구,12500,안암동5가,,20231223,월세,20.0,1000,60,2018.0,단독다가구,2024
성북구,12200,안암동2가,,20231223,월세,20.0,1000,50,1989.0,단독다가구,2024
성북구,11800,동선동3가,,20231223,월세,20.0,1000,53,2003.0,단독다가구,2024
성북구,11300,삼선동3가,4.0,20240304,월세,35.58,2112,21,2008.0,아파트,2024
성북구,11300,삼선동3가,15.0,20240304,월세,84.95,60100,50,2012.0,아파트,2024
성북구,11800,동선동3가,,20231208,월세,26.4,3000,55,1996.0,단독다가구,2024
성북구,13400,길음동,8.0,20240514,월세,84.64,20000,140,2005.0,아파트,2024
성북구,11500,삼선동5가,6.0,20240813,월세,27.69,1000,60,2003.0,오피스텔,2024
성북구,13400,길음동,9.0,20240514,월세,84.96,20000,160,2006.0,아파트,2024
성북구,11700,동선동2가,,20231208,월세,28.0,1000,65,2016.0,단독다가구,2024
성북구,13900,석관동,1.0,20240529,월세,43.54,1000,55,1993.0,연립다세대,2024
성북구,13400,길음동,9.0,20240313,월세,59.781,50000,25,2022.0,아파트,2024
성북구,13800,장위동,3.0,20231229,월세,45.49,4000,60,1992.0,연립다세대,2024
성북구,13900,석관동,,20231226,월세,17.31,1000,47,2018.0,단독다가구,2024
성북구,12100,안암동1가,,20231226,월세,18.0,2000,50,,단독다가구,2024
성북구,13300,정릉동,,20231124,월세,10.0,500,50,1968.0,단독다가구,2024
성북구,13300,정릉동,,20240129,월세,12.0,1000,45,2019.0,단독다가구,2024
성북구,13800,장위동,12.0,20240224,월세,18.03,1000,60,2019.0,오피스텔,2024
성북구,13600,하월곡동,3.0,20240227,월세,79.25,20000,100,2004.0,아파트,2024
성북구,11500,삼선동5가,3.0,20240626,월세,27.69,1000,60,2003.0,오피스텔,2024
성북구,13500,종암동,3.0,20240815,월세,23.6,3000,60,2017.0,연립다세대,2024
성북구,12200,안암동2가,,20231223,월세,21.2,1000,75,2004.0,단독다가구,2024
성북구,13400,길음동,11.0,20240316,월세,43.63,3276,17,2022.0,아파트,2024
성북구,13400,길음동,11.0,20240316,월세,43.63,5016,7,2022.0,아파트,2024
성북구,11000,동소문동7가,10.0,20240125,월세,84.95,5000,150,2004.0,아파트,2024
성북구,13400,길음동,5.0,20240316,월세,53.314,3985,21,2022.0,아파트,2024
성북구,13900,석관동,,20240113,월세,14.33,1000,45,2017.0,단독다가구,2024
성북구,12500,안암동5가,,20240113,월세,15.0,1000,55,,단독다가구,2024
성북구,13300,정릉동,,20240110,월세,15.0,1000,55,,단독다가구,2024
성북구,13300,정릉동,,20240110,월세,15.0,2000,45,2019.0,단독다가구,2024
성북구,13400,길음동,5.0,20240426,월세,47.57,5000,77,2018.0,연립다세대,2024
성북구,13900,석관동,6.0,20240520,월세,46.25,25000,5,2015.0,연립다세대,2024
성북구,10900,동소문동6가,5.0,20240518,월세,22.92,4000,72,2014.0,연립다세대,2024
성북구,13300,정릉동,,20231124,월세,15.0,1000,50,2017.0,단독다가구,2024
성북구,12100,안암동1가,2.0,20240705,월세,19.62,1000,50,2019.0,연립다세대,2024
성북구,13800,장위동,3.0,20240523,월세,36.14,9277,25,2020.0,아파트,2024
성북구,13900,석관동,4.0,20241127,월세,14.52,9000,10,2010.0,연립다세대,2024
성북구,11500,삼선동5가,3.0,20240726,월세,15.72,500,40,2002.0,연립다세대,2024
성북구,13300,정릉동,,20240110,월세,16.0,200,40,2007.0,단독다가구,2024
성북구,12200,안암동2가,,20231220,월세,48.43,7000,60,1994.0,단독다가구,2024
성북구,13300,정릉동,4.0,20240131,월세,17.1,1140,75,2023.0,연립다세대,2024
성북구,13800,장위동,9.0,20240301,월세,14.71,1000,60,2019.0,아파트,2024
성북구,13500,종암동,,20240110,월세,16.5,1000,40,2017.0,단독다가구,2024
성북구,12500,안암동5가,,20240113,월세,16.53,1000,60,1993.0,단독다가구,2024
성북구,10800,동소문동5가,16.0,20240224,월세,14.02,8000,47,2018.0,아파트,2024
성북구,13400,길음동,,20231208,월세,35.0,2000,60,1994.0,단독다가구,2024
성북구,13900,석관동,,20240524,월세,72.8,2000,70,1996.0,단독다가구,2024
성북구,11000,동소문동7가,,20231208,월세,36.0,1000,65,1992.0,단독다가구,2024
성북구,13300,정릉동,,20240113,월세,18.0,1000,50,2017.0,단독다가구,2024
성북구,11800,동선동3가,,20240113,월세,18.0,1000,50,,단독다가구,2024
성북구,12200,안암동2가,,20240113,월세,18.0,500,40,1993.0,단독다가구,2024
성북구,13900,석관동,,20240113,월세,18.0,500,45,2018.0,단독다가구,2024
성북구,10200,성북동1가,,20240113,월세,18.0,1000,50,,단독다가구,2024
성북구,12200,안암동2가,,20231220,월세,57.95,3000,75,1995.0,단독다가구,2024
성북구,13600,하월곡동,,20240110,월세,18.0,2000,60,2019.0,단독다가구,2024
성북구,13300,정릉동,,20231229,월세,16.0,1000,50,,단독다가구,2024
성북구,11700,동선동2가,,20231124,월세,18.0,1000,50,2016.0,단독다가구,2024
성북구,13400,길음동,,20231208,월세,37.0,500,40,1990.0,단독다가구,2024
성북구,13300,정릉동,1.0,20240520,월세,59.8,500,20,1994.0,연립다세대,2024
성북구,11200,삼선동2가,,20231220,월세,63.72,3000,90,1992.0,단독다가구,2024
성북구,13500,종암동,2.0,20240604,월세,29.14,1000,90,2018.0,연립다세대,2024
성북구,13100,보문동2가,5.0,20240822,월세,75.77,6000,70,2005.0,연립다세대,2024
성북구,13400,길음동,25.0,20240426,월세,59.882,10000,200,2022.0,아파트,2024
성북구,13800,장위동,3.0,20240227,월세,18.03,11170,4,2019.0,오피스텔,2024
성북구,13800,장위동,17.0,20240227,월세,15.21,1000,60,2019.0,아파트,2024
성북구,13800,장위동,,20231208,월세,40.0,500,30,1994.0,단독다가구,2024
성북구,11500,삼선동5가,,20240113,월세,19.0,1000,55,,단독다가구,2024
성북구,11800,동선동3가,,20231226,월세,21.0,2000,48,2006.0,단독다가구,2024
성북구,13300,정릉동,,20231202,월세,75.59,1000,95,2001.0,단독다가구,2024
성북구,13300,정릉동,,20240107,월세,13.0,1000,50,2019.0,단독다가구,2024
성북구,13300,정릉동,,20231229,월세,18.0,1000,27,2018.0,단독다가구,2024
성북구,13400,길음동,15.0,20240502,월세,59.97,10000,190,2019.0,아파트,2024
성북구,10400,동소문동1가,,20231220,월세,106.95,1000,60,1988.0,단독다가구,2024
성북구,13800,장위동,7.0,20240131,월세,39.34,1395,21,2006.0,아파트,2024
성북구,12500,안암동5가,,20240113,월세,19.8,1000,57,2001.0,단독다가구,2024
성북구,10200,성북동1가,4.0,20240116,월세,22.12,1000,75,2015.0,오피스텔,2024
성북구,13300,정릉동,,20240113,월세,19.83,1000,45,,단독다가구,2024
성북구,10900,동소문동6가,9.0,20240104,월세,13.55,1000,61,2013.0,아파트,2024
성북구,12500,안암동5가,,20231226,월세,23.0,2000,100,2023.0,단독다가구,2024
성북구,11700,동선동2가,,20240113,월세,20.0,500,40,1997.0,단독다가구,2024
성북구,12500,안암동5가,,20240113,월세,20.0,2000,90,,단독다가구,2024
성북구,11300,삼선동3가,,20240113,월세,20.0,1000,45,1990.0,단독다가구,2024
성북구,13300,정릉동,19.0,20240131,월세,59.77,28000,20,2006.0,아파트,2024
성북구,13300,정릉동,2.0,20240116,월세,54.73,12000,40,2014.0,연립다세대,2024
성북구,13600,하월곡동,,20240119,월세,13.22,300,35,1971.0,단독다가구,2024
성북구,13300,정릉동,,20240110,월세,19.83,500,51,,단독다가구,2024
성북구,12300,안암동3가,,20240110,월세,20.0,3000,40,2016.0,단독다가구,2024
성북구,10900,동소문동6가,4.0,20240517,월세,44.92,1500,237,2023.0,연립다세대,2024
성북구,12500,안암동5가,,20231226,월세,23.14,500,55,,단독다가구,2024
성북구,12000,동선동5가,,20240119,월세,15.0,2000,45,2011.0,단독다가구,2024
성북구,13300,정릉동,,20240119,월세,15.0,300,47,,단독다가구,2024
성북구,13300,정릉동,,20240107,월세,16.0,2000,35,,단독다가구,2024
성북구,11700,동선동2가,,20231229,월세,18.5,1000,53,2019.0,단독다가구,2024
성북구,13900,석관동,,20231226,월세,24.39,1000,40,1992.0,단독다가구,2024
성북구,13500,종암동,,20231229,월세,19.0,500,60,2017.0,단독다가구,2024
성북구,13300,정릉동,,20240119,월세,16.5,1000,50,2018.0,단독다가구,2024
성북구,13000,보문동1가,15.0,20240327,월세,39.202,1191,19,2022.0,아파트,2024
성북구,13000,보문동1가,14.0,20240327,월세,59.79,60000,15,2022.0,아파트,2024
성북구,13500,종암동,,20240128,월세,22.6,2000,45,2002.0,단독다가구,2024
성북구,13800,장위동,,20240116,월세,13.3,300,25,,단독다가구,2024
성북구,12500,안암동5가,,20240128,월세,23.0,2000,90,,단독다가구,2024
성북구,11800,동선동3가,,20240110,월세,21.0,1000,45,2002.0,단독다가구,2024
성북구,13600,하월곡동,14.0,20240511,월세,84.589,43000,35,2006.0,아파트,2024
성북구,11800,동선동3가,,20231229,월세,20.0,1000,60,,단독다가구,2024
성북구,13500,종암동,,20231229,월세,20.0,1000,60,2017.0,단독다가구,2024
성북구,11600,동선동1가,,20231229,월세,20.0,500,50,1994.0,단독다가구,2024
성북구,13300,정릉동,,20240116,월세,15.0,1000,30,,단독다가구,2024
성북구,13300,정릉동,,20240116,월세,15.0,1000,45,2000.0,단독다가구,2024
성북구,13300,정릉동,,20240116,월세,15.0,2000,25,,단독다가구,2024
성북구,12200,안암동2가,,20240113,월세,23.0,1000,70,,단독다가구,2024
성북구,12500,안암동5가,,20240113,월세,23.0,100,45,,단독다가구,2024
성북구,13300,정릉동,,20240116,월세,15.0,1000,51,,단독다가구,2024
성북구,11800,동선동3가,,20231214,월세,64.13,7000,68,1990.0,단독다가구,2024
성북구,13300,정릉동,,20240107,월세,17.8,1000,45,,단독다가구,2024
성북구,11600,동선동1가,,20240107,월세,18.0,5000,40,2017.0,단독다가구,2024
성북구,13300,정릉동,,20240107,월세,18.0,1000,45,2019.0,단독다가구,2024
성북구,13900,석관동,20.0,20240502,월세,84.98,500,63,2019.0,아파트,2024
성북구,13800,장위동,,20240113,월세,23.5,1000,50,,단독다가구,2024
성북구,11300,삼선동3가,,20240113,월세,24.0,4000,55,,단독다가구,2024
성북구,11900,동선동4가,,20240113,월세,24.0,1000,55,,단독다가구,2024
성북구,13500,종암동,,20240119,월세,18.0,500,50,2017.0,단독다가구,2024
성북구,13000,보문동1가,8.0,20240405,월세,39.202,1191,19,2022.0,아파트,2024
성북구,13400,길음동,5.0,20240104,월세,40.26,13000,20,1993.0,연립다세대,2024
성북구,13300,정릉동,3.0,20240726,월세,12.15,500,45,2013.0,연립다세대,2024
성북구,11400,삼선동4가,5.0,20231118,월세,25.74,18000,40,2019.0,연립다세대,2024
성북구,13600,하월곡동,,20231226,월세,30.0,1000,50,,단독다가구,2024
성북구,13500,종암동,6.0,20240511,월세,59.99,6000,85,2004.0,아파트,2024
성북구,13500,종암동,3.0,20240104,월세,75.77,4000,75,1982.0,연립다세대,2024
성북구,10100,성북동,3.0,20240601,월세,55.8,13000,40,2003.0,연립다세대,2024
성북구,13300,정릉동,,20240116,월세,16.5,1000,30,,단독다가구,2024
성북구,13300,정릉동,4.0,20231218,월세,17.86,0,51,2013.0,연립다세대,2024
성북구,13800,장위동,2.0,20240905,월세,29.73,18300,12,2018.0,연립다세대,2024
성북구,13300,정릉동,,20240116,월세,16.52,1000,50,2019.0,단독다가구,2024
성북구,13900,석관동,,20240110,월세,25.0,500,30,,단독다가구,2024
성북구,13300,정릉동,,20240122,월세,15.0,500,30,,단독다가구,2024
성북구,13900,석관동,4.0,20241130,월세,29.07,5000,40,2014.0,연립다세대,2024
성북구,13800,장위동,,20240128,월세,27.27,500,50,,단독다가구,2024
성북구,11200,삼선동2가,,20240119,월세,18.5,3000,35,2019.0,단독다가구,2024
성북구,12500,안암동5가,,20231229,월세,22.0,1000,70,2016.0,단독다가구,2024
성북구,13600,하월곡동,,20240705,월세,216.75,500,40,,단독다가구,2024
성북구,13400,길음동,12.0,20240824,월세,84.82,48000,85,2010.0,아파트,2024
성북구,12500,안암동5가,,20240116,월세,17.1,1000,55,,단독다가구,2024
성북구,13300,정릉동,,20240128,월세,30.0,500,40,,단독다가구,2024
성북구,12500,안암동5가,4.0,20240209,월세,19.72,2000,67,2017.0,연립다세대,2024
성북구,12700,보문동5가,3.0,20240224,월세,13.16,6400,10,2008.0,연립다세대,2024
성북구,11700,동선동2가,,20240113,월세,30.0,1000,65,1994.0,단독다가구,2024
성북구,13600,하월곡동,,20240113,월세,30.0,500,50,,단독다가구,2024
성북구,12100,안암동1가,,20231229,월세,24.0,1000,45,,단독다가구,2024
성북구,13300,정릉동,,20240122,월세,16.17,1000,50,2019.0,단독다가구,2024
성북구,13800,장위동,,20240110,월세,27.33,7000,60,2021.0,단독다가구,2024
성북구,12800,보문동6가,,20240110,월세,27.74,5000,90,2019.0,단독다가구,2024
성북구,12500,안암동5가,,20240122,월세,16.5,10000,20,,단독다가구,2024
성북구,12900,보문동7가,3.0,20240203,월세,29.3,23500,15,2022.0,연립다세대,2024
성북구,11700,동선동2가,,20231229,월세,24.6,1000,50,1997.0,단독다가구,2024
성북구,11800,동선동3가,,20240122,월세,16.52,500,40,2002.0,단독다가구,2024
성북구,13800,장위동,7.0,20240818,월세,39.0,14067,37,2022.0,아파트,2024
성북구,13400,길음동,15.0,20240629,월세,59.99,5000,160,2005.0,아파트,2024
성북구,11900,동선동4가,,20240113,월세,30.25,2000,50,1995.0,단독다가구,2024
성북구,13800,장위동,,20240110,월세,30.0,300,30,1976.0,단독다가구,2024
성북구,13400,길음동,6.0,20240629,월세,114.88,35000,134,2005.0,아파트,2024
성북구,13300,정릉동,9.0,20240330,월세,52.89,3000,80,1977.0,아파트,2024
성북구,13400,길음동,2.0,20240821,월세,59.99,35000,75,2010.0,아파트,2024
성북구,13900,석관동,,20240113,월세,33.0,300,30,,단독다가구,2024
성북구,13300,정릉동,7.0,20240626,월세,59.42,5000,80,1999.0,아파트,2024
성북구,13800,장위동,15.0,20240307,월세,18.03,1000,46,2019.0,오피스텔,2024
성북구,13600,하월곡동,,20240110,월세,30.79,9000,15,1991.0,단독다가구,2024
성북구,10100,성북동,4.0,20240209,월세,48.73,7000,25,1972.0,아파트,2024
성북구,12300,안암동3가,,20231226,월세,37.97,2000,75,1990.0,단독다가구,2024
성북구,13800,장위동,,20240406,월세,213.36,3500,15,,단독다가구,2024
성북구,13800,장위동,,20240406,월세,213.36,2800,10,,단독다가구,2024
성북구,13400,길음동,9.0,20240629,월세,42.05,5295,12,2024.0,아파트,2024
성북구,13300,정릉동,,20240116,월세,20.0,1000,40,,단독다가구,2024
성북구,11800,동선동3가,,20240116,월세,20.0,500,45,2006.0,단독다가구,2024
성북구,13300,정릉동,3.0,20240218,월세,14.11,500,37,2008.0,연립다세대,2024
성북구,12200,안암동2가,2.0,20240719,월세,15.55,1000,46,2013.0,연립다세대,2024
성북구,13400,길음동,4.0,20240330,월세,59.94,5000,120,1998.0,아파트,2024
성북구,13400,길음동,,20240110,월세,33.0,200,30,1993.0,단독다가구,2024
성북구,12100,안암동1가,,20231229,월세,30.0,2000,50,1992.0,단독다가구,2024
성북구,13300,정릉동,,20240122,월세,19.0,1000,53,2019.0,단독다가구,2024
성북구,12500,안암동5가,,20240107,월세,23.0,5000,65,2021.0,단독다가구,2024
성북구,10900,동소문동6가,,20240119,월세,24.0,3000,55,1994.0,단독다가구,2024
성북구,13300,정릉동,,20240312,월세,160.53,500,45,,단독다가구,2024
성북구,13300,정릉동,,20240312,월세,160.53,500,35,,단독다가구,2024
성북구,13300,정릉동,,20240125,월세,19.0,1000,40,2021.0,단독다가구,2024
성북구,12500,안암동5가,,20240113,월세,36.37,6000,50,,단독다가구,2024
성북구,11100,삼선동1가,5.0,20231215,월세,40.15,15000,30,2015.0,연립다세대,2024
성북구,12000,동선동5가,3.0,20241109,월세,36.13,10000,55,2012.0,연립다세대,2024
성북구,13300,정릉동,2.0,20240227,월세,84.69,22000,20,1991.0,연립다세대,2024
성북구,12200,안암동2가,,20240122,월세,20.0,1000,45,2021.0,단독다가구,2024
성북구,11300,삼선동3가,,20240122,월세,20.0,3000,35,1990.0,단독다가구,2024
성북구,13600,하월곡동,9.0,20240629,월세,59.65,33000,35,2010.0,아파트,2024
성북구,13300,정릉동,,20240101,월세,16.52,1000,45,2019.0,단독다가구,2024
성북구,13400,길음동,8.0,20240827,월세,84.64,4000,180,2005.0,아파트,2024
성북구,11200,삼선동2가,,20240128,월세,40.0,3000,60,,단독다가구,2024
성북구,11100,삼선동1가,,20240113,월세,40.0,1000,55,1991.0,단독다가구,2024
성북구,13800,장위동,7.0,20241130,월세,18.39,7700,15,2020.0,아파트,2024
성북구,10200,성북동1가,4.0,20241030,월세,142.94,44000,10,2003.0,연립다세대,2024
성북구,11300,삼선동3가,4.0,20240726,월세,21.07,500,40,2003.0,연립다세대,2024
성북구,13400,길음동,13.0,20240827,월세,59.99,16000,110,2010.0,아파트,2024
성북구,13400,길음동,,20240119,월세,27.0,2000,50,1993.0,단독다가구,2024
성북구,13800,장위동,,20240304,월세,39.47,300,35,,단독다가구,2024
성북구,13600,하월곡동,1.0,20240821,월세,84.73,20000,107,2010.0,아파트,2024
성북구,10200,성북동1가,,20240110,월세,37.35,500,67,1997.0,단독다가구,2024
성북구,10900,동소문동6가,15.0,20240227,월세,14.01,1000,82,2015.0,아파트,2024
성북구,11100,삼선동1가,,20240113,월세,41.16,5000,50,,단독다가구,2024
성북구,13400,길음동,8.0,20240429,월세,38.017,2869,15,2022.0,아파트,2024
성북구,11500,삼선동5가,,20231124,월세,39.63,5000,65,1994.0,단독다가구,2024
성북구,13500,종암동,-1.0,20240411,월세,54.1,1000,60,1991.0,연립다세대,2024
성북구,13400,길음동,15.0,20240813,월세,84.049,10000,200,2007.0,아파트,2024
성북구,11700,동선동2가,,20240119,월세,29.7,700,75,1990.0,단독다가구,2024
성북구,12100,안암동1가,,20240125,월세,21.0,1500,63,,단독다가구,2024
성북구,13400,길음동,19.0,20240813,월세,59.99,48500,11,2010.0,아파트,2024
성북구,13600,하월곡동,,20240110,월세,39.76,3000,40,1995.0,단독다가구,2024
성북구,13300,정릉동,2.0,20240208,월세,15.22,1000,43,2013.0,연립다세대,2024
성북구,13300,정릉동,8.0,20240813,월세,114.63,25000,100,1999.0,아파트,2024
성북구,13400,길음동,12.0,20240813,월세,68.14,27000,20,1988.0,아파트,2024
성북구,12500,안암동5가,,20240125,월세,22.5,1000,58,,단독다가구,2024
성북구,12500,안암동5가,,20240125,월세,23.0,1000,90,,단독다가구,2024
성북구,13900,석관동,2.0,20241015,월세,25.48,22000,20,2023.0,연립다세대,2024
성북구,11900,동선동4가,,20240122,월세,23.11,5000,45,,단독다가구,2024
성북구,13300,정릉동,,20240104,월세,12.0,500,40,2018.0,단독다가구,2024
성북구,11700,동선동2가,4.0,20231221,월세,18.96,4000,65,2014.0,연립다세대,2024
성북구,10300,돈암동,3.0,20240813,월세,119.56,5000,275,2014.0,아파트,2024
성북구,12200,안암동2가,,20240116,월세,27.0,1000,50,1989.0,단독다가구,2024
성북구,10200,성북동1가,,20231127,월세,20.0,500,35,1990.0,단독다가구,2024
성북구,11800,동선동3가,,20231127,월세,20.0,3000,55,1993.0,단독다가구,2024
성북구,13600,하월곡동,,20240104,월세,15.0,500,45,2004.0,단독다가구,2024
성북구,13800,장위동,,20240110,월세,43.46,500,40,1989.0,단독다가구,2024
성북구,12500,안암동5가,,20240113,월세,49.88,2000,100,,단독다가구,2024
성북구,11800,동선동3가,,20240122,월세,26.0,8000,20,,단독다가구,2024
성북구,13800,장위동,10.0,20240827,월세,59.1,10000,180,2022.0,아파트,2024
성북구,13900,석관동,,20240119,월세,33.28,2000,35,1993.0,단독다가구,2024
성북구,12500,안암동5가,1.0,20231224,월세,12.21,1000,68,2011.0,연립다세대,2024
성북구,13700,상월곡동,,20231229,월세,41.22,4000,60,1994.0,단독다가구,2024
성북구,13400,길음동,7.0,20231221,월세,84.97,30000,70,2005.0,아파트,2024
성북구,13100,보문동2가,6.0,20240408,월세,66.02,5000,210,2023.0,오피스텔,2024
성북구,13400,길음동,10.0,20231221,월세,84.05,10000,200,2007.0,아파트,2024
성북구,13400,길음동,22.0,20231221,월세,84.84,29900,65,2003.0,아파트,2024
성북구,12100,안암동1가,,20240119,월세,36.0,2000,65,,단독다가구,2024
성북구,10900,동소문동6가,3.0,20240220,월세,23.47,3000,24,2002.0,연립다세대,2024
성북구,13300,정릉동,1.0,20240212,월세,21.27,1420,68,2023.0,연립다세대,2024
성북구,13600,하월곡동,,20240104,월세,16.52,300,25,2010.0,단독다가구,2024
성북구,12200,안암동2가,,20240119,월세,37.41,500,50,,단독다가구,2024
성북구,13900,석관동,,20240119,월세,37.5,3000,70,2020.0,단독다가구,2024
성북구,12500,안암동5가,,20240116,월세,33.0,1000,47,,단독다가구,2024
성북구,13300,정릉동,,20231127,월세,23.0,1000,50,2017.0,단독다가구,2024
성북구,12500,안암동5가,,20240104,월세,17.0,1000,52,,단독다가구,2024
성북구,12200,안암동2가,5.0,20240316,월세,15.51,1000,81,2018.0,연립다세대,2024
성북구,13300,정릉동,2.0,20240203,월세,58.89,2000,50,1990.0,연립다세대,2024
성북구,11100,삼선동1가,,20240104,월세,18.0,500,40,1956.0,단독다가구,2024
성북구,12100,안암동1가,,20240116,월세,34.05,9000,25,1992.0,단독다가구,2024
성북구,12500,안암동5가,2.0,20231227,월세,13.99,1000,66,2013.0,연립다세대,2024
성북구,11100,삼선동1가,,20240122,월세,32.69,1000,40,1993.0,단독다가구,2024
성북구,13900,석관동,,20240122,월세,33.0,500,30,,단독다가구,2024
성북구,13300,정릉동,,20240107,월세,38.0,2000,80,1996.0,단독다가구,2024
성북구,10300,돈암동,7.0,20240601,월세,59.4,32000,20,1999.0,아파트,2024
성북구,13800,장위동,,20240122,월세,33.05,500,60,1993.0,단독다가구,2024
성북구,10100,성북동,1.0,20240507,월세,45.86,3000,100,1987.0,연립다세대,2024
성북구,10100,성북동,4.0,20240301,월세,29.07,27000,5,2019.0,연립다세대,2024
성북구,13300,정릉동,4.0,20240218,월세,17.1,1140,75,2023.0,연립다세대,2024
성북구,13600,하월곡동,,20240104,월세,18.18,500,50,,단독다가구,2024
성북구,10300,돈암동,16.0,20240417,월세,84.92,6000,110,1998.0,아파트,2024
성북구,12500,안암동5가,,20240110,월세,80.46,1000,135,,단독다가구,2024
성북구,11100,삼선동1가,2.0,20240215,월세,73.32,0,60,2008.0,연립다세대,2024
성북구,11100,삼선동1가,2.0,20240215,월세,79.02,100,55,2008.0,연립다세대,2024
성북구,11100,삼선동1가,1.0,20240215,월세,79.02,0,55,2008.0,연립다세대,2024
성북구,11900,동선동4가,,20240116,월세,39.63,9000,40,1993.0,단독다가구,2024
성북구,12500,안암동5가,5.0,20241118,월세,27.25,2500,150,2022.0,연립다세대,2024
성북구,12500,안암동5가,3.0,20241118,월세,28.28,2500,150,2022.0,연립다세대,2024
성북구,13300,정릉동,,20240116,월세,40.0,1000,70,1995.0,단독다가구,2024
성북구,13400,길음동,18.0,20240830,월세,84.844,5000,105,2003.0,아파트,2024
성북구,12300,안암동3가,7.0,20240815,월세,59.83,500,35,1971.0,아파트,2024
성북구,10900,동소문동6가,,20240104,월세,19.6,1000,60,1994.0,단독다가구,2024
성북구,13900,석관동,,20240119,월세,49.39,5000,45,,단독다가구,2024
성북구,12400,안암동4가,2.0,20231230,월세,41.13,4000,55,1993.0,연립다세대,2024
성북구,10300,돈암동,7.0,20240514,월세,84.39,20000,44,1991.0,아파트,2024
성북구,13800,장위동,,20240122,월세,38.76,2000,30,1995.0,단독다가구,2024
성북구,12500,안암동5가,,20240104,월세,20.0,1000,52,2002.0,단독다가구,2024
성북구,11200,삼선동2가,,20240119,월세,51.83,2000,70,2002.0,단독다가구,2024
성북구,13600,하월곡동,5.0,20231125,월세,26.0,1000,50,2018.0,연립다세대,2024
성북구,13300,정릉동,2.0,20240212,월세,84.89,25000,85,2005.0,아파트,2024
성북구,10300,돈암동,4.0,20240131,월세,113.67,13000,130,1998.0,아파트,2024
성북구,10900,동소문동6가,3.0,20240601,월세,41.67,21600,5,2011.0,연립다세대,2024
성북구,13600,하월곡동,11.0,20240601,월세,59.88,500,50,1998.0,아파트,2024
성북구,13400,길음동,10.0,20240508,월세,38.017,2869,15,2022.0,아파트,2024
성북구,13900,석관동,,20240119,월세,61.48,1000,70,,단독다가구,2024
성북구,12800,보문동6가,16.0,20240417,월세,84.99,10000,220,2017.0,아파트,2024
성북구,13300,정릉동,,20240125,월세,43.0,2000,15,1986.0,단독다가구,2024
성북구,10300,돈암동,12.0,20240607,월세,41.58,1000,80,1991.0,아파트,2024
성북구,13300,정릉동,,20240620,월세,52.75,10500,5,1993.0,단독다가구,2024
성북구,13600,하월곡동,9.0,20240330,월세,79.346,35500,30,2004.0,아파트,2024
성북구,13300,정릉동,,20240119,월세,73.45,3000,73,1997.0,단독다가구,2024
성북구,12500,안암동5가,,20240104,월세,22.0,1000,75,2015.0,단독다가구,2024
성북구,13300,정릉동,9.0,20240218,월세,59.4,4000,130,2003.0,아파트,2024
성북구,12500,안암동5가,,20240104,월세,23.0,1000,95,,단독다가구,2024
성북구,10300,돈암동,3.0,20240316,월세,36.3,14000,55,2015.0,연립다세대,2024
성북구,13100,보문동2가,5.0,20240623,월세,43.87,500,52,2001.0,연립다세대,2024
성북구,13300,정릉동,,20240114,월세,18.0,1000,55,,단독다가구,2024
성북구,13400,길음동,8.0,20231215,월세,59.37,5000,165,2007.0,아파트,2024
성북구,13300,정릉동,,20240125,월세,48.0,500,40,1994.0,단독다가구,2024
성북구,13500,종암동,2.0,20240617,월세,59.92,5000,170,2009.0,아파트,2024
성북구,11000,동소문동7가,7.0,20240313,월세,59.96,20000,135,2010.0,아파트,2024
성북구,13900,석관동,,20240125,월세,49.67,6000,35,1995.0,단독다가구,2024
성북구,11800,동선동3가,,20240125,월세,49.68,2000,65,,단독다가구,2024
성북구,12200,안암동2가,,20240125,월세,49.88,3000,85,,단독다가구,2024
성북구,11500,삼선동5가,,20240125,월세,50.0,1000,60,,단독다가구,2024
성북구,13800,장위동,5.0,20240520,월세,39.9,10214,28,2021.0,아파트,2024
성북구,10200,성북동1가,2.0,20240123,월세,30.75,8000,27,2003.0,연립다세대,2024
성북구,11900,동선동4가,4.0,20240203,월세,13.0,3000,50,2012.0,연립다세대,2024
성북구,12500,안암동5가,,20240104,월세,25.0,1000,90,2016.0,단독다가구,2024
성북구,13800,장위동,3.0,20240930,월세,38.88,500,47,1994.0,연립다세대,2024
성북구,13800,장위동,,20240107,월세,67.72,1000,66,1993.0,단독다가구,2024
성북구,13900,석관동,15.0,20240617,월세,39.01,8595,31,2019.0,아파트,2024
성북구,13300,정릉동,2.0,20240321,월세,45.9,2000,70,1994.0,연립다세대,2024
성북구,10200,성북동1가,9.0,20240203,월세,16.53,1000,75,2015.0,아파트,2024
성북구,10900,동소문동6가,4.0,20240517,월세,30.3,12000,35,2003.0,오피스텔,2024
성북구,10300,돈암동,9.0,20240517,월세,84.857,30000,160,2016.0,아파트,2024
성북구,13900,석관동,3.0,20240417,월세,33.15,10000,21,2003.0,오피스텔,2024
성북구,10100,성북동,,20240116,월세,70.5,5000,70,,단독다가구,2024
성북구,11100,삼선동1가,,20240107,월세,75.24,5000,75,1982.0,단독다가구,2024
성북구,10100,성북동,3.0,20240804,월세,29.45,21000,5,2021.0,연립다세대,2024
성북구,13800,장위동,,20240116,월세,75.42,2000,60,1986.0,단독다가구,2024
성북구,13600,하월곡동,3.0,20240705,월세,14.35,100,55,2020.0,오피스텔,2024
성북구,10100,성북동,1.0,20240120,월세,23.4,5000,10,1971.0,연립다세대,2024
성북구,12500,안암동5가,,20240104,월세,27.0,1000,55,,단독다가구,2024
성북구,12000,동선동5가,1.0,20240607,월세,22.58,1000,40,2014.0,연립다세대,2024
성북구,13500,종암동,,20240101,월세,39.6,3000,40,1995.0,단독다가구,2024
성북구,13400,길음동,10.0,20231209,월세,60.0,5000,90,2003.0,아파트,2024
성북구,12200,안암동2가,4.0,20240224,월세,93.46,1000,38,2003.0,연립다세대,2024
성북구,13800,장위동,21.0,20240617,월세,36.14,6532,34,2020.0,아파트,2024
성북구,13800,장위동,21.0,20240617,월세,36.14,9277,25,2020.0,아파트,2024
성북구,13800,장위동,18.0,20240617,월세,36.14,9277,25,2020.0,아파트,2024
성북구,13800,장위동,22.0,20240617,월세,46.35,5505,8,2020.0,아파트,2024
성북구,13100,보문동2가,5.0,20241116,월세,15.57,5000,51,2014.0,연립다세대,2024
성북구,13700,상월곡동,4.0,20240301,월세,13.64,500,39,2012.0,연립다세대,2024
성북구,13300,정릉동,,20231229,월세,54.58,5000,50,1996.0,단독다가구,2024
성북구,13600,하월곡동,12.0,20231128,월세,59.65,35000,30,2010.0,아파트,2024
성북구,13400,길음동,13.0,20240902,월세,84.64,30000,120,2005.0,아파트,2024
성북구,12000,동선동5가,3.0,20240108,월세,28.38,1000,63,2002.0,연립다세대,2024
성북구,11500,삼선동5가,,20240104,월세,30.0,500,50,1994.0,단독다가구,2024
성북구,12500,안암동5가,4.0,20231230,월세,29.6,1000,170,2022.0,연립다세대,2024
성북구,11700,동선동2가,5.0,20240123,월세,54.66,2000,40,2002.0,연립다세대,2024
성북구,13100,보문동2가,5.0,20240117,월세,15.84,12000,20,2018.0,연립다세대,2024
성북구,12900,보문동7가,,20240122,월세,53.55,5000,60,1993.0,단독다가구,2024
성북구,10800,동소문동5가,,20240203,월세,14.0,300,37,,단독다가구,2024
성북구,10900,동소문동6가,5.0,20231218,월세,30.3,2000,90,2003.0,오피스텔,2024
성북구,12500,안암동5가,4.0,20240221,월세,37.97,1000,100,2002.0,연립다세대,2024
성북구,13800,장위동,14.0,20240111,월세,38.17,300,32,2020.0,아파트,2024
성북구,13600,하월곡동,12.0,20231206,월세,59.88,5000,110,1998.0,아파트,2024
성북구,13700,상월곡동,,20240125,월세,95.55,50,40,1964.0,단독다가구,2024
성북구,11100,삼선동1가,,20240101,월세,44.61,1000,70,1996.0,단독다가구,2024
성북구,13300,정릉동,6.0,20240215,월세,84.98,5000,150,2004.0,아파트,2024
성북구,11500,삼선동5가,3.0,20240123,월세,19.7,500,40,2002.0,연립다세대,2024
성북구,13500,종암동,3.0,20240803,월세,29.93,1000,122,2023.0,연립다세대,2024
성북구,11800,동선동3가,5.0,20240108,월세,24.75,5500,10,1997.0,연립다세대,2024
성북구,13500,종암동,,20240203,월세,16.5,2000,48,,단독다가구,2024
성북구,12500,안암동5가,4.0,20240111,월세,28.19,1000,170,2022.0,연립다세대,2024
성북구,12500,안암동5가,2.0,20240111,월세,28.28,1000,165,2022.0,연립다세대,2024
성북구,10300,돈암동,2.0,20240902,월세,34.35,2616,14,2014.0,아파트,2024
성북구,12000,동선동5가,3.0,20240205,월세,28.33,2000,80,2012.0,연립다세대,2024
성북구,12200,안암동2가,,20240104,월세,33.12,500,50,1993.0,단독다가구,2024
성북구,11900,동선동4가,2.0,20240126,월세,55.2,3000,30,2012.0,오피스텔,2024
성북구,11700,동선동2가,1.0,20240126,월세,23.86,4000,75,2012.0,연립다세대,2024
성북구,13300,정릉동,3.0,20240120,월세,12.12,3000,50,2013.0,연립다세대,2024
성북구,13100,보문동2가,5.0,20240629,월세,19.95,500,50,2001.0,연립다세대,2024
성북구,13900,석관동,5.0,20240202,월세,32.04,4000,28,2021.0,연립다세대,2024
성북구,13900,석관동,3.0,20240202,월세,39.21,3242,42,2021.0,연립다세대,2024
성북구,11400,삼선동4가,12.0,20240108,월세,29.53,5000,76,2014.0,오피스텔,2024
성북구,10700,동소문동4가,4.0,20240607,월세,61.82,500,50,2002.0,연립다세대,2024
성북구,13600,하월곡동,2.0,20240708,월세,29.76,2000,100,2020.0,오피스텔,2024
성북구,13800,장위동,13.0,20240405,월세,15.214,1000,60,2019.0,아파트,2024
성북구,13300,정릉동,,20240129,월세,13.0,1000,40,,단독다가구,2024
성북구,13300,정릉동,2.0,20240220,월세,12.15,1000,60,2013.0,연립다세대,2024
성북구,13800,장위동,6.0,20240905,월세,29.84,5000,90,2022.0,연립다세대,2024
성북구,13100,보문동2가,2.0,20240123,월세,22.24,1000,55,2010.0,연립다세대,2024
성북구,11800,동선동3가,,20240104,월세,36.3,2000,65,1997.0,단독다가구,2024
성북구,13900,석관동,6.0,20240214,월세,27.47,3000,110,2022.0,연립다세대,2024
성북구,13100,보문동2가,3.0,20240220,월세,17.09,5000,53,2014.0,연립다세대,2024
성북구,13800,장위동,4.0,20240126,월세,28.76,17500,20,2019.0,연립다세대,2024
성북구,13400,길음동,7.0,20231203,월세,84.98,20000,215,2019.0,아파트,2024
성북구,13100,보문동2가,4.0,20240126,월세,66.58,1000,55,2001.0,연립다세대,2024
성북구,13600,하월곡동,3.0,20240202,월세,32.33,1000,85,2019.0,연립다세대,2024
성북구,13500,종암동,8.0,20231206,월세,59.98,7000,140,2011.0,아파트,2024
성북구,13300,정릉동,,20240104,월세,39.6,2000,25,,단독다가구,2024
성북구,13400,길음동,1.0,20240205,월세,29.96,500,55,1997.0,연립다세대,2024
성북구,11600,동선동1가,2.0,20231209,월세,28.7,16000,50,2020.0,오피스텔,2024
성북구,13100,보문동2가,3.0,20240117,월세,22.45,5000,100,2017.0,연립다세대,2024
성북구,11100,삼선동1가,3.0,20240120,월세,29.7,4000,20,2011.0,연립다세대,2024
성북구,10700,동소문동4가,,20240129,월세,15.0,1000,45,2002.0,단독다가구,2024
성북구,10900,동소문동6가,2.0,20231128,월세,30.3,1000,85,2003.0,오피스텔,2024
성북구,13300,정릉동,4.0,20240217,월세,12.02,1000,53,2013.0,연립다세대,2024
성북구,13300,정릉동,2.0,20240217,월세,13.57,1000,40,2013.0,연립다세대,2024
성북구,12500,안암동5가,2.0,20231201,월세,12.21,1000,71,2011.0,연립다세대,2024
성북구,13300,정릉동,2.0,20240126,월세,12.8,500,68,2013.0,연립다세대,2024
성북구,13400,길음동,19.0,20240729,월세,84.69,30000,220,2024.0,아파트,2024
성북구,13400,길음동,17.0,20240615,월세,84.049,10000,170,2007.0,아파트,2024
성북구,13300,정릉동,14.0,20240615,월세,50.45,5000,97,1999.0,아파트,2024
성북구,13300,정릉동,6.0,20240228,월세,12.85,2000,65,2022.0,아파트,2024
성북구,12500,안암동5가,,20240203,월세,18.0,1000,50,,단독다가구,2024
성북구,12500,안암동5가,,20240203,월세,18.0,6000,5,,단독다가구,2024
성북구,13300,정릉동,3.0,20231209,월세,17.3,1000,50,2012.0,연립다세대,2024
성북구,13800,장위동,4.0,20240805,월세,33.036,1500,73,2020.0,아파트,2024
성북구,13900,석관동,9.0,20240514,월세,39.01,9383,27,2019.0,아파트,2024
성북구,12100,안암동1가,14.0,20240307,월세,84.868,15000,160,2005.0,아파트,2024
성북구,13500,종암동,5.0,20240214,월세,26.4,2000,83,2015.0,연립다세대,2024
성북구,13900,석관동,3.0,20240126,월세,14.52,8900,10,2010.0,연립다세대,2024
성북구,10800,동소문동5가,11.0,20231113,월세,16.67,3000,82,2017.0,아파트,2024
성북구,13400,길음동,6.0,20240601,월세,59.97,15000,180,2019.0,아파트,2024
성북구,11900,동선동4가,10.0,20240702,월세,24.64,1000,80,2005.0,오피스텔,2024
성북구,11400,삼선동4가,3.0,20240202,월세,28.6,10000,58,2017.0,연립다세대,2024
성북구,12500,안암동5가,1.0,20240117,월세,13.68,1000,60,2011.0,연립다세대,2024
성북구,13500,종암동,14.0,20240529,월세,84.98,10000,150,2009.0,아파트,2024
성북구,13300,정릉동,2.0,20231201,월세,20.18,500,60,2016.0,연립다세대,2024
성북구,13100,보문동2가,4.0,20240606,월세,46.4,17500,15,2002.0,연립다세대,2024
성북구,13600,하월곡동,11.0,20240615,월세,59.65,10000,89,2010.0,아파트,2024
성북구,13300,정릉동,1.0,20240222,월세,99.3,300,33,1982.0,연립다세대,2024
성북구,10900,동소문동6가,4.0,20240729,월세,43.26,37200,4,2023.0,연립다세대,2024
성북구,13500,종암동,10.0,20231209,월세,59.97,5000,150,2009.0,아파트,2024
성북구,13800,장위동,13.0,20240217,월세,33.04,1500,68,2020.0,아파트,2024
성북구,13600,하월곡동,19.0,20240224,월세,84.88,10000,180,2007.0,아파트,2024
성북구,13500,종암동,2.0,20231230,월세,23.6,3000,70,2017.0,연립다세대,2024
성북구,10300,돈암동,18.0,20240626,월세,59.4,5000,120,1999.0,아파트,2024
성북구,12800,보문동6가,4.0,20231221,월세,59.81,10000,180,2017.0,아파트,2024
성북구,13400,길음동,17.0,20240614,월세,84.94,10000,240,2010.0,아파트,2024
성북구,13800,장위동,2.0,20240612,월세,28.87,13050,6,2017.0,연립다세대,2024
성북구,13400,길음동,9.0,20231230,월세,84.82,50000,85,2010.0,아파트,2024
성북구,11800,동선동3가,5.0,20240205,월세,12.71,1000,60,2011.0,연립다세대,2024
성북구,13400,길음동,3.0,20240114,월세,84.95,59300,13,2010.0,아파트,2024
성북구,13400,길음동,26.0,20231230,월세,114.86,60000,13,2010.0,아파트,2024
성북구,13900,석관동,13.0,20240601,월세,59.98,15000,130,2019.0,아파트,2024
성북구,13400,길음동,13.0,20231209,월세,84.98,40010,140,2022.0,아파트,2024
성북구,13800,장위동,18.0,20231230,월세,59.1,20000,150,2022.0,아파트,2024
성북구,13800,장위동,17.0,20231230,월세,59.35,10000,135,2017.0,아파트,2024
성북구,13500,종암동,1.0,20240228,월세,18.9,500,62,2013.0,연립다세대,2024
성북구,13600,하월곡동,3.0,20240111,월세,59.65,20000,90,2010.0,아파트,2024
성북구,13300,정릉동,1.0,20240801,월세,60.33,3000,68,1991.0,연립다세대,2024
성북구,13300,정릉동,,20240129,월세,15.6,1000,58,2019.0,단독다가구,2024
성북구,10100,성북동,,20240129,월세,16.0,500,29,2016.0,단독다가구,2024
성북구,10900,동소문동6가,3.0,20240105,월세,19.89,1000,50,2014.0,연립다세대,2024
성북구,13500,종암동,5.0,20240301,월세,67.11,10000,80,2003.0,연립다세대,2024
성북구,10300,돈암동,10.0,20240614,월세,59.84,10000,110,2014.0,아파트,2024
성북구,12500,안암동5가,1.0,20240214,월세,12.0,1000,60,2011.0,연립다세대,2024
성북구,13800,장위동,4.0,20240123,월세,54.99,5000,65,2004.0,연립다세대,2024
성북구,13800,장위동,15.0,20240517,월세,101.72,10000,220,2020.0,아파트,2024
성북구,13900,석관동,1.0,20240612,월세,45.35,5000,80,2018.0,연립다세대,2024
성북구,13600,하월곡동,15.0,20231221,월세,15.62,1000,60,2013.0,아파트,2024
성북구,10100,성북동,3.0,20240921,월세,58.35,18000,50,2002.0,연립다세대,2024
성북구,12000,동선동5가,3.0,20231227,월세,44.35,3000,100,2016.0,연립다세대,2024
성북구,13400,길음동,18.0,20240105,월세,59.98,10000,114,2010.0,아파트,2024
성북구,13400,길음동,10.0,20240514,월세,38.017,3998,6,2022.0,아파트,2024
성북구,10200,성북동1가,1.0,20241027,월세,73.61,28000,11,2003.0,연립다세대,2024
성북구,13300,정릉동,,20240516,월세,21.88,8400,20,2019.0,단독다가구,2024
성북구,13800,장위동,3.0,20240105,월세,40.47,12677,47,2022.0,아파트,2024
성북구,13800,장위동,4.0,20240105,월세,40.47,12677,47,2022.0,아파트,2024
성북구,13800,장위동,4.0,20240105,월세,40.47,14537,37,2022.0,아파트,2024
성북구,13600,하월곡동,14.0,20240105,월세,59.65,20000,70,2010.0,아파트,2024
성북구,13600,하월곡동,13.0,20240105,월세,59.65,10000,110,2010.0,아파트,2024
성북구,13500,종암동,2.0,20240123,월세,21.2,1000,62,2013.0,연립다세대,2024
성북구,13500,종암동,2.0,20240423,월세,23.12,100,45,2005.0,연립다세대,2024
성북구,13800,장위동,,20240415,월세,54.29,5000,55,1986.0,단독다가구,2024
성북구,13500,종암동,,20240203,월세,19.0,300,40,1997.0,단독다가구,2024
성북구,13400,길음동,11.0,20240222,월세,59.37,3000,130,2007.0,아파트,2024
성북구,13800,장위동,2.0,20240517,월세,101.79,50000,70,2021.0,아파트,2024
성북구,13400,길음동,4.0,20240120,월세,84.96,40000,50,2003.0,아파트,2024
성북구,13400,길음동,5.0,20240222,월세,84.84,33400,10,2003.0,아파트,2024
성북구,13400,길음동,10.0,20240120,월세,114.73,40000,70,2005.0,아파트,2024
성북구,13500,종암동,13.0,20231125,월세,84.95,4000,160,2004.0,아파트,2024
성북구,13800,장위동,4.0,20240520,월세,59.15,3000,75,2000.0,연립다세대,2024
성북구,11400,삼선동4가,,20240122,월세,85.68,2000,90,,단독다가구,2024
성북구,10900,동소문동6가,4.0,20240120,월세,40.75,5000,190,2023.0,연립다세대,2024
성북구,11600,동선동1가,7.0,20240114,월세,17.93,17000,56,2020.0,연립다세대,2024
성북구,13900,석관동,3.0,20240803,월세,26.23,3000,100,2022.0,연립다세대,2024
성북구,12500,안암동5가,,20240129,월세,16.5,2000,66,2002.0,단독다가구,2024
성북구,13800,장위동,11.0,20240607,월세,36.14,9737,36,2020.0,아파트,2024
성북구,13800,장위동,7.0,20240607,월세,36.14,9737,36,2020.0,아파트,2024
성북구,13600,하월곡동,12.0,20240301,월세,84.84,3066,159,2003.0,아파트,2024
성북구,12500,안암동5가,,20240131,월세,19.0,500,40,,단독다가구,2024
성북구,13400,길음동,6.0,20240804,월세,114.88,35000,134,2005.0,아파트,2024
성북구,13800,장위동,2.0,20240222,월세,28.87,12800,6,2017.0,연립다세대,2024
성북구,13800,장위동,6.0,20231221,월세,18.03,500,60,2019.0,오피스텔,2024
성북구,13800,장위동,6.0,20231221,월세,18.03,1000,60,2019.0,오피스텔,2024
성북구,13400,길음동,7.0,20240108,월세,33.28,2989,25,2010.0,아파트,2024
성북구,10300,돈암동,1.0,20240114,월세,41.58,2000,70,1991.0,아파트,2024
성북구,13300,정릉동,,20240203,월세,19.5,1000,55,,단독다가구,2024
성북구,13900,석관동,20.0,20240629,월세,59.97,5000,130,1998.0,아파트,2024
성북구,13500,종암동,,20240203,월세,19.64,500,50,,단독다가구,2024
성북구,13400,길음동,7.0,20240117,월세,84.96,20000,160,2010.0,아파트,2024
성북구,13300,정릉동,8.0,20240117,월세,59.42,10000,100,1999.0,아파트,2024
성북구,13800,장위동,16.0,20240108,월세,84.84,3000,120,2008.0,아파트,2024
성북구,13800,장위동,2.0,20240301,월세,29.9,5000,90,2022.0,연립다세대,2024
성북구,13800,장위동,14.0,20240117,월세,40.24,10119,27,2017.0,아파트,2024
성북구,13800,장위동,2.0,20240117,월세,40.24,10119,27,2017.0,아파트,2024
성북구,10300,돈암동,4.0,20231230,월세,80.54,30000,70,2003.0,아파트,2024
성북구,13400,길음동,11.0,20240123,월세,84.96,22000,102,2006.0,아파트,2024
성북구,13400,길음동,4.0,20240123,월세,59.91,50000,10,2010.0,아파트,2024
성북구,13400,길음동,5.0,20240123,월세,84.92,20000,170,2010.0,아파트,2024
성북구,10300,돈암동,12.0,20240824,월세,114.66,10000,185,1999.0,아파트,2024
성북구,10300,돈암동,4.0,20240824,월세,13.09,1000,45,2009.0,연립다세대,2024
성북구,13800,장위동,7.0,20240604,월세,59.99,10000,180,2020.0,아파트,2024
성북구,11500,삼선동5가,14.0,20240108,월세,19.99,5000,63,2014.0,연립다세대,2024
성북구,12600,보문동4가,6.0,20240105,월세,47.72,1000,55,2016.0,연립다세대,2024
성북구,13500,종암동,,20240304,월세,42.02,5000,50,,단독다가구,2024
성북구,13400,길음동,2.0,20240126,월세,33.99,5679,11,2010.0,아파트,2024
성북구,13400,길음동,7.0,20240126,월세,59.75,38000,35,2006.0,아파트,2024
성북구,13400,길음동,9.0,20240126,월세,84.96,12000,165,2010.0,아파트,2024
성북구,13900,석관동,9.0,20240111,월세,59.97,4500,85,1998.0,아파트,2024
성북구,10300,돈암동,3.0,20240126,월세,119.56,5000,275,2014.0,아파트,2024
성북구,13300,정릉동,2.0,20241112,월세,102.96,5000,100,1989.0,연립다세대,2024
성북구,13400,길음동,13.0,20240705,월세,84.99,5000,160,2010.0,아파트,2024
성북구,13400,길음동,5.0,20240302,월세,84.96,5000,250,2010.0,아파트,2024
성북구,13400,길음동,3.0,20240302,월세,59.99,1,180,2010.0,아파트,2024
성북구,13500,종암동,14.0,20240924,월세,59.67,5000,115,2000.0,아파트,2024
성북구,13300,정릉동,1.0,20240120,월세,43.11,2500,80,2001.0,아파트,2024
성북구,13400,길음동,18.0,20240102,월세,84.96,10000,220,2010.0,아파트,2024
성북구,13400,길음동,4.0,20240710,월세,30.15,1438,14,2005.0,아파트,2024
성북구,13400,길음동,18.0,20240228,월세,34.883,3515,8,2003.0,아파트,2024
성북구,13800,장위동,29.0,20240604,월세,84.97,30000,110,2021.0,아파트,2024
성북구,13800,장위동,4.0,20240102,월세,39.0,11109,41,2022.0,아파트,2024
성북구,13800,장위동,4.0,20240102,월세,39.0,12737,33,2022.0,아파트,2024
성북구,13800,장위동,3.0,20240102,월세,39.0,11109,41,2022.0,아파트,2024
성북구,13800,장위동,8.0,20240102,월세,39.0,11109,41,2022.0,아파트,2024
성북구,11500,삼선동5가,11.0,20240126,월세,19.99,5000,63,2014.0,연립다세대,2024
성북구,10300,돈암동,13.0,20240702,월세,59.84,30000,60,2014.0,아파트,2024
성북구,13800,장위동,5.0,20240517,월세,38.23,1000,110,2020.0,연립다세대,2024
성북구,13800,장위동,3.0,20240824,월세,31.9,10000,20,1993.0,연립다세대,2024
성북구,12700,보문동5가,,20240313,월세,57.79,3000,80,,단독다가구,2024
성북구,11900,동선동4가,11.0,20240217,월세,24.46,1000,85,2005.0,오피스텔,2024
성북구,13400,길음동,10.0,20240807,월세,114.912,57000,9,2003.0,아파트,2024
성북구,13400,길음동,,20240122,월세,189.09,300,38,,단독다가구,2024
성북구,12100,안암동1가,,20240304,월세,42.9,1000,80,,단독다가구,2024
성북구,13600,하월곡동,17.0,20240105,월세,114.88,10000,120,1998.0,아파트,2024
성북구,11100,삼선동1가,,20240214,월세,40.92,1000,60,,단독다가구,2024
성북구,13300,정릉동,14.0,20240108,월세,43.11,3000,80,2001.0,아파트,2024
성북구,12100,안암동1가,,20240203,월세,20.0,5000,45,,단독다가구,2024
성북구,13700,상월곡동,,20240528,월세,39.65,6000,19,,단독다가구,2024
성북구,13300,정릉동,2.0,20240102,월세,17.64,500,57,2016.0,연립다세대,2024
성북구,13300,정릉동,6.0,20240810,월세,43.11,3000,74,2001.0,아파트,2024
성북구,10300,돈암동,14.0,20240120,월세,59.4,5000,120,1999.0,아파트,2024
성북구,10300,돈암동,6.0,20240120,월세,84.59,7000,160,1999.0,아파트,2024
성북구,13800,장위동,5.0,20240111,월세,39.9,10751,29,2021.0,아파트,2024
성북구,13800,장위동,,20241027,월세,193.86,1000,50,1989.0,단독다가구,2024
성북구,13200,보문동3가,3.0,20231118,월세,84.57,30000,54,2003.0,아파트,2024
성북구,13400,길음동,8.0,20240708,월세,30.61,1809,17,2005.0,아파트,2024
성북구,13400,길음동,15.0,20240708,월세,30.61,1809,17,2005.0,아파트,2024
성북구,13600,하월곡동,11.0,20231209,월세,15.54,500,54,2013.0,아파트,2024
성북구,11900,동선동4가,4.0,20240120,월세,24.28,1000,65,2008.0,오피스텔,2024
성북구,11800,동선동3가,2.0,20240120,월세,41.76,10000,40,1994.0,연립다세대,2024
성북구,13400,길음동,5.0,20240708,월세,33.28,2989,25,2010.0,아파트,2024
성북구,13400,길음동,5.0,20240708,월세,33.28,1989,27,2010.0,아파트,2024
성북구,13300,정릉동,16.0,20240126,월세,43.11,23000,100,2001.0,아파트,2024
성북구,13400,길음동,13.0,20240711,월세,30.61,5051,2,2005.0,아파트,2024
성북구,13400,길음동,12.0,20240711,월세,30.61,775,19,2005.0,아파트,2024
성북구,13400,길음동,2.0,20240711,월세,30.61,3560,7,2005.0,아파트,2024
성북구,11400,삼선동4가,12.0,20240812,월세,29.53,3000,75,2014.0,오피스텔,2024
성북구,13600,하월곡동,7.0,20240523,월세,15.62,1000,65,2013.0,아파트,2024
성북구,13900,석관동,,20240711,월세,70.47,2000,70,1997.0,단독다가구,2024
성북구,11800,동선동3가,,20240129,월세,18.0,1000,60,,단독다가구,2024
성북구,13400,길음동,9.0,20240208,월세,59.37,3000,160,2007.0,아파트,2024
성북구,13400,길음동,5.0,20240114,월세,84.77,50000,120,2022.0,아파트,2024
성북구,10900,동소문동6가,14.0,20240405,월세,14.02,15000,20,2015.0,아파트,2024
성북구,13400,길음동,19.0,20231230,월세,59.87,30000,110,2022.0,아파트,2024
성북구,12100,안암동1가,9.0,20240321,월세,59.7,10000,128,2005.0,아파트,2024
성북구,10300,돈암동,9.0,20240813,월세,84.869,50000,30,2016.0,아파트,2024
성북구,13500,종암동,4.0,20240111,월세,9.52,300,40,2010.0,연립다세대,2024
성북구,10300,돈암동,5.0,20240108,월세,46.52,4506,20,2016.0,아파트,2024
성북구,13600,하월곡동,9.0,20240208,월세,59.65,5000,100,2010.0,아파트,2024
성북구,13800,장위동,7.0,20240313,월세,18.03,6000,36,2019.0,오피스텔,2024
성북구,13400,길음동,13.0,20240105,월세,59.97,36000,80,2019.0,아파트,2024
성북구,13800,장위동,14.0,20240313,월세,14.71,1000,60,2019.0,아파트,2024
성북구,13400,길음동,6.0,20240202,월세,59.75,7500,150,2006.0,아파트,2024
성북구,10300,돈암동,15.0,20240117,월세,59.93,10000,150,2016.0,아파트,2024
성북구,13400,길음동,13.0,20240202,월세,84.96,11000,180,2006.0,아파트,2024
성북구,13800,장위동,,20240304,월세,43.1,1000,55,,단독다가구,2024
성북구,13200,보문동3가,14.0,20240221,월세,84.41,30000,90,2013.0,아파트,2024
성북구,13300,정릉동,7.0,20240615,월세,43.11,2000,75,2001.0,아파트,2024
성북구,11600,동선동1가,7.0,20240830,월세,16.94,2000,90,2020.0,연립다세대,2024
성북구,13500,종암동,,20241028,월세,40.0,2000,70,2000.0,단독다가구,2024
성북구,11900,동선동4가,5.0,20240120,월세,29.79,22000,30,,오피스텔,2024
성북구,13300,정릉동,1.0,20240301,월세,19.18,1280,77,2023.0,연립다세대,2024
성북구,13300,정릉동,2.0,20240301,월세,20.51,1360,68,2023.0,연립다세대,2024
성북구,11100,삼선동1가,3.0,20240301,월세,73.32,100,60,2008.0,연립다세대,2024
성북구,13400,길음동,9.0,20240205,월세,59.9,5000,125,2010.0,아파트,2024
성북구,13400,길음동,3.0,20240130,월세,59.99,30000,75,2010.0,아파트,2024
성북구,13400,길음동,12.0,20240130,월세,59.99,32000,90,2010.0,아파트,2024
성북구,13400,길음동,3.0,20240322,월세,84.96,5000,150,2003.0,아파트,2024
성북구,11500,삼선동5가,12.0,20240208,월세,32.78,5000,90,2014.0,연립다세대,2024
성북구,13600,하월곡동,1.0,20240809,월세,14.28,500,45,2013.0,연립다세대,2024
성북구,13300,정릉동,1.0,20240615,월세,73.88,3000,65,1980.0,연립다세대,2024
성북구,13400,길음동,4.0,20240220,월세,59.99,40000,60,2010.0,아파트,2024
성북구,10300,돈암동,10.0,20240123,월세,84.39,32300,45,1991.0,아파트,2024
성북구,13800,장위동,23.0,20240220,월세,84.48,10000,210,2022.0,아파트,2024
성북구,13400,길음동,6.0,20240217,월세,84.05,25000,135,2007.0,아파트,2024
성북구,13400,길음동,12.0,20240217,월세,113.23,20000,190,2007.0,아파트,2024
성북구,13400,길음동,26.0,20240217,월세,84.82,30000,130,2010.0,아파트,2024
성북구,10700,동소문동4가,,20240319,월세,40.0,1000,75,,단독다가구,2024
성북구,13400,길음동,14.0,20240322,월세,60.0,5000,150,2003.0,아파트,2024
성북구,13600,하월곡동,14.0,20240120,월세,84.59,20000,105,2006.0,아파트,2024
성북구,13400,길음동,11.0,20240217,월세,30.88,2345,26,2008.0,아파트,2024
성북구,13400,길음동,5.0,20240214,월세,84.94,10000,190,2010.0,아파트,2024
성북구,13600,하월곡동,13.0,20240217,월세,59.65,34000,27,2010.0,아파트,2024
성북구,13800,장위동,3.0,20240322,월세,59.99,5000,105,2008.0,아파트,2024
성북구,13800,장위동,3.0,20240305,월세,39.0,11109,41,2022.0,아파트,2024
성북구,13900,석관동,9.0,20240102,월세,54.55,2000,88,1998.0,아파트,2024
성북구,13300,정릉동,2.0,20240827,월세,59.16,1000,115,2002.0,연립다세대,2024
성북구,13800,장위동,4.0,20240214,월세,59.92,45000,30,2017.0,아파트,2024
성북구,13800,장위동,4.0,20240420,월세,18.03,1000,58,2019.0,오피스텔,2024
성북구,13300,정릉동,1.0,20240123,월세,40.71,500,35,1997.0,연립다세대,2024
성북구,13500,종암동,11.0,20240117,월세,84.99,30000,150,2011.0,아파트,2024
성북구,11400,삼선동4가,4.0,20240102,월세,13.82,3000,34,2010.0,연립다세대,2024
성북구,13400,길음동,4.0,20240120,월세,59.78,38000,70,2022.0,아파트,2024
성북구,10900,동소문동6가,13.0,20231215,월세,14.01,1000,78,2015.0,아파트,2024
성북구,10900,동소문동6가,17.0,20231215,월세,14.01,6000,55,2015.0,아파트,2024
성북구,13400,길음동,14.0,20240927,월세,114.912,42000,74,2003.0,아파트,2024
성북구,13800,장위동,4.0,20240108,월세,46.35,3267,21,2020.0,아파트,2024
성북구,13800,장위동,16.0,20240108,월세,46.35,3267,21,2020.0,아파트,2024
성북구,10300,돈암동,1.0,20240830,월세,21.32,300,35,1965.0,연립다세대,2024
성북구,11800,동선동3가,,20240319,월세,40.0,500,50,,단독다가구,2024
성북구,13400,길음동,33.0,20240927,월세,42.05,3499,22,2024.0,아파트,2024
성북구,13400,길음동,15.0,20240927,월세,42.05,3499,22,2024.0,아파트,2024
성북구,13400,길음동,5.0,20240726,월세,55.89,5000,170,2023.0,연립다세대,2024
성북구,13400,길음동,5.0,20240308,월세,84.97,20000,60,2005.0,아파트,2024
성북구,13400,길음동,10.0,20240924,월세,59.373,30000,70,2007.0,아파트,2024
성북구,13400,길음동,6.0,20240123,월세,59.97,30000,80,2019.0,아파트,2024
성북구,13400,길음동,25.0,20240308,월세,84.96,5000,200,2010.0,아파트,2024
성북구,13600,하월곡동,10.0,20240222,월세,26.84,3000,90,2022.0,연립다세대,2024
성북구,13400,길음동,3.0,20240924,월세,59.99,5000,180,2010.0,아파트,2024
성북구,13300,정릉동,3.0,20240824,월세,12.02,500,52,2012.0,연립다세대,2024
성북구,13500,종암동,4.0,20240102,월세,84.99,42000,100,2011.0,아파트,2024
성북구,12300,안암동3가,3.0,20240331,월세,72.52,1000,75,2005.0,연립다세대,2024
성북구,13400,길음동,8.0,20240311,월세,84.97,36000,40,2005.0,아파트,2024
성북구,13500,종암동,6.0,20231218,월세,59.61,10000,120,2005.0,아파트,2024
성북구,13400,길음동,11.0,20240325,월세,30.15,2009,11,2005.0,아파트,2024
성북구,13400,길음동,10.0,20240325,월세,30.15,1438,14,2005.0,아파트,2024
성북구,13400,길음동,11.0,20240325,월세,30.15,1438,14,2005.0,아파트,2024
성북구,13400,길음동,10.0,20240325,월세,30.15,2910,5,2005.0,아파트,2024
성북구,13400,길음동,7.0,20240108,월세,59.93,16880,52,2019.0,아파트,2024
성북구,13400,길음동,1.0,20240325,월세,33.28,2989,25,2010.0,아파트,2024
성북구,13900,석관동,5.0,20240123,월세,84.97,40000,75,2019.0,아파트,2024
성북구,13400,길음동,5.0,20240325,월세,114.73,20000,120,2005.0,아파트,2024
성북구,13600,하월곡동,5.0,20240126,월세,84.59,3000,170,2006.0,아파트,2024
성북구,13300,정릉동,,20240129,월세,18.5,5000,40,2023.0,단독다가구,2024
성북구,13800,장위동,9.0,20240102,월세,46.35,14408,53,2020.0,아파트,2024
성북구,12100,안암동1가,,20231121,월세,38.0,2000,80,2014.0,단독다가구,2024
성북구,13400,길음동,10.0,20240924,월세,30.876,6759,1,2008.0,아파트,2024
성북구,13400,길음동,4.0,20240924,월세,30.876,1004,29,2008.0,아파트,2024
성북구,13800,장위동,2.0,20231218,월세,29.96,1000,90,2021.0,연립다세대,2024
성북구,10300,돈암동,4.0,20240924,월세,59.5,43000,43,2014.0,아파트,2024
성북구,13300,정릉동,,20231118,월세,13.0,1000,50,2019.0,단독다가구,2024
성북구,13400,길음동,7.0,20240331,월세,84.96,55000,30,2010.0,아파트,2024
성북구,10300,돈암동,8.0,20240924,월세,84.8,35000,100,2014.0,아파트,2024
성북구,12800,보문동6가,8.0,20240520,월세,59.87,10000,170,2017.0,아파트,2024
성북구,13400,길음동,3.0,20240325,월세,34.88,1587,19,2003.0,아파트,2024
성북구,13400,길음동,6.0,20240325,월세,34.883,1587,19,2003.0,아파트,2024
성북구,13400,길음동,3.0,20240325,월세,34.883,987,20,2003.0,아파트,2024
성북구,13400,길음동,3.0,20240325,월세,34.883,1587,19,2003.0,아파트,2024
성북구,13800,장위동,2.0,20240807,월세,30.52,500,35,1993.0,연립다세대,2024
성북구,13400,길음동,15.0,20240720,월세,84.97,37000,50,2005.0,아파트,2024
성북구,13400,길음동,5.0,20240720,월세,59.75,38000,30,2006.0,아파트,2024
성북구,13400,길음동,5.0,20240720,월세,59.75,35500,50,2006.0,아파트,2024
성북구,13400,길음동,5.0,20240720,월세,59.75,20000,130,2006.0,아파트,2024
성북구,13800,장위동,4.0,20240228,월세,58.37,8507,88,2023.0,연립다세대,2024
성북구,13800,장위동,4.0,20240228,월세,59.08,8610,89,2023.0,연립다세대,2024
성북구,13800,장위동,3.0,20240228,월세,59.15,21141,18,2023.0,연립다세대,2024
성북구,13400,길음동,13.0,20240720,월세,59.373,40000,25,2007.0,아파트,2024
성북구,13300,정릉동,3.0,20240821,월세,12.39,500,52,2012.0,연립다세대,2024
성북구,13500,종암동,19.0,20240815,월세,59.98,24000,130,2011.0,아파트,2024
성북구,13400,길음동,3.0,20240102,월세,59.93,13516,21,2019.0,아파트,2024
성북구,13400,길음동,6.0,20240720,월세,113.226,20000,200,2007.0,아파트,2024
성북구,13600,하월곡동,6.0,20240318,월세,23.13,5000,105,2022.0,연립다세대,2024
성북구,13400,길음동,5.0,20240102,월세,38.02,2869,15,2022.0,아파트,2024
성북구,13400,길음동,16.0,20240720,월세,84.99,45000,50,2010.0,아파트,2024
성북구,13800,장위동,4.0,20240330,월세,24.38,3000,73,2021.0,연립다세대,2024
성북구,13500,종암동,17.0,20240224,월세,59.04,40000,10,1999.0,아파트,2024
성북구,13400,길음동,14.0,20240720,월세,84.92,20000,200,2010.0,아파트,2024
성북구,11000,동소문동7가,2.0,20240327,월세,57.2,27500,5,2020.0,연립다세대,2024
성북구,13500,종암동,9.0,20240224,월세,84.72,20000,100,1999.0,아파트,2024
성북구,13800,장위동,4.0,20240325,월세,29.12,6000,45,2019.0,연립다세대,2024
성북구,13800,장위동,5.0,20240328,월세,84.87,5000,215,2017.0,아파트,2024
성북구,13500,종암동,14.0,20240609,월세,114.99,20000,210,2009.0,아파트,2024
성북구,12100,안암동1가,2.0,20240205,월세,14.45,9000,10,2012.0,연립다세대,2024
성북구,13800,장위동,2.0,20240327,월세,45.83,4000,65,2018.0,연립다세대,2024
성북구,13600,하월곡동,19.0,20231227,월세,15.54,500,65,2013.0,아파트,2024
성북구,13400,길음동,21.0,20240720,월세,84.69,10000,290,2024.0,아파트,2024
성북구,11600,동선동1가,3.0,20240205,월세,21.83,3700,64,2020.0,오피스텔,2024
성북구,13900,석관동,1.0,20240827,월세,59.97,3000,130,1998.0,아파트,2024
성북구,13600,하월곡동,11.0,20240417,월세,84.99,40000,50,2007.0,아파트,2024
성북구,10700,동소문동4가,6.0,20240111,월세,26.28,2000,70,2003.0,오피스텔,2024
성북구,13400,길음동,7.0,20240717,월세,33.28,5517,11,2010.0,아파트,2024
성북구,13500,종암동,1.0,20240523,월세,53.55,3000,80,1988.0,연립다세대,2024
성북구,13800,장위동,13.0,20240720,월세,84.87,30000,120,2017.0,아파트,2024
성북구,11900,동선동4가,,20240919,월세,53.04,3000,100,1992.0,단독다가구,2024
성북구,13400,길음동,2.0,20240314,월세,30.61,3114,10,2005.0,아파트,2024
성북구,13300,정릉동,3.0,20240301,월세,46.65,20000,30,2000.0,아파트,2024
성북구,13300,정릉동,10.0,20240301,월세,59.26,5000,70,1999.0,아파트,2024
성북구,13300,정릉동,3.0,20231221,월세,29.84,1000,85,2015.0,연립다세대,2024
성북구,10300,돈암동,5.0,20240130,월세,84.8,5000,100,1991.0,아파트,2024
성북구,13900,석관동,2.0,20240815,월세,84.98,1000,60,2019.0,아파트,2024
성북구,13400,길음동,8.0,20240314,월세,59.97,10000,138,2005.0,아파트,2024
성북구,10300,돈암동,12.0,20240205,월세,32.49,916,14,1999.0,아파트,2024
성북구,13500,종암동,3.0,20240921,월세,55.5,3000,100,2016.0,연립다세대,2024
성북구,11200,삼선동2가,4.0,20240111,월세,114.65,18000,200,2008.0,아파트,2024
성북구,13600,하월곡동,3.0,20240418,월세,45.51,10000,45,2003.0,연립다세대,2024
성북구,13400,길음동,34.0,20240930,월세,42.05,3499,22,2024.0,아파트,2024
성북구,13400,길음동,13.0,20240930,월세,42.05,3499,22,2024.0,아파트,2024
성북구,13400,길음동,29.0,20240930,월세,42.05,5866,9,2024.0,아파트,2024
성북구,13400,길음동,29.0,20240930,월세,42.05,3499,22,2024.0,아파트,2024
성북구,13400,길음동,7.0,20240930,월세,42.05,3499,22,2024.0,아파트,2024
성북구,13400,길음동,16.0,20240930,월세,42.05,3499,22,2024.0,아파트,2024
성북구,13600,하월곡동,10.0,20240222,월세,59.75,5000,145,2006.0,아파트,2024
성북구,13400,길음동,2.0,20241003,월세,84.844,35000,40,2003.0,아파트,2024
성북구,10300,돈암동,2.0,20240105,월세,114.93,20000,100,1998.0,아파트,2024
성북구,13300,정릉동,-1.0,20240830,월세,36.0,1000,30,1988.0,연립다세대,2024
성북구,13600,하월곡동,16.0,20231230,월세,15.55,1000,60,2013.0,아파트,2024
성북구,13400,길음동,11.0,20240509,월세,30.61,1809,17,2005.0,아파트,2024
성북구,13400,길음동,11.0,20240509,월세,30.61,3646,7,2005.0,아파트,2024
성북구,10300,돈암동,14.0,20240225,월세,84.59,35000,50,1999.0,아파트,2024
성북구,13400,길음동,13.0,20240412,월세,34.883,2829,12,2003.0,아파트,2024
성북구,13300,정릉동,,20231113,월세,13.0,1000,47,2018.0,단독다가구,2024
성북구,13900,석관동,14.0,20240202,월세,59.97,28000,40,1998.0,아파트,2024
성북구,13600,하월곡동,13.0,20240111,월세,15.54,1000,60,2013.0,아파트,2024
성북구,13600,하월곡동,12.0,20240111,월세,15.62,1000,60,2013.0,아파트,2024
성북구,13400,길음동,6.0,20240406,월세,84.96,45000,40,2003.0,아파트,2024
성북구,11400,삼선동4가,4.0,20240208,월세,13.54,3000,13,2010.0,연립다세대,2024
성북구,11300,삼선동3가,6.0,20240520,월세,35.58,5620,1,2008.0,아파트,2024
성북구,13900,석관동,2.0,20241102,월세,55.42,10000,50,2002.0,연립다세대,2024
성북구,13900,석관동,6.0,20240320,월세,24.01,1000,50,2002.0,오피스텔,2024
성북구,13400,길음동,9.0,20240406,월세,59.99,8000,95,2010.0,아파트,2024
성북구,13400,길음동,24.0,20240406,월세,114.98,20000,200,2010.0,아파트,2024
성북구,13400,길음동,16.0,20240403,월세,84.97,5000,180,2005.0,아파트,2024
성북구,13400,길음동,5.0,20240509,월세,30.876,2345,26,2008.0,아파트,2024
성북구,10300,돈암동,22.0,20240509,월세,59.84,15000,140,2014.0,아파트,2024
성북구,13300,정릉동,10.0,20240406,월세,50.45,5000,100,1999.0,아파트,2024
성북구,10800,동소문동5가,12.0,20240220,월세,84.85,30000,130,2006.0,아파트,2024
성북구,10300,돈암동,5.0,20240220,월세,41.58,1000,74,1991.0,아파트,2024
성북구,10700,동소문동4가,2.0,20240120,월세,10.74,500,50,2011.0,연립다세대,2024
성북구,11900,동선동4가,13.0,20240120,월세,22.02,10000,30,2011.0,오피스텔,2024
성북구,10800,동소문동5가,11.0,20231227,월세,14.09,1000,85,2018.0,아파트,2024
성북구,13800,장위동,23.0,20241003,월세,59.1,30000,100,2022.0,아파트,2024
성북구,13900,석관동,1.0,20240205,월세,84.9,10000,80,1998.0,아파트,2024
성북구,13700,상월곡동,16.0,20240612,월세,31.59,1828,11,2003.0,아파트,2024
성북구,11900,동선동4가,8.0,20240202,월세,29.73,2000,100,2017.0,연립다세대,2024
성북구,13400,길음동,14.0,20240415,월세,30.61,3826,9,2005.0,아파트,2024
성북구,13300,정릉동,14.0,20240403,월세,59.59,4000,124,1999.0,아파트,2024
성북구,13900,석관동,4.0,20240330,월세,28.88,15800,38,2018.0,연립다세대,2024
성북구,13400,길음동,7.0,20240403,월세,59.998,3000,137,2003.0,아파트,2024
성북구,11400,삼선동4가,6.0,20231125,월세,25.16,24000,6,2019.0,연립다세대,2024
성북구,12100,안암동1가,3.0,20231209,월세,27.51,1000,60,2017.0,연립다세대,2024
성북구,13400,길음동,20.0,20241006,월세,114.86,31300,165,2010.0,아파트,2024
성북구,13400,길음동,10.0,20240403,월세,84.844,34000,20,2003.0,아파트,2024
성북구,10800,동소문동5가,15.0,20240523,월세,14.093,10000,50,2018.0,아파트,2024
성북구,13800,장위동,25.0,20240509,월세,39.0,4415,6,2022.0,아파트,2024
성북구,13800,장위동,25.0,20240406,월세,59.1,30000,90,2022.0,아파트,2024
성북구,10300,돈암동,11.0,20240418,월세,59.5,5000,150,2014.0,아파트,2024
성북구,13900,석관동,4.0,20240325,월세,32.25,100,38,2018.0,연립다세대,2024
성북구,13900,석관동,3.0,20240325,월세,38.54,100,47,2018.0,연립다세대,2024
성북구,13400,길음동,15.0,20240415,월세,34.883,4262,4,2003.0,아파트,2024
성북구,10300,돈암동,7.0,20240801,월세,84.817,20000,103,2006.0,아파트,2024
성북구,13300,정릉동,1.0,20240305,월세,68.66,9000,74,2000.0,아파트,2024
성북구,11600,동선동1가,8.0,20240126,월세,12.17,3000,55,2014.0,연립다세대,2024
성북구,13400,길음동,11.0,20240421,월세,59.373,10000,150,2007.0,아파트,2024
성북구,13400,길음동,13.0,20240205,월세,33.46,1711,11,2019.0,아파트,2024
성북구,13400,길음동,6.0,20240921,월세,59.99,4000,160,2010.0,아파트,2024
성북구,13600,하월곡동,12.0,20240202,월세,84.59,9900,140,2006.0,아파트,2024
성북구,10100,성북동,3.0,20241003,월세,244.85,20000,500,1997.0,연립다세대,2024
성북구,13400,길음동,8.0,20240921,월세,59.99,30000,100,2010.0,아파트,2024
성북구,13400,길음동,9.0,20240120,월세,59.94,25000,40,1998.0,아파트,2024
성북구,13500,종암동,19.0,20240821,월세,84.99,10000,210,2011.0,아파트,2024
성북구,13800,장위동,5.0,20240111,월세,14.71,500,55,2019.0,아파트,2024
성북구,13900,석관동,3.0,20240111,월세,59.9,5000,155,2009.0,아파트,2024
성북구,13500,종암동,14.0,20240208,월세,59.99,3000,150,2004.0,아파트,2024
성북구,12700,보문동5가,2.0,20240313,월세,13.16,6400,17,2008.0,연립다세대,2024
성북구,11900,동선동4가,15.0,20240102,월세,21.05,10000,30,2011.0,오피스텔,2024
성북구,13800,장위동,4.0,20240208,월세,84.97,15000,170,2021.0,아파트,2024
성북구,11800,동선동3가,3.0,20240225,월세,40.84,4000,50,2008.0,연립다세대,2024
성북구,13400,길음동,2.0,20240427,월세,114.73,50000,40,2005.0,아파트,2024
성북구,13900,석관동,19.0,20240302,월세,59.97,35000,20,1998.0,아파트,2024
성북구,13900,석관동,16.0,20240228,월세,84.9,20000,75,1998.0,아파트,2024
성북구,13900,석관동,19.0,20240302,월세,59.97,35000,14,1998.0,아파트,2024
성북구,13400,길음동,1.0,20241009,월세,30.61,3560,7,2005.0,아파트,2024
성북구,13400,길음동,13.0,20240427,월세,114.99,30000,170,2010.0,아파트,2024
성북구,12800,보문동6가,1.0,20240102,월세,29.96,11708,30,2017.0,아파트,2024
성북구,12800,보문동6가,1.0,20240102,월세,29.96,10212,37,2017.0,아파트,2024
성북구,13400,길음동,9.0,20241009,월세,30.15,2840,6,2005.0,아파트,2024
성북구,13400,길음동,7.0,20241009,월세,30.15,2840,6,2005.0,아파트,2024
성북구,13600,하월곡동,16.0,20240205,월세,59.75,7000,140,2006.0,아파트,2024
성북구,11200,삼선동2가,,20231221,월세,16.0,1000,50,2016.0,단독다가구,2024
성북구,13600,하월곡동,6.0,20240205,월세,84.59,5000,180,2006.0,아파트,2024
성북구,13400,길음동,5.0,20240424,월세,84.64,30000,120,2005.0,아파트,2024
성북구,10900,동소문동6가,11.0,20240126,월세,14.18,19000,7,2012.0,아파트,2024
성북구,13400,길음동,1.0,20241009,월세,84.97,10000,180,2005.0,아파트,2024
성북구,10300,돈암동,12.0,20240921,월세,84.94,10000,200,2014.0,아파트,2024
성북구,10400,동소문동1가,2.0,20241025,월세,52.8,7000,95,1994.0,연립다세대,2024
성북구,13800,장위동,5.0,20240827,월세,27.19,5000,120,2024.0,오피스텔,2024
성북구,12800,보문동6가,10.0,20240123,월세,59.81,20000,120,2017.0,아파트,2024
성북구,12800,보문동6가,18.0,20240123,월세,84.99,55000,50,2017.0,아파트,2024
성북구,11900,동선동4가,9.0,20240108,월세,20.87,1000,75,2017.0,오피스텔,2024
성북구,11900,동선동4가,8.0,20240108,월세,21.37,3000,65,2017.0,오피스텔,2024
성북구,13300,정릉동,,20240422,월세,43.92,13000,15,1998.0,단독다가구,2024
성북구,12000,동선동5가,,20231221,월세,16.0,500,50,2009.0,단독다가구,2024
성북구,13400,길음동,8.0,20240202,월세,43.63,3276,17,2022.0,아파트,2024
성북구,13400,길음동,15.0,20240202,월세,59.78,10000,200,2022.0,아파트,2024
성북구,13400,길음동,12.0,20241009,월세,59.373,5000,180,2007.0,아파트,2024
성북구,13400,길음동,11.0,20240208,월세,112.51,50000,200,2022.0,아파트,2024
성북구,13400,길음동,5.0,20241009,월세,84.96,5000,240,2010.0,아파트,2024
성북구,13400,길음동,3.0,20240726,월세,84.64,26100,105,2005.0,아파트,2024
성북구,11900,동선동4가,5.0,20240214,월세,29.93,3000,90,,오피스텔,2024
성북구,13500,종암동,1.0,20231221,월세,75.77,1000,100,1982.0,연립다세대,2024
성북구,13600,하월곡동,4.0,20240108,월세,15.62,1000,60,2013.0,아파트,2024
성북구,13500,종암동,1.0,20240301,월세,146.96,300,47,1984.0,연립다세대,2024
성북구,13600,하월곡동,22.0,20241009,월세,84.91,10000,145,2011.0,아파트,2024
성북구,10900,동소문동6가,4.0,20240427,월세,54.21,5000,220,2023.0,연립다세대,2024
성북구,13600,하월곡동,14.0,20240117,월세,15.54,1000,70,2013.0,아파트,2024
성북구,11200,삼선동2가,4.0,20240514,월세,84.82,10000,149,2008.0,아파트,2024
성북구,13300,정릉동,3.0,20240412,월세,57.24,80,80,2020.0,연립다세대,2024
성북구,11900,동선동4가,8.0,20240126,월세,18.83,1000,68,2017.0,오피스텔,2024
성북구,13300,정릉동,5.0,20240208,월세,24.17,1000,45,2003.0,연립다세대,2024
성북구,13600,하월곡동,13.0,20240921,월세,59.65,10000,120,2010.0,아파트,2024
성북구,13900,석관동,4.0,20240205,월세,17.7,14500,10,2023.0,연립다세대,2024
성북구,13900,석관동,4.0,20240205,월세,17.7,14490,10,2023.0,연립다세대,2024
성북구,13600,하월곡동,9.0,20231227,월세,59.97,1000,50,1996.0,아파트,2024
성북구,12500,안암동5가,1.0,20240105,월세,125.2,20000,150,1990.0,연립다세대,2024
성북구,13800,장위동,11.0,20240821,월세,36.14,10642,29,2020.0,아파트,2024
성북구,13800,장위동,19.0,20240821,월세,36.14,9282,36,2020.0,아파트,2024
성북구,13800,장위동,21.0,20240821,월세,36.14,11340,30,2020.0,아파트,2024
성북구,11300,삼선동3가,4.0,20231215,월세,15.3,1000,52,2011.0,연립다세대,2024
성북구,13800,장위동,5.0,20240318,월세,39.34,1395,21,2006.0,아파트,2024
성북구,12200,안암동2가,4.0,20240418,월세,12.15,7000,15,2013.0,연립다세대,2024
성북구,13300,정릉동,3.0,20240111,월세,64.0,15000,50,2004.0,연립다세대,2024
성북구,13800,장위동,5.0,20231209,월세,39.98,7000,90,2022.0,아파트,2024
성북구,13400,길음동,3.0,20240302,월세,59.97,47000,25,2019.0,아파트,2024
성북구,13800,장위동,5.0,20240511,월세,29.47,18000,12,2021.0,연립다세대,2024
성북구,13600,하월곡동,7.0,20240220,월세,59.75,5000,140,2006.0,아파트,2024
성북구,13600,하월곡동,5.0,20240123,월세,15.54,1000,70,2013.0,아파트,2024
성북구,13300,정릉동,1.0,20241102,월세,48.0,2500,60,1990.0,연립다세대,2024
성북구,12300,안암동3가,2.0,20240518,월세,72.52,1000,60,2005.0,연립다세대,2024
성북구,10300,돈암동,2.0,20240620,월세,36.3,19000,20,2015.0,연립다세대,2024
성북구,11400,삼선동4가,4.0,20240308,월세,29.71,28000,22,2023.0,연립다세대,2024
성북구,13800,장위동,5.0,20240217,월세,84.98,30000,115,2021.0,아파트,2024
성북구,13600,하월곡동,20.0,20240214,월세,59.75,7000,140,2006.0,아파트,2024
성북구,13800,장위동,17.0,20240120,월세,18.03,1000,44,2019.0,오피스텔,2024
성북구,13800,장위동,13.0,20240120,월세,14.71,1000,53,2019.0,아파트,2024
성북구,13800,장위동,15.0,20240120,월세,15.21,5000,35,2019.0,아파트,2024
성북구,13300,정릉동,7.0,20240318,월세,32.76,661,18,2005.0,아파트,2024
성북구,11400,삼선동4가,6.0,20231227,월세,25.04,20000,35,2019.0,연립다세대,2024
성북구,13300,정릉동,1.0,20240318,월세,19.7,7610,10,2020.0,연립다세대,2024
성북구,13300,정릉동,4.0,20240318,월세,26.39,6425,9,2020.0,연립다세대,2024
성북구,13900,석관동,2.0,20240509,월세,57.89,500,40,1992.0,연립다세대,2024
성북구,12500,안암동5가,,20240131,월세,18.0,500,50,,단독다가구,2024
성북구,13500,종암동,10.0,20240302,월세,59.97,5000,160,2009.0,아파트,2024
성북구,13400,길음동,15.0,20240315,월세,59.99,10000,140,2003.0,아파트,2024
성북구,13500,종암동,4.0,20240228,월세,59.97,10000,145,2009.0,아파트,2024
성북구,12400,안암동4가,2.0,20240117,월세,20.6,1500,39,2001.0,오피스텔,2024
성북구,11800,동선동3가,2.0,20240321,월세,41.15,10000,65,2001.0,연립다세대,2024
성북구,12300,안암동3가,1.0,20240406,월세,43.17,1000,50,1971.0,아파트,2024
성북구,13400,길음동,7.0,20240217,월세,59.78,35000,90,2022.0,아파트,2024
성북구,13400,길음동,23.0,20240217,월세,59.78,35200,90,2022.0,아파트,2024
성북구,13800,장위동,12.0,20240117,월세,18.03,11578,3,2019.0,오피스텔,2024
성북구,13400,길음동,29.0,20240217,월세,84.77,10000,250,2022.0,아파트,2024
성북구,13400,길음동,28.0,20240217,월세,84.98,10000,260,2022.0,아파트,2024
성북구,13500,종암동,3.0,20240220,월세,59.85,2000,85,2001.0,연립다세대,2024
성북구,13600,하월곡동,18.0,20240123,월세,79.25,30000,40,2004.0,아파트,2024
성북구,13900,석관동,4.0,20240114,월세,61.13,10000,50,2003.0,연립다세대,2024
성북구,13800,장위동,25.0,20240302,월세,84.94,30000,110,2020.0,아파트,2024
성북구,13600,하월곡동,4.0,20240108,월세,33.65,1000,85,2021.0,오피스텔,2024
성북구,13900,석관동,13.0,20240705,월세,84.9,22000,120,1998.0,아파트,2024
성북구,12500,안암동5가,,20231221,월세,16.5,1000,65,2021.0,단독다가구,2024
성북구,11100,삼선동1가,5.0,20240221,월세,20.07,2000,65,2020.0,오피스텔,2024
성북구,13900,석관동,6.0,20240622,월세,29.98,20000,50,2024.0,오피스텔,2024
성북구,13300,정릉동,4.0,20240102,월세,55.18,900,32,2002.0,연립다세대,2024
성북구,13400,길음동,20.0,20240615,월세,59.97,10000,190,2019.0,아파트,2024
성북구,13800,장위동,,20240129,월세,23.0,500,21,1972.0,단독다가구,2024
성북구,13500,종암동,,20231221,월세,18.0,500,47,2019.0,단독다가구,2024
성북구,13800,장위동,7.0,20240126,월세,18.03,500,53,2019.0,오피스텔,2024
성북구,10300,돈암동,12.0,20231218,월세,84.87,38850,40,1998.0,아파트,2024
성북구,13400,길음동,8.0,20240430,월세,84.97,5000,200,2005.0,아파트,2024
성북구,13300,정릉동,11.0,20240503,월세,59.42,5000,100,1999.0,아파트,2024
성북구,13600,하월곡동,,20240221,월세,140.7,400,25,,단독다가구,2024
성북구,10300,돈암동,15.0,20240308,월세,115.51,5000,240,2003.0,아파트,2024
성북구,13400,길음동,3.0,20240430,월세,59.75,5000,160,2006.0,아파트,2024
성북구,13300,정릉동,,20231122,월세,12.0,500,47,2011.0,단독다가구,2024
성북구,13900,석관동,8.0,20240123,월세,59.9,5000,118,2009.0,아파트,2024
성북구,13600,하월곡동,21.0,20240503,월세,67.44,30000,50,2011.0,아파트,2024
성북구,13400,길음동,14.0,20240517,월세,59.94,3000,130,1998.0,아파트,2024
성북구,13900,석관동,2.0,20240930,월세,41.88,12000,20,1993.0,연립다세대,2024
성북구,13600,하월곡동,2.0,20240126,월세,28.69,1000,80,2007.0,오피스텔,2024
성북구,13300,정릉동,-1.0,20240120,월세,13.5,1000,30,2008.0,연립다세대,2024
성북구,13800,장위동,3.0,20240111,월세,29.21,3000,100,2021.0,연립다세대,2024
성북구,10900,동소문동6가,15.0,20240120,월세,14.01,12000,40,2015.0,아파트,2024
성북구,13400,길음동,2.0,20241018,월세,84.96,5000,190,2003.0,아파트,2024
성북구,12500,안암동5가,,20231221,월세,19.8,1000,50,1991.0,단독다가구,2024
성북구,13900,석관동,,20231221,월세,20.0,11000,10,2018.0,단독다가구,2024
성북구,13400,길음동,7.0,20240302,월세,84.98,20000,230,2022.0,아파트,2024
성북구,13600,하월곡동,5.0,20231227,월세,84.88,20000,110,2007.0,아파트,2024
성북구,13400,길음동,12.0,20240228,월세,112.51,50000,230,2022.0,아파트,2024
성북구,13500,종암동,15.0,20240221,월세,59.04,25000,60,1999.0,아파트,2024
성북구,11800,동선동3가,7.0,20240311,월세,29.98,1874,19,2023.0,오피스텔,2024
성북구,13600,하월곡동,5.0,20240311,월세,59.88,10000,90,1998.0,아파트,2024
성북구,13600,하월곡동,18.0,20240311,월세,59.88,25000,40,1998.0,아파트,2024
성북구,13900,석관동,,20240325,월세,20.0,500,35,,단독다가구,2024
성북구,12200,안암동2가,,20240207,월세,18.0,1000,57,,단독다가구,2024
성북구,13500,종암동,9.0,20240316,월세,59.675,10000,130,2005.0,아파트,2024
성북구,12500,안암동5가,,20240131,월세,20.0,5000,70,,단독다가구,2024
성북구,11300,삼선동3가,,20240207,월세,18.0,1000,50,,단독다가구,2024
성북구,11300,삼선동3가,8.0,20240620,월세,35.58,2112,21,2008.0,아파트,2024
성북구,13900,석관동,2.0,20240317,월세,48.29,15000,5,2001.0,연립다세대,2024
성북구,12500,안암동5가,,20231221,월세,22.0,2000,56,1994.0,단독다가구,2024
성북구,10100,성북동,3.0,20240423,월세,37.36,2000,70,1971.0,아파트,2024
성북구,13400,길음동,3.0,20241015,월세,59.77,5000,150,2005.0,아파트,2024
성북구,10900,동소문동6가,5.0,20240117,월세,18.44,5000,68,2015.0,오피스텔,2024
성북구,13800,장위동,11.0,20240612,월세,36.14,7735,29,2020.0,아파트,2024
성북구,13500,종암동,2.0,20240217,월세,13.72,500,48,2013.0,연립다세대,2024
성북구,10800,동소문동5가,6.0,20240105,월세,14.6,7500,28,2017.0,아파트,2024
성북구,10800,동소문동5가,6.0,20240105,월세,16.67,3000,82,2017.0,아파트,2024
성북구,10800,동소문동5가,9.0,20240105,월세,16.67,3000,84,2017.0,아파트,2024
성북구,13600,하월곡동,12.0,20240615,월세,59.754,3000,160,2006.0,아파트,2024
성북구,12500,안암동5가,,20231224,월세,15.0,1000,38,,단독다가구,2024
성북구,13700,상월곡동,11.0,20240711,월세,84.97,30000,48,2003.0,아파트,2024
성북구,13300,정릉동,2.0,20231227,월세,17.1,1140,69,2023.0,연립다세대,2024
성북구,13800,장위동,12.0,20240430,월세,84.84,20000,150,2017.0,아파트,2024
성북구,10300,돈암동,3.0,20240325,월세,59.64,5000,110,1999.0,아파트,2024
성북구,13400,길음동,13.0,20241018,월세,114.912,10000,220,2003.0,아파트,2024
성북구,13400,길음동,15.0,20241018,월세,34.883,679,21,2003.0,아파트,2024
성북구,13400,길음동,5.0,20241018,월세,34.883,3515,8,2003.0,아파트,2024
성북구,13400,길음동,16.0,20241018,월세,34.883,3515,8,2003.0,아파트,2024
성북구,13600,하월곡동,,20231221,월세,25.0,2000,60,,단독다가구,2024
성북구,13800,장위동,7.0,20240830,월세,36.14,11165,29,2020.0,아파트,2024
성북구,12500,안암동5가,4.0,20231230,월세,40.31,1000,120,2002.0,연립다세대,2024
성북구,13800,장위동,,20231218,월세,12.42,500,42,2020.0,단독다가구,2024
성북구,13300,정릉동,,20231218,월세,13.0,500,35,2018.0,단독다가구,2024
성북구,13500,종암동,,20231221,월세,26.0,300,50,1998.0,단독다가구,2024
성북구,12500,안암동5가,,20231218,월세,15.0,300,45,2009.0,단독다가구,2024
성북구,13300,정릉동,,20231218,월세,15.0,1000,45,2017.0,단독다가구,2024
성북구,13600,하월곡동,14.0,20240311,월세,126.6,30000,180,2011.0,아파트,2024
성북구,13400,길음동,23.0,20240305,월세,59.9,30000,110,2019.0,아파트,2024
성북구,11700,동선동2가,,20231203,월세,18.7,1000,50,,단독다가구,2024
성북구,13400,길음동,11.0,20240305,월세,59.97,5000,180,2019.0,아파트,2024
성북구,13400,길음동,13.0,20240305,월세,59.97,10000,190,2019.0,아파트,2024
성북구,11100,삼선동1가,,20231122,월세,17.0,1000,50,,단독다가구,2024
성북구,10100,성북동,-1.0,20240529,월세,59.99,3000,150,1997.0,연립다세대,2024
성북구,13300,정릉동,,20231218,월세,16.5,500,43,2017.0,단독다가구,2024
성북구,13700,상월곡동,3.0,20240327,월세,59.64,10000,73,1994.0,아파트,2024
성북구,13300,정릉동,,20231215,월세,13.0,1000,45,2017.0,단독다가구,2024
성북구,13300,정릉동,,20231218,월세,17.0,1000,50,2018.0,단독다가구,2024
성북구,13600,하월곡동,13.0,20240111,월세,84.84,20000,110,2003.0,아파트,2024
성북구,12100,안암동1가,1.0,20240120,월세,59.7,20000,100,2005.0,아파트,2024
성북구,10300,돈암동,11.0,20240331,월세,80.54,10000,180,2003.0,아파트,2024
성북구,11300,삼선동3가,2.0,20240222,월세,29.92,1500,65,2012.0,연립다세대,2024
성북구,13300,정릉동,,20231218,월세,18.0,500,40,,단독다가구,2024
성북구,13300,정릉동,8.0,20240927,월세,43.11,4000,70,2001.0,아파트,2024
성북구,13800,장위동,4.0,20240423,월세,50.51,13000,20,2004.0,연립다세대,2024
성북구,13500,종암동,,20231215,월세,16.0,500,48,1996.0,단독다가구,2024
성북구,13500,종암동,7.0,20240313,월세,84.98,20000,110,2004.0,아파트,2024
성북구,13900,석관동,8.0,20240711,월세,54.55,5000,100,1998.0,아파트,2024
성북구,13400,길음동,25.0,20240702,월세,59.9,30000,120,2019.0,아파트,2024
성북구,10900,동소문동6가,14.0,20240130,월세,14.18,19000,7,2012.0,아파트,2024
성북구,13400,길음동,12.0,20240702,월세,59.97,15000,170,2019.0,아파트,2024
성북구,13400,길음동,20.0,20240702,월세,59.97,5000,200,2019.0,아파트,2024
성북구,10800,동소문동5가,9.0,20240108,월세,16.67,3000,80,2017.0,아파트,2024
성북구,12500,안암동5가,,20231203,월세,23.0,1000,60,2001.0,단독다가구,2024
성북구,13300,정릉동,16.0,20240415,월세,43.11,4000,65,2001.0,아파트,2024
성북구,13500,종암동,9.0,20240108,월세,84.73,10000,180,2005.0,아파트,2024
성북구,10800,동소문동5가,14.0,20240117,월세,16.67,3000,80,2017.0,아파트,2024
성북구,12500,안암동5가,,20231215,월세,17.0,300,30,1998.0,단독다가구,2024
성북구,13900,석관동,,20231221,월세,36.97,300,35,1993.0,단독다가구,2024
성북구,12600,보문동4가,5.0,20240222,월세,21.84,5000,51,1972.0,오피스텔,2024
성북구,12600,보문동4가,5.0,20240222,월세,32.46,2000,78,1972.0,오피스텔,2024
성북구,12500,안암동5가,3.0,20240213,월세,14.13,2000,115,2012.0,연립다세대,2024
성북구,13600,하월곡동,,20231206,월세,16.0,1000,50,,단독다가구,2024
성북구,13900,석관동,8.0,20240320,월세,59.97,5000,130,1998.0,아파트,2024
성북구,13800,장위동,1.0,20240330,월세,60.75,3500,20,2003.0,연립다세대,2024
성북구,13500,종암동,5.0,20240827,월세,14.93,500,40,2010.0,연립다세대,2024
성북구,12800,보문동6가,2.0,20240604,월세,45.81,5000,121,2017.0,아파트,2024
성북구,10300,돈암동,3.0,20241020,월세,59.84,10000,150,2014.0,아파트,2024
성북구,13900,석관동,5.0,20240126,월세,12.38,1000,45,2010.0,연립다세대,2024
성북구,13300,정릉동,4.0,20240108,월세,67.96,5000,100,2003.0,연립다세대,2024
성북구,11800,동선동3가,11.0,20240314,월세,29.98,1909,20,2023.0,오피스텔,2024
성북구,13300,정릉동,5.0,20240120,월세,27.72,19000,5,2022.0,연립다세대,2024
성북구,13800,장위동,,20240524,월세,81.72,15000,57,,단독다가구,2024
성북구,13400,길음동,4.0,20240117,월세,14.21,300,47,2012.0,연립다세대,2024
성북구,13800,장위동,5.0,20240511,월세,15.214,1000,60,2019.0,아파트,2024
성북구,13900,석관동,2.0,20240902,월세,15.4,1000,40,2012.0,연립다세대,2024
성북구,13400,길음동,12.0,20240615,월세,84.769,25000,200,2022.0,아파트,2024
성북구,13500,종암동,10.0,20240123,월세,59.73,3000,140,2004.0,아파트,2024
성북구,13900,석관동,5.0,20240108,월세,27.56,2500,83,2021.0,연립다세대,2024
성북구,13400,길음동,1.0,20240315,월세,59.77,3000,136,2005.0,아파트,2024
성북구,13600,하월곡동,,20231215,월세,19.83,500,50,,단독다가구,2024
성북구,10300,돈암동,9.0,20240114,월세,117.16,20000,160,2005.0,아파트,2024
성북구,11200,삼선동2가,8.0,20240222,월세,59.95,27300,78,2008.0,아파트,2024
성북구,11800,동선동3가,,20231215,월세,20.0,2000,48,2019.0,단독다가구,2024
성북구,13800,장위동,10.0,20240705,월세,36.14,8165,31,2020.0,아파트,2024
성북구,13300,정릉동,,20231209,월세,15.0,1000,50,2021.0,단독다가구,2024
성북구,13300,정릉동,1.0,20240304,월세,84.96,15000,100,2000.0,아파트,2024
성북구,13500,종암동,6.0,20240705,월세,84.95,10000,140,2004.0,아파트,2024
성북구,13300,정릉동,6.0,20240304,월세,59.98,5000,150,2008.0,아파트,2024
성북구,12300,안암동3가,,20231218,월세,24.0,300,40,1993.0,단독다가구,2024
성북구,13500,종암동,,20231218,월세,25.0,300,52,1997.0,단독다가구,2024
성북구,10300,돈암동,6.0,20240720,월세,114.66,7000,168,1999.0,아파트,2024
성북구,13400,길음동,10.0,20240305,월세,43.63,3276,17,2022.0,아파트,2024
성북구,13400,길음동,6.0,20240305,월세,43.63,5016,7,2022.0,아파트,2024
성북구,13200,보문동3가,,20231205,월세,49.43,10000,30,1993.0,단독다가구,2024
성북구,13400,길음동,6.0,20240305,월세,59.87,40000,60,2022.0,아파트,2024
성북구,13300,정릉동,2.0,20240114,월세,27.93,500,65,1992.0,연립다세대,2024
성북구,13800,장위동,4.0,20240328,월세,48.06,3000,70,2003.0,연립다세대,2024
성북구,13500,종암동,2.0,20240126,월세,29.03,6950,60,2016.0,연립다세대,2024
성북구,12500,안암동5가,,20231206,월세,20.0,300,40,,단독다가구,2024
성북구,13800,장위동,13.0,20240611,월세,59.988,3000,200,2008.0,아파트,2024
성북구,12100,안암동1가,8.0,20240420,월세,59.698,30000,75,2005.0,아파트,2024
성북구,12300,안암동3가,,20231215,월세,23.1,1000,60,2002.0,단독다가구,2024
성북구,13300,정릉동,,20231215,월세,23.1,1400,36,1978.0,단독다가구,2024
성북구,13300,정릉동,,20231209,월세,18.0,1000,40,2013.0,단독다가구,2024
성북구,12300,안암동3가,,20240203,월세,35.0,10000,55,,단독다가구,2024
성북구,12400,안암동4가,,20240217,월세,16.47,1500,30,,단독다가구,2024
성북구,13800,장위동,15.0,20240322,월세,36.14,8895,23,2020.0,아파트,2024
성북구,13800,장위동,10.0,20240322,월세,36.14,6683,34,2020.0,아파트,2024
성북구,12100,안암동1가,,20231218,월세,30.0,2000,80,,단독다가구,2024
성북구,10300,돈암동,,20240129,월세,27.0,3000,69,2017.0,단독다가구,2024
성북구,10300,돈암동,14.0,20240406,월세,59.4,5000,120,1999.0,아파트,2024
성북구,13600,하월곡동,6.0,20240120,월세,18.02,1000,58,2020.0,오피스텔,2024
성북구,12800,보문동6가,3.0,20240911,월세,56.02,4000,90,2002.0,연립다세대,2024
성북구,13100,보문동2가,8.0,20240109,월세,15.84,12000,14,2018.0,연립다세대,2024
성북구,11900,동선동4가,7.0,20240126,월세,12.12,1000,54,2014.0,연립다세대,2024
성북구,10900,동소문동6가,2.0,20240705,월세,27.78,26000,20,2021.0,연립다세대,2024
성북구,13500,종암동,5.0,20240330,월세,29.25,1000,60,2012.0,연립다세대,2024
성북구,13800,장위동,12.0,20240429,월세,18.03,1000,65,2019.0,오피스텔,2024
성북구,11700,동선동2가,,20240217,월세,16.5,200,50,,단독다가구,2024
성북구,13800,장위동,3.0,20240429,월세,14.714,0,80,2019.0,아파트,2024
성북구,13500,종암동,,20240408,월세,39.02,300,32,,단독다가구,2024
성북구,13800,장위동,14.0,20240321,월세,39.34,3546,9,2006.0,아파트,2024
성북구,10300,돈암동,9.0,20240720,월세,80.54,5000,170,2003.0,아파트,2024
성북구,13400,길음동,8.0,20240708,월세,33.46,1711,11,2019.0,아파트,2024
성북구,13400,길음동,8.0,20240708,월세,33.46,2903,4,2019.0,아파트,2024
성북구,13500,종암동,13.0,20240102,월세,84.52,5000,120,2008.0,아파트,2024
성북구,13300,정릉동,,20240207,월세,19.5,2000,46,,단독다가구,2024
성북구,11300,삼선동3가,,20231209,월세,20.0,1000,45,1990.0,단독다가구,2024
성북구,11900,동선동4가,7.0,20240217,월세,21.77,3000,60,2011.0,오피스텔,2024
성북구,13600,하월곡동,,20231218,월세,35.65,1000,70,1994.0,단독다가구,2024
성북구,13300,정릉동,1.0,20240120,월세,19.18,1280,77,2023.0,연립다세대,2024
성북구,10300,돈암동,2.0,20240717,월세,41.58,1500,100,1991.0,아파트,2024
성북구,13500,종암동,20.0,20240304,월세,84.72,36750,30,1999.0,아파트,2024
성북구,13800,장위동,4.0,20240227,월세,81.3,2000,10,2020.0,연립다세대,2024
성북구,13900,석관동,,20231215,월세,33.0,500,35,1994.0,단독다가구,2024
성북구,13400,길음동,14.0,20240711,월세,59.97,40000,80,2019.0,아파트,2024
성북구,13800,장위동,1.0,20240117,월세,29.9,7000,60,2022.0,연립다세대,2024
성북구,11500,삼선동5가,10.0,20240103,월세,18.6,4000,58,2014.0,오피스텔,2024
성북구,13300,정릉동,4.0,20240106,월세,36.83,2000,75,2008.0,연립다세대,2024
성북구,13300,정릉동,3.0,20240106,월세,38.27,2000,85,2008.0,연립다세대,2024
성북구,12500,안암동5가,4.0,20240111,월세,24.24,5000,45,2019.0,연립다세대,2024
성북구,13600,하월곡동,5.0,20231129,월세,15.55,2000,45,2013.0,아파트,2024
성북구,13300,정릉동,3.0,20240328,월세,60.72,10000,48,2009.0,연립다세대,2024
성북구,12500,안암동5가,,20231209,월세,23.1,1000,55,1992.0,단독다가구,2024
성북구,12500,안암동5가,,20231209,월세,23.14,500,44,2001.0,단독다가구,2024
성북구,13700,상월곡동,13.0,20240406,월세,84.97,22000,40,2003.0,아파트,2024
성북구,11400,삼선동4가,4.0,20231230,월세,41.58,1000,49,2001.0,연립다세대,2024
성북구,13800,장위동,17.0,20240320,월세,36.14,8787,24,2020.0,아파트,2024
성북구,13800,장위동,1.0,20240320,월세,36.14,9273,47,2020.0,아파트,2024
성북구,13800,장위동,25.0,20240320,월세,36.14,8787,24,2020.0,아파트,2024
성북구,13800,장위동,16.0,20240320,월세,36.14,8787,24,2020.0,아파트,2024
성북구,13800,장위동,9.0,20240320,월세,36.14,8787,24,2020.0,아파트,2024
성북구,13800,장위동,17.0,20240320,월세,46.35,12391,33,2020.0,아파트,2024
성북구,13800,장위동,23.0,20240320,월세,46.35,12391,33,2020.0,아파트,2024
성북구,11200,삼선동2가,,20240320,월세,115.15,20100,20,,단독다가구,2024
성북구,11800,동선동3가,2.0,20240103,월세,29.1,5000,26,2012.0,연립다세대,2024
성북구,10300,돈암동,2.0,20240330,월세,84.97,40100,80,2004.0,아파트,2024
성북구,13300,정릉동,3.0,20240117,월세,17.1,1140,73,2023.0,연립다세대,2024
성북구,13300,정릉동,3.0,20240117,월세,20.51,1360,68,2023.0,연립다세대,2024
성북구,11100,삼선동1가,,20231218,월세,45.9,3000,70,1979.0,단독다가구,2024
성북구,12900,보문동7가,3.0,20240106,월세,87.66,1000,55,2005.0,연립다세대,2024
성북구,13900,석관동,3.0,20240708,월세,30.0,2478,24,2009.0,아파트,2024
성북구,13400,길음동,8.0,20240322,월세,53.314,6207,8,2022.0,아파트,2024
성북구,12500,안암동5가,,20240206,월세,15.0,1000,53,1995.0,단독다가구,2024
성북구,13300,정릉동,,20240206,월세,15.0,1000,51,,단독다가구,2024
성북구,13800,장위동,,20231218,월세,47.31,1000,30,1992.0,단독다가구,2024
성북구,13900,석관동,5.0,20240412,월세,17.76,500,50,2013.0,연립다세대,2024
성북구,10100,성북동,,20240129,월세,29.7,3000,70,,단독다가구,2024
성북구,13900,석관동,,20240514,월세,75.62,2000,80,1995.0,단독다가구,2024
성북구,13400,길음동,9.0,20240810,월세,59.882,40000,85,2022.0,아파트,2024
성북구,13400,길음동,6.0,20240325,월세,33.46,2903,4,2019.0,아파트,2024
성북구,13400,길음동,6.0,20240325,월세,33.46,1711,11,2019.0,아파트,2024
성북구,13500,종암동,,20231209,월세,30.0,5500,20,2002.0,단독다가구,2024
성북구,13800,장위동,8.0,20240320,월세,39.9,8990,34,2021.0,아파트,2024
성북구,13300,정릉동,14.0,20240111,월세,94.59,10000,120,2004.0,아파트,2024
성북구,13800,장위동,10.0,20240130,월세,18.03,500,53,2019.0,오피스텔,2024
성북구,13800,장위동,8.0,20240130,월세,15.21,9400,17,2019.0,아파트,2024
성북구,13300,정릉동,3.0,20240126,월세,17.1,1140,73,2023.0,연립다세대,2024
성북구,13300,정릉동,2.0,20240126,월세,20.51,1360,68,2023.0,연립다세대,2024
성북구,13600,하월곡동,,20240131,월세,25.0,1000,70,,단독다가구,2024
성북구,10300,돈암동,6.0,20240418,월세,68.76,10000,100,1991.0,아파트,2024
성북구,13300,정릉동,4.0,20240123,월세,17.56,1140,77,2023.0,연립다세대,2024
성북구,10100,성북동,1.0,20240617,월세,244.99,10000,1000,2006.0,연립다세대,2024
성북구,13600,하월곡동,12.0,20240617,월세,101.97,10000,205,2007.0,아파트,2024
성북구,13900,석관동,,20231206,월세,40.0,500,40,1993.0,단독다가구,2024
성북구,13300,정릉동,14.0,20240117,월세,59.9,5000,80,1999.0,아파트,2024
성북구,13800,장위동,,20231218,월세,63.99,5000,50,1997.0,단독다가구,2024
성북구,10900,동소문동6가,6.0,20240215,월세,12.32,7000,29,2013.0,아파트,2024
성북구,13500,종암동,14.0,20240314,월세,84.99,5000,210,2011.0,아파트,2024
성북구,13500,종암동,5.0,20240801,월세,24.81,10000,38,2017.0,연립다세대,2024
성북구,13600,하월곡동,10.0,20240108,월세,59.86,10000,120,2003.0,아파트,2024
성북구,13800,장위동,15.0,20240106,월세,29.24,1500,92,2020.0,아파트,2024
성북구,13800,장위동,3.0,20240222,월세,14.71,1000,60,2019.0,아파트,2024
성북구,13900,석관동,10.0,20240222,월세,59.9,10000,140,2009.0,아파트,2024
성북구,12400,안암동4가,2.0,20240109,월세,15.69,1000,57,2011.0,연립다세대,2024
성북구,12500,안암동5가,,20231218,월세,168.02,8000,11,2001.0,단독다가구,2024
성북구,13800,장위동,4.0,20240126,월세,49.33,4866,16,2006.0,아파트,2024
성북구,13800,장위동,4.0,20240126,월세,49.33,4860,16,2006.0,아파트,2024
성북구,13900,석관동,8.0,20240325,월세,30.0,2478,24,2009.0,아파트,2024
성북구,13500,종암동,3.0,20240111,월세,75.77,3000,80,1982.0,연립다세대,2024
성북구,13500,종암동,,20231206,월세,49.02,2000,50,1993.0,단독다가구,2024
성북구,13800,장위동,3.0,20240711,월세,84.94,10000,220,2020.0,아파트,2024
성북구,10100,성북동,2.0,20240520,월세,99.54,25000,70,1997.0,연립다세대,2024
성북구,13900,석관동,14.0,20240325,월세,39.01,9713,25,2019.0,아파트,2024
성북구,13600,하월곡동,8.0,20240222,월세,20.32,1000,95,2021.0,연립다세대,2024
성북구,13600,하월곡동,6.0,20240222,월세,20.32,1000,85,2021.0,연립다세대,2024
성북구,13600,하월곡동,7.0,20240222,월세,23.11,1000,90,2021.0,연립다세대,2024
성북구,13300,정릉동,10.0,20240123,월세,32.76,1916,13,2005.0,아파트,2024
성북구,10700,동소문동4가,8.0,20240626,월세,22.8,2000,63,2003.0,오피스텔,2024
성북구,10700,동소문동4가,6.0,20240626,월세,22.8,1000,68,2003.0,오피스텔,2024
성북구,13500,종암동,2.0,20240111,월세,29.67,300,16,2017.0,연립다세대,2024
성북구,13300,정릉동,2.0,20240214,월세,47.53,7000,50,2007.0,연립다세대,2024
성북구,11800,동선동3가,3.0,20240111,월세,32.71,3500,45,2002.0,연립다세대,2024
성북구,10800,동소문동5가,13.0,20240205,월세,14.02,1000,79,2018.0,아파트,2024
성북구,10800,동소문동5가,10.0,20240205,월세,15.94,20000,8,2018.0,아파트,2024
성북구,13600,하월곡동,18.0,20240314,월세,84.59,45000,20,2006.0,아파트,2024
성북구,12200,안암동2가,5.0,20231216,월세,25.2,1000,50,2002.0,오피스텔,2024
성북구,13300,정릉동,3.0,20240114,월세,46.95,1000,100,2018.0,연립다세대,2024
성북구,11400,삼선동4가,10.0,20240120,월세,59.94,15000,110,1999.0,아파트,2024
성북구,13300,정릉동,4.0,20231129,월세,56.62,2000,160,2023.0,연립다세대,2024
성북구,13300,정릉동,2.0,20240105,월세,84.71,15000,30,1999.0,아파트,2024
성북구,13800,장위동,,20240514,월세,86.4,3575,85,1983.0,단독다가구,2024
성북구,13400,길음동,1.0,20240320,월세,43.63,1404,21,2022.0,아파트,2024
성북구,13400,길음동,4.0,20240320,월세,43.63,5102,7,2022.0,아파트,2024
성북구,13900,석관동,3.0,20240412,월세,84.9,5000,150,1998.0,아파트,2024
성북구,10900,동소문동6가,4.0,20231227,월세,12.7,7000,24,2013.0,아파트,2024
성북구,13400,길음동,36.0,20240320,월세,84.77,50000,120,2022.0,아파트,2024
성북구,13800,장위동,28.0,20240325,월세,59.99,40000,40,2020.0,아파트,2024
성북구,11400,삼선동4가,2.0,20240720,월세,12.25,2000,27,2010.0,연립다세대,2024
성북구,12100,안암동1가,4.0,20240205,월세,48.84,12000,15,2001.0,연립다세대,2024
성북구,13600,하월곡동,3.0,20240402,월세,23.28,1000,75,2020.0,오피스텔,2024
성북구,13800,장위동,6.0,20240328,월세,36.14,8787,24,2020.0,아파트,2024
성북구,13800,장위동,2.0,20240328,월세,36.14,8787,24,2020.0,아파트,2024
성북구,13800,장위동,,20231209,월세,45.07,1000,40,1992.0,단독다가구,2024
성북구,12100,안암동1가,3.0,20240717,월세,27.32,2000,99,2015.0,연립다세대,2024
성북구,13300,정릉동,2.0,20240402,월세,49.78,2000,70,2014.0,연립다세대,2024
성북구,11700,동선동2가,5.0,20231216,월세,54.66,1000,40,2002.0,연립다세대,2024
성북구,11000,동소문동7가,13.0,20240626,월세,59.96,5000,190,2010.0,아파트,2024
성북구,13400,길음동,,20231209,월세,48.0,2000,60,1994.0,단독다가구,2024
성북구,13300,정릉동,1.0,20240123,월세,84.68,40000,20,2005.0,아파트,2024
성북구,13800,장위동,5.0,20240327,월세,39.653,4543,7,2022.0,아파트,2024
성북구,13800,장위동,3.0,20240327,월세,39.975,2778,17,2022.0,아파트,2024
성북구,13800,장위동,2.0,20240405,월세,54.96,13000,30,1991.0,연립다세대,2024
성북구,13300,정릉동,2.0,20240330,월세,29.98,14360,10,2019.0,연립다세대,2024
성북구,13300,정릉동,7.0,20240330,월세,59.98,5000,110,2005.0,아파트,2024
성북구,12300,안암동3가,3.0,20231207,월세,77.85,1000,40,2002.0,연립다세대,2024
성북구,13600,하월곡동,17.0,20240220,월세,15.54,1000,60,2013.0,아파트,2024
성북구,13300,정릉동,8.0,20240327,월세,32.76,3230,6,2005.0,아파트,2024
성북구,13300,정릉동,2.0,20240327,월세,32.76,1543,16,2005.0,아파트,2024
성북구,13300,정릉동,14.0,20240327,월세,32.76,3230,6,2005.0,아파트,2024
성북구,13300,정릉동,1.0,20240327,월세,19.7,5780,19,2020.0,연립다세대,2024
성북구,13800,장위동,19.0,20231222,월세,59.1,30000,100,2022.0,아파트,2024
성북구,11900,동선동4가,8.0,20240111,월세,18.29,10000,10,2012.0,오피스텔,2024
성북구,13300,정릉동,4.0,20240318,월세,34.2,17000,23,2020.0,연립다세대,2024
성북구,10700,동소문동4가,12.0,20240111,월세,78.14,6000,140,2006.0,오피스텔,2024
성북구,11700,동선동2가,5.0,20240629,월세,61.8,1000,50,2002.0,연립다세대,2024
성북구,12600,보문동4가,4.0,20240228,월세,21.84,2000,63,1972.0,오피스텔,2024
성북구,13300,정릉동,4.0,20240123,월세,44.73,4000,65,1995.0,연립다세대,2024
성북구,13700,상월곡동,5.0,20240726,월세,29.74,5000,78,2015.0,연립다세대,2024
성북구,10900,동소문동6가,10.0,20240120,월세,12.7,3000,53,2013.0,아파트,2024
성북구,12500,안암동5가,5.0,20231120,월세,12.0,2000,63,2012.0,연립다세대,2024
성북구,13800,장위동,1.0,20241003,월세,29.89,5000,51,2021.0,연립다세대,2024
성북구,13900,석관동,1.0,20240629,월세,28.59,5000,47,2019.0,연립다세대,2024
성북구,11100,삼선동1가,,20240111,월세,12.0,1000,55,2010.0,단독다가구,2024
성북구,13800,장위동,5.0,20240426,월세,26.62,15800,6,2019.0,연립다세대,2024
성북구,11000,동소문동7가,,20240111,월세,12.58,1000,70,2016.0,단독다가구,2024
성북구,13400,길음동,8.0,20240708,월세,38.017,4470,6,2022.0,아파트,2024
성북구,13400,길음동,9.0,20240708,월세,38.017,4470,6,2022.0,아파트,2024
성북구,13700,상월곡동,3.0,20240415,월세,31.59,1169,16,2003.0,아파트,2024
성북구,13400,길음동,4.0,20240708,월세,38.017,2869,15,2022.0,아파트,2024
성북구,13900,석관동,,20240626,월세,32.78,500,50,1992.0,단독다가구,2024
성북구,13600,하월곡동,15.0,20240316,월세,84.84,38000,40,2003.0,아파트,2024
성북구,13900,석관동,4.0,20240905,월세,13.32,500,45,2013.0,연립다세대,2024
성북구,13900,석관동,3.0,20240508,월세,59.2,2000,115,2016.0,오피스텔,2024
성북구,12500,안암동5가,,20240206,월세,18.0,1000,75,,단독다가구,2024
성북구,10300,돈암동,8.0,20240120,월세,132.96,53000,30,1998.0,아파트,2024
성북구,13300,정릉동,2.0,20231216,월세,12.69,5500,13,2012.0,연립다세대,2024
성북구,11100,삼선동1가,1.0,20231212,월세,55.3,3000,60,1996.0,연립다세대,2024
성북구,13500,종암동,-1.0,20240620,월세,22.05,450,50,2002.0,연립다세대,2024
성북구,13400,길음동,9.0,20240711,월세,59.874,30000,100,2022.0,아파트,2024
성북구,12700,보문동5가,11.0,20240208,월세,47.49,3000,140,2022.0,오피스텔,2024
성북구,13300,정릉동,,20240111,월세,16.5,500,43,2018.0,단독다가구,2024
성북구,13400,길음동,8.0,20240228,월세,59.94,28000,10,1998.0,아파트,2024
성북구,13400,길음동,3.0,20240228,월세,84.13,5000,140,1998.0,아파트,2024
성북구,11500,삼선동5가,3.0,20240228,월세,36.18,1000,50,2002.0,연립다세대,2024
성북구,13300,정릉동,,20240114,월세,15.0,1000,49,2018.0,단독다가구,2024
성북구,10900,동소문동6가,18.0,20240205,월세,14.01,1000,78,2015.0,아파트,2024
성북구,13400,길음동,3.0,20240712,월세,30.61,1809,17,2005.0,아파트,2024
성북구,10900,동소문동6가,10.0,20240222,월세,14.01,3000,70,2015.0,아파트,2024
성북구,13300,정릉동,,20240111,월세,17.75,500,30,1970.0,단독다가구,2024
성북구,13400,길음동,16.0,20240712,월세,30.61,4726,1,2005.0,아파트,2024
성북구,10900,동소문동6가,6.0,20240222,월세,18.44,15000,15,2015.0,오피스텔,2024
성북구,13400,길음동,12.0,20240712,월세,30.15,1438,14,2005.0,아파트,2024
성북구,11200,삼선동2가,,20240114,월세,16.0,1000,50,2019.0,단독다가구,2024
성북구,13300,정릉동,3.0,20240202,월세,87.06,5000,60,1985.0,연립다세대,2024
성북구,13900,석관동,,20240203,월세,41.75,500,45,,단독다가구,2024
성북구,13900,석관동,5.0,20240304,월세,28.05,2000,63,2016.0,연립다세대,2024
성북구,13300,정릉동,4.0,20240626,월세,58.94,5000,80,2013.0,연립다세대,2024
성북구,13400,길음동,5.0,20240911,월세,30.15,616,15,2005.0,아파트,2024
성북구,13400,길음동,11.0,20240911,월세,30.15,1438,14,2005.0,아파트,2024
성북구,13400,길음동,3.0,20240911,월세,30.15,616,15,2005.0,아파트,2024
성북구,13400,길음동,3.0,20240412,월세,18.79,1000,53,2014.0,연립다세대,2024
성북구,13400,길음동,7.0,20240911,월세,33.28,5643,10,2010.0,아파트,2024
성북구,10900,동소문동6가,5.0,20240126,월세,12.7,7000,38,2013.0,아파트,2024
성북구,11300,삼선동3가,2.0,20231211,월세,34.55,5000,52,2003.0,연립다세대,2024
성북구,13800,장위동,5.0,20240217,월세,18.03,1000,60,2019.0,오피스텔,2024
성북구,13800,장위동,4.0,20240217,월세,14.71,1000,41,2019.0,아파트,2024
성북구,13800,장위동,11.0,20240217,월세,15.21,1000,60,2019.0,아파트,2024
성북구,13800,장위동,12.0,20240217,월세,15.21,1000,60,2019.0,아파트,2024
성북구,13400,길음동,6.0,20240911,월세,59.99,3000,300,2005.0,아파트,2024
성북구,13700,상월곡동,7.0,20240723,월세,59.95,13000,80,2003.0,아파트,2024
성북구,11300,삼선동3가,,20231227,월세,212.45,2000,70,,단독다가구,2024
성북구,13400,길음동,3.0,20240325,월세,38.017,2869,15,2022.0,아파트,2024
성북구,13400,길음동,2.0,20240325,월세,38.017,2869,15,2022.0,아파트,2024
성북구,13400,길음동,4.0,20240325,월세,38.017,2869,15,2022.0,아파트,2024
성북구,13400,길음동,10.0,20240325,월세,38.017,2869,15,2022.0,아파트,2024
성북구,13400,길음동,6.0,20240325,월세,38.017,2869,15,2022.0,아파트,2024
성북구,13400,길음동,7.0,20240325,월세,38.017,2869,15,2022.0,아파트,2024
성북구,13400,길음동,11.0,20240325,월세,38.017,4470,6,2022.0,아파트,2024
성북구,13400,길음동,5.0,20240325,월세,38.017,1147,18,2022.0,아파트,2024
성북구,13400,길음동,7.0,20240325,월세,38.017,1147,18,2022.0,아파트,2024
성북구,13400,길음동,5.0,20240325,월세,38.017,2869,15,2022.0,아파트,2024
성북구,13400,길음동,9.0,20240325,월세,38.017,2869,15,2022.0,아파트,2024
성북구,13400,길음동,11.0,20240325,월세,38.017,2869,15,2022.0,아파트,2024
성북구,13400,길음동,9.0,20240325,월세,38.017,1147,18,2022.0,아파트,2024
성북구,13400,길음동,4.0,20240325,월세,38.017,1147,18,2022.0,아파트,2024
성북구,13400,길음동,2.0,20240325,월세,38.017,4470,6,2022.0,아파트,2024
성북구,13400,길음동,10.0,20240325,월세,38.017,1147,18,2022.0,아파트,2024
성북구,10200,성북동1가,,20240111,월세,20.0,1000,65,,단독다가구,2024
성북구,13500,종암동,4.0,20240224,월세,32.05,15500,10,2013.0,연립다세대,2024
성북구,13400,길음동,27.0,20231219,월세,84.78,10000,200,2010.0,아파트,2024
성북구,10300,돈암동,17.0,20240215,월세,132.96,5000,250,1998.0,아파트,2024
성북구,13300,정릉동,,20240108,월세,55.89,1000,70,1992.0,단독다가구,2024
성북구,13300,정릉동,1.0,20240120,월세,79.0,2000,85,1991.0,연립다세대,2024
성북구,13400,길음동,6.0,20240403,월세,59.97,20000,146,2019.0,아파트,2024
성북구,10200,성북동1가,5.0,20240217,월세,22.5,1000,60,2002.0,연립다세대,2024
성북구,12200,안암동2가,2.0,20240106,월세,12.52,1000,43,2013.0,연립다세대,2024
성북구,13800,장위동,15.0,20240607,월세,18.03,1000,63,2019.0,오피스텔,2024
성북구,13400,길음동,23.0,20240911,월세,84.82,30000,143,2010.0,아파트,2024
성북구,10900,동소문동6가,10.0,20240227,월세,13.2,2000,58,2013.0,아파트,2024
성북구,13500,종암동,1.0,20240106,월세,84.96,10000,100,2000.0,아파트,2024
성북구,13800,장위동,5.0,20240214,월세,18.03,1000,60,2019.0,오피스텔,2024
성북구,11300,삼선동3가,,20240111,월세,21.0,1000,55,1983.0,단독다가구,2024
성북구,13300,정릉동,4.0,20240217,월세,101.48,2000,130,1997.0,연립다세대,2024
성북구,13800,장위동,7.0,20240130,월세,21.26,14500,20,2021.0,연립다세대,2024
성북구,10300,돈암동,5.0,20240924,월세,80.54,30000,70,2003.0,아파트,2024
성북구,13400,길음동,15.0,20240109,월세,59.99,20000,100,2003.0,아파트,2024
성북구,11300,삼선동3가,,20240203,월세,44.46,800,60,1997.0,단독다가구,2024
성북구,13800,장위동,,20240914,월세,34.0,200,25,1990.0,단독다가구,2024
성북구,13800,장위동,1.0,20240420,월세,44.21,2000,55,2002.0,연립다세대,2024
성북구,10300,돈암동,1.0,20240109,월세,84.77,31500,94,2014.0,아파트,2024
성북구,13400,길음동,1.0,20240103,월세,102.38,40000,110,2005.0,아파트,2024
성북구,13600,하월곡동,,20240114,월세,21.0,5000,45,,단독다가구,2024
성북구,11200,삼선동2가,,20231110,월세,23.0,1000,65,2018.0,단독다가구,2024
성북구,13300,정릉동,11.0,20240103,월세,59.59,3000,105,1999.0,아파트,2024
성북구,13500,종암동,11.0,20240406,월세,84.99,10000,180,2009.0,아파트,2024
성북구,11600,동선동1가,7.0,20240601,월세,14.08,1000,65,2014.0,연립다세대,2024
성북구,11600,동선동1가,7.0,20240126,월세,12.94,2000,55,2012.0,연립다세대,2024
성북구,13400,길음동,2.0,20240106,월세,84.78,10000,200,2010.0,아파트,2024
성북구,13400,길음동,1.0,20240106,월세,84.95,35000,100,2010.0,아파트,2024
성북구,10300,돈암동,6.0,20240123,월세,152.25,20000,200,1998.0,아파트,2024
성북구,13600,하월곡동,9.0,20240607,월세,84.69,5000,180,2007.0,아파트,2024
성북구,13300,정릉동,3.0,20240626,월세,61.01,3000,70,2002.0,연립다세대,2024
성북구,10300,돈암동,5.0,20240316,월세,84.97,32000,100,2004.0,아파트,2024
성북구,13900,석관동,6.0,20240415,월세,59.97,10000,120,1998.0,아파트,2024
성북구,13600,하월곡동,,20240429,월세,25.0,500,40,1993.0,단독다가구,2024
성북구,13800,장위동,1.0,20240103,월세,39.0,11109,41,2022.0,아파트,2024
성북구,13800,장위동,4.0,20240103,월세,39.0,11109,41,2022.0,아파트,2024
성북구,13800,장위동,4.0,20240103,월세,39.0,8887,45,2022.0,아파트,2024
성북구,13600,하월곡동,,20240114,월세,23.0,2000,60,,단독다가구,2024
성북구,13800,장위동,2.0,20240103,월세,40.24,16880,47,2017.0,아파트,2024
성북구,13600,하월곡동,11.0,20240420,월세,59.855,10000,120,2003.0,아파트,2024
성북구,13300,정릉동,,20231120,월세,15.0,1000,40,1996.0,단독다가구,2024
성북구,10700,동소문동4가,2.0,20240308,월세,16.81,500,42,2011.0,연립다세대,2024
성북구,13900,석관동,5.0,20240109,월세,35.13,18000,20,2015.0,연립다세대,2024
성북구,13500,종암동,2.0,20231222,월세,9.52,300,42,2010.0,연립다세대,2024
성북구,13300,정릉동,,20240120,월세,14.5,1000,50,2018.0,단독다가구,2024
성북구,13300,정릉동,,20240120,월세,15.0,1000,30,,단독다가구,2024
성북구,11000,동소문동7가,4.0,20240208,월세,57.2,29400,5,2020.0,연립다세대,2024
성북구,10300,돈암동,8.0,20240930,월세,59.4,10000,97,1999.0,아파트,2024
성북구,10300,돈암동,9.0,20240523,월세,84.97,30000,100,2004.0,아파트,2024
성북구,11400,삼선동4가,,20240120,월세,16.5,3000,34,,단독다가구,2024
성북구,10300,돈암동,14.0,20231219,월세,84.59,10000,120,1999.0,아파트,2024
성북구,13900,석관동,-1.0,20240106,월세,36.2,500,35,1997.0,연립다세대,2024
성북구,13600,하월곡동,3.0,20240214,월세,14.0,1000,53,2017.0,연립다세대,2024
성북구,13100,보문동2가,8.0,20240308,월세,66.17,5000,220,2023.0,오피스텔,2024
성북구,13400,길음동,,20240315,월세,88.02,1000,40,,단독다가구,2024
성북구,12800,보문동6가,2.0,20240308,월세,45.81,10000,150,2017.0,아파트,2024
성북구,13800,장위동,,20240203,월세,45.36,1000,65,,단독다가구,2024
성북구,13300,정릉동,3.0,20240402,월세,59.07,25000,10,2019.0,연립다세대,2024
성북구,13400,길음동,,20231120,월세,19.0,500,38,2011.0,단독다가구,2024
성북구,13600,하월곡동,,20240120,월세,18.0,1000,55,2017.0,단독다가구,2024
성북구,13300,정릉동,,20240111,월세,33.83,1000,40,1969.0,단독다가구,2024
성북구,13800,장위동,,20240111,월세,34.0,500,30,1994.0,단독다가구,2024
성북구,11100,삼선동1가,,20240120,월세,18.0,1000,20,1981.0,단독다가구,2024
성북구,10300,돈암동,9.0,20241003,월세,114.66,10000,185,1999.0,아파트,2024
성북구,13400,길음동,4.0,20231207,월세,59.99,2500,150,2003.0,아파트,2024
성북구,12200,안암동2가,,20240206,월세,20.0,300,35,,단독다가구,2024
성북구,13800,장위동,3.0,20240308,월세,42.77,9000,52,2018.0,연립다세대,2024
성북구,13600,하월곡동,,20240117,월세,15.0,500,50,,단독다가구,2024
성북구,10900,동소문동6가,4.0,20240508,월세,18.44,1000,80,2015.0,오피스텔,2024
성북구,13800,장위동,4.0,20240604,월세,41.14,5000,65,2015.0,연립다세대,2024
성북구,10300,돈암동,9.0,20231228,월세,80.54,15000,160,2003.0,아파트,2024
성북구,13300,정릉동,6.0,20240103,월세,43.11,3000,80,2001.0,아파트,2024
성북구,13500,종암동,,20240111,월세,37.1,500,40,1991.0,단독다가구,2024
성북구,11300,삼선동3가,2.0,20240417,월세,35.94,12000,10,2002.0,연립다세대,2024
성북구,13600,하월곡동,,20231110,월세,36.36,1000,40,1994.0,단독다가구,2024
성북구,11800,동선동3가,,20240111,월세,38.0,2000,85,1997.0,단독다가구,2024
성북구,11700,동선동2가,,20240117,월세,16.0,1000,38,,단독다가구,2024
성북구,11900,동선동4가,,20240114,월세,35.04,500,45,1993.0,단독다가구,2024
성북구,13600,하월곡동,,20240120,월세,19.83,3000,45,2018.0,단독다가구,2024
성북구,11400,삼선동4가,,20240120,월세,20.0,3000,50,2009.0,단독다가구,2024
성북구,13700,상월곡동,,20240120,월세,20.0,500,45,2008.0,단독다가구,2024
성북구,13600,하월곡동,7.0,20240225,월세,79.35,25000,70,2004.0,아파트,2024
성북구,13900,석관동,16.0,20231228,월세,59.97,10000,90,1998.0,아파트,2024
성북구,13600,하월곡동,,20240126,월세,15.0,500,40,,단독다가구,2024
성북구,12600,보문동4가,3.0,20240308,월세,21.77,1000,79,1972.0,오피스텔,2024
성북구,12300,안암동3가,,20240117,월세,18.0,500,50,2019.0,단독다가구,2024
성북구,13300,정릉동,1.0,20240601,월세,59.1,13000,15,2005.0,연립다세대,2024
성북구,13500,종암동,10.0,20240720,월세,59.99,4000,155,2004.0,아파트,2024
성북구,11400,삼선동4가,2.0,20240222,월세,26.93,21000,35,2019.0,연립다세대,2024
성북구,11400,삼선동4가,4.0,20240222,월세,28.22,21000,35,2019.0,연립다세대,2024
성북구,13400,길음동,8.0,20231213,월세,84.97,15000,175,2005.0,아파트,2024
성북구,10700,동소문동4가,,20240126,월세,16.0,1000,49,,단독다가구,2024
성북구,12100,안암동1가,,20240120,월세,21.0,500,45,,단독다가구,2024
성북구,13400,길음동,3.0,20231210,월세,59.37,5000,160,2007.0,아파트,2024
성북구,13400,길음동,16.0,20240712,월세,34.883,1587,19,2003.0,아파트,2024
성북구,13600,하월곡동,,20240111,월세,44.1,12500,30,1991.0,단독다가구,2024
성북구,13600,하월곡동,11.0,20231213,월세,84.54,20000,130,2011.0,아파트,2024
성북구,13300,정릉동,,20240126,월세,16.5,2000,48,,단독다가구,2024
성북구,10900,동소문동6가,,20240126,월세,16.5,500,28,1973.0,단독다가구,2024
성북구,12500,안암동5가,,20240120,월세,22.0,2000,90,,단독다가구,2024
성북구,13300,정릉동,3.0,20240414,월세,14.974,1000,50,2023.0,연립다세대,2024
성북구,11700,동선동2가,,20240123,월세,15.0,1000,50,2008.0,단독다가구,2024
성북구,13800,장위동,10.0,20240108,월세,84.69,8000,110,2005.0,아파트,2024
성북구,10900,동소문동6가,6.0,20240109,월세,30.3,1500,95,2003.0,오피스텔,2024
성북구,13600,하월곡동,,20240114,월세,43.0,1000,75,1998.0,단독다가구,2024
성북구,13300,정릉동,3.0,20240214,월세,13.5,1000,30,2008.0,연립다세대,2024
성북구,13300,정릉동,-1.0,20240214,월세,13.5,2500,30,2008.0,연립다세대,2024
성북구,11400,삼선동4가,,20240126,월세,18.0,5000,40,2016.0,단독다가구,2024
성북구,13500,종암동,1.0,20231128,월세,59.86,5000,120,1999.0,아파트,2024
성북구,11700,동선동2가,4.0,20240106,월세,30.5,1000,53,2002.0,연립다세대,2024
성북구,13300,정릉동,11.0,20241023,월세,50.45,10000,70,1999.0,아파트,2024
성북구,12500,안암동5가,,20240123,월세,16.5,2000,50,,단독다가구,2024
성북구,10900,동소문동6가,3.0,20240106,월세,30.3,1000,85,2003.0,오피스텔,2024
성북구,13800,장위동,,20240517,월세,67.47,6000,40,1991.0,단독다가구,2024
성북구,13700,상월곡동,4.0,20231216,월세,59.95,3000,110,2003.0,아파트,2024
성북구,13300,정릉동,1.0,20240108,월세,84.96,15000,125,2000.0,아파트,2024
성북구,11900,동선동4가,4.0,20240205,월세,12.02,1000,53,2014.0,연립다세대,2024
성북구,13400,길음동,14.0,20240807,월세,84.769,30000,185,2022.0,아파트,2024
성북구,13900,석관동,1.0,20240205,월세,41.7,11300,13,1995.0,연립다세대,2024
성북구,13300,정릉동,1.0,20240108,월세,26.39,11078,14,2020.0,연립다세대,2024
성북구,13400,길음동,8.0,20240807,월세,84.975,10000,270,2022.0,아파트,2024
성북구,13300,정릉동,13.0,20241015,월세,43.11,3000,80,2001.0,아파트,2024
성북구,13900,석관동,2.0,20240202,월세,12.66,500,45,2013.0,연립다세대,2024
성북구,13600,하월곡동,,20240123,월세,18.0,1000,60,2017.0,단독다가구,2024
성북구,11600,동선동1가,6.0,20241003,월세,21.46,1000,60,2002.0,오피스텔,2024
성북구,11800,동선동3가,3.0,20241003,월세,41.97,10000,5,1994.0,연립다세대,2024
성북구,12500,안암동5가,,20240126,월세,19.8,500,45,2001.0,단독다가구,2024
성북구,13900,석관동,7.0,20240217,월세,84.81,9000,119,2011.0,아파트,2024
성북구,12500,안암동5가,,20240126,월세,19.83,500,45,,단독다가구,2024
성북구,13800,장위동,-1.0,20240921,월세,56.925,2000,30,1991.0,연립다세대,2024
성북구,11500,삼선동5가,,20240126,월세,20.0,500,50,2000.0,단독다가구,2024
성북구,11800,동선동3가,,20240126,월세,20.0,2000,40,,단독다가구,2024
성북구,13300,정릉동,,20240126,월세,20.0,500,45,1997.0,단독다가구,2024
성북구,13700,상월곡동,6.0,20240103,월세,59.95,12000,70,2003.0,아파트,2024
성북구,13800,장위동,22.0,20231228,월세,59.99,10000,200,2020.0,아파트,2024
성북구,12200,안암동2가,1.0,20240205,월세,59.02,2000,83,2003.0,연립다세대,2024
성북구,13600,하월곡동,8.0,20240103,월세,12.66,1000,70,2022.0,연립다세대,2024
성북구,11900,동선동4가,6.0,20231216,월세,29.97,11000,60,,오피스텔,2024
성북구,13300,정릉동,2.0,20241028,월세,60.33,16000,13,1991.0,연립다세대,2024
성북구,13800,장위동,,20240111,월세,74.55,15000,20,1969.0,단독다가구,2024
성북구,11100,삼선동1가,,20240120,월세,30.23,1000,110,2022.0,단독다가구,2024
성북구,13300,정릉동,3.0,20240109,월세,40.71,300,28,1997.0,연립다세대,2024
성북구,13900,석관동,17.0,20240106,월세,84.9,32000,60,1998.0,아파트,2024
성북구,13400,길음동,6.0,20231216,월세,59.97,15000,175,2019.0,아파트,2024
성북구,13600,하월곡동,,20240126,월세,21.48,1000,45,2018.0,단독다가구,2024
성북구,13900,석관동,,20240117,월세,24.0,500,68,2018.0,단독다가구,2024
성북구,12500,안암동5가,,20240126,월세,22.0,1000,55,,단독다가구,2024
성북구,13300,정릉동,,20240126,월세,22.0,2000,30,1991.0,단독다가구,2024
성북구,13500,종암동,7.0,20231216,월세,59.98,10000,160,2011.0,아파트,2024
성북구,12500,안암동5가,,20240120,월세,33.0,5000,23,2001.0,단독다가구,2024
성북구,11700,동선동2가,,20240123,월세,20.0,5000,30,,단독다가구,2024
성북구,13300,정릉동,1.0,20240316,월세,22.26,9062,12,2020.0,연립다세대,2024
성북구,10300,돈암동,14.0,20240417,월세,84.97,8000,170,2004.0,아파트,2024
성북구,13300,정릉동,3.0,20240130,월세,28.56,13000,25,2017.0,연립다세대,2024
성북구,11200,삼선동2가,3.0,20231222,월세,114.65,45000,70,2008.0,아파트,2024
성북구,13500,종암동,18.0,20240409,월세,59.99,10000,130,2004.0,아파트,2024
성북구,13400,길음동,12.0,20231228,월세,84.77,40100,130,2022.0,아파트,2024
성북구,12200,안암동2가,,20240126,월세,23.1,1000,45,1994.0,단독다가구,2024
성북구,13400,길음동,17.0,20240406,월세,59.781,10000,210,2022.0,아파트,2024
성북구,13300,정릉동,,20240126,월세,24.0,13000,10,,단독다가구,2024
성북구,13700,상월곡동,6.0,20240930,월세,84.97,16500,75,2003.0,아파트,2024
성북구,13600,하월곡동,4.0,20240305,월세,15.54,10000,15,2013.0,아파트,2024
성북구,13600,하월곡동,4.0,20240305,월세,15.54,8100,25,2013.0,아파트,2024
성북구,13900,석관동,,20231118,월세,32.38,1000,47,1989.0,단독다가구,2024
성북구,12300,안암동3가,,20241111,월세,46.98,1000,60,1993.0,단독다가구,2024
성북구,13800,장위동,2.0,20240412,월세,39.9,13079,34,2021.0,아파트,2024
성북구,13300,정릉동,9.0,20240411,월세,59.88,5000,120,2005.0,아파트,2024
성북구,13300,정릉동,20.0,20240411,월세,60.0,10000,110,2005.0,아파트,2024
성북구,13300,정릉동,1.0,20240202,월세,20.51,1360,68,2023.0,연립다세대,2024
성북구,13500,종암동,12.0,20240717,월세,31.05,1044,25,2011.0,아파트,2024
성북구,13900,석관동,3.0,20240106,월세,17.16,1000,50,2013.0,연립다세대,2024
성북구,12100,안암동1가,,20240126,월세,25.31,500,50,1994.0,단독다가구,2024
성북구,11800,동선동3가,3.0,20240115,월세,19.17,5000,33,2012.0,연립다세대,2024
성북구,12800,보문동6가,,20240914,월세,34.43,8000,70,1988.0,단독다가구,2024
성북구,12500,안암동5가,4.0,20240115,월세,30.95,1000,88,2012.0,연립다세대,2024
성북구,13900,석관동,10.0,20240424,월세,84.9,10000,150,1998.0,아파트,2024
성북구,13800,장위동,3.0,20240818,월세,24.23,560,140,2022.0,연립다세대,2024
성북구,13900,석관동,16.0,20240109,월세,44.19,3300,21,2019.0,아파트,2024
성북구,13900,석관동,16.0,20240109,월세,44.19,5572,8,2019.0,아파트,2024
성북구,13400,길음동,21.0,20240106,월세,59.9,30000,110,2019.0,아파트,2024
성북구,13500,종암동,10.0,20240514,월세,59.675,6000,120,2005.0,아파트,2024
성북구,13400,길음동,3.0,20240106,월세,84.95,20000,210,2019.0,아파트,2024
성북구,11400,삼선동4가,4.0,20240615,월세,21.61,1000,55,2013.0,연립다세대,2024
성북구,11800,동선동3가,2.0,20240118,월세,24.75,2000,37,1997.0,연립다세대,2024
성북구,13500,종암동,,20240126,월세,30.0,500,55,2003.0,단독다가구,2024
성북구,13900,석관동,,20240126,월세,30.0,500,35,,단독다가구,2024
성북구,13900,석관동,12.0,20231212,월세,164.92,10000,220,1998.0,아파트,2024
성북구,13900,석관동,10.0,20240601,월세,84.92,20000,100,2011.0,아파트,2024
성북구,13400,길음동,7.0,20240415,월세,33.46,1711,11,2019.0,아파트,2024
성북구,13800,장위동,,20240120,월세,41.3,5000,50,1994.0,단독다가구,2024
성북구,13400,길음동,12.0,20240720,월세,84.932,30000,100,2019.0,아파트,2024
성북구,13500,종암동,17.0,20240316,월세,119.87,7000,240,2010.0,아파트,2024
성북구,11400,삼선동4가,3.0,20240322,월세,21.61,3000,40,2013.0,연립다세대,2024
성북구,13300,정릉동,,20240126,월세,33.0,500,55,1993.0,단독다가구,2024
성북구,12300,안암동3가,,20240120,월세,44.82,3000,80,,단독다가구,2024
성북구,13400,길음동,16.0,20240720,월세,59.874,23000,160,2022.0,아파트,2024
성북구,13400,길음동,34.0,20240720,월세,84.769,30000,190,2022.0,아파트,2024
성북구,13500,종암동,2.0,20240726,월세,59.98,20000,150,2011.0,아파트,2024
성북구,13400,길음동,14.0,20240109,월세,59.93,13516,21,2019.0,아파트,2024
성북구,13300,정릉동,4.0,20240202,월세,114.97,5000,190,2000.0,아파트,2024
성북구,10300,돈암동,6.0,20241012,월세,59.4,30000,45,1999.0,아파트,2024
성북구,13500,종암동,,20240126,월세,35.0,1000,50,,단독다가구,2024
성북구,13800,장위동,,20240126,월세,35.0,500,30,1993.0,단독다가구,2024
성북구,13600,하월곡동,6.0,20240106,월세,15.95,2000,65,2019.0,연립다세대,2024
성북구,12200,안암동2가,,20240120,월세,49.84,19000,15,2019.0,단독다가구,2024
성북구,13300,정릉동,12.0,20240420,월세,84.09,35000,19,2005.0,아파트,2024
성북구,13400,길음동,33.0,20240103,월세,84.98,55000,90,2022.0,아파트,2024
성북구,13500,종암동,4.0,20240617,월세,59.73,3000,150,2004.0,아파트,2024
성북구,10900,동소문동6가,,20240620,월세,39.6,500,60,1993.0,단독다가구,2024
성북구,13000,보문동1가,10.0,20240612,월세,39.202,12520,33,2022.0,아파트,2024
성북구,13400,길음동,1.0,20240106,월세,59.78,10000,200,2022.0,아파트,2024
성북구,13400,길음동,6.0,20240106,월세,59.87,10000,200,2022.0,아파트,2024
성북구,13700,상월곡동,,20240123,월세,32.6,500,55,,단독다가구,2024
성북구,13600,하월곡동,6.0,20231213,월세,59.75,5000,140,2006.0,아파트,2024
성북구,13300,정릉동,16.0,20240130,월세,84.56,10000,180,2015.0,아파트,2024
성북구,13300,정릉동,1.0,20240130,월세,19.7,7660,9,2020.0,연립다세대,2024
성북구,13300,정릉동,1.0,20240130,월세,19.7,5780,19,2020.0,연립다세대,2024
성북구,13300,정릉동,2.0,20240130,월세,19.7,5780,19,2020.0,연립다세대,2024
성북구,13400,길음동,12.0,20231231,월세,59.94,5000,115,1998.0,아파트,2024
성북구,13800,장위동,1.0,20241003,월세,43.46,13000,10,2003.0,연립다세대,2024
성북구,13300,정릉동,1.0,20231230,월세,70.69,3000,60,2009.0,연립다세대,2024
성북구,13200,보문동3가,5.0,20240208,월세,59.66,10000,150,2013.0,아파트,2024
성북구,10800,동소문동5가,13.0,20231222,월세,14.09,1000,80,2018.0,아파트,2024
성북구,13800,장위동,,20240120,월세,61.14,3000,50,,단독다가구,2024
성북구,13900,석관동,,20240120,월세,62.18,12000,30,,단독다가구,2024
성북구,11300,삼선동3가,10.0,20231204,월세,35.58,4322,8,2008.0,아파트,2024
성북구,13000,보문동1가,10.0,20240615,월세,59.791,40000,88,2022.0,아파트,2024
성북구,13100,보문동2가,3.0,20240205,월세,29.85,10000,20,2001.0,연립다세대,2024
성북구,13700,상월곡동,12.0,20240423,월세,59.64,10000,75,1994.0,아파트,2024
성북구,11500,삼선동5가,8.0,20241106,월세,30.81,1000,65,2003.0,오피스텔,2024
성북구,13900,석관동,6.0,20231219,월세,33.15,5000,34,2003.0,오피스텔,2024
성북구,13800,장위동,12.0,20240417,월세,39.975,20000,50,2022.0,아파트,2024
성북구,13900,석관동,,20240126,월세,42.17,10000,60,,단독다가구,2024
성북구,11100,삼선동1가,,20240117,월세,30.0,300,35,1992.0,단독다가구,2024
성북구,10100,성북동,,20240117,월세,30.0,3000,25,1957.0,단독다가구,2024
성북구,13900,석관동,2.0,20240415,월세,30.0,4922,10,2009.0,아파트,2024
성북구,12800,보문동6가,,20240120,월세,84.42,20000,80,,단독다가구,2024
성북구,11300,삼선동3가,2.0,20240615,월세,28.63,1500,60,2012.0,연립다세대,2024
성북구,13800,장위동,3.0,20240523,월세,29.08,1000,100,2021.0,연립다세대,2024
성북구,13400,길음동,11.0,20240412,월세,38.017,4470,6,2022.0,아파트,2024
성북구,13300,정릉동,,20240123,월세,40.0,4000,53,,단독다가구,2024
성북구,13300,정릉동,3.0,20240220,월세,66.73,5000,80,2003.0,연립다세대,2024
성북구,13900,석관동,3.0,20240415,월세,44.19,5465,9,2019.0,아파트,2024
성북구,11800,동선동3가,4.0,20240220,월세,16.82,1000,49,2015.0,연립다세대,2024
성북구,13800,장위동,10.0,20240626,월세,18.03,5000,37,2019.0,오피스텔,2024
성북구,13300,정릉동,15.0,20240208,월세,59.77,15736,23,2006.0,아파트,2024
성북구,13600,하월곡동,6.0,20240228,월세,83.32,15000,110,2003.0,아파트,2024
성북구,13500,종암동,,20240126,월세,51.04,1000,50,,단독다가구,2024
성북구,13300,정릉동,3.0,20240705,월세,59.92,5000,100,2020.0,연립다세대,2024
성북구,13300,정릉동,5.0,20240417,월세,33.03,1000,60,2015.0,오피스텔,2024
성북구,12500,안암동5가,,20231122,월세,24.79,3000,52,1994.0,단독다가구,2024
성북구,13800,장위동,,20240524,월세,87.39,500,40,,단독다가구,2024
성북구,11100,삼선동1가,4.0,20240118,월세,29.72,3000,35,2011.0,연립다세대,2024
성북구,13300,정릉동,4.0,20240228,월세,51.4,2000,165,2023.0,연립다세대,2024
성북구,13800,장위동,,20240511,월세,64.72,13500,30,1991.0,단독다가구,2024
성북구,12200,안암동2가,5.0,20240702,월세,14.67,1000,84,2018.0,연립다세대,2024
성북구,13300,정릉동,,20231128,월세,13.0,1000,50,2018.0,단독다가구,2024
성북구,13400,길음동,2.0,20240409,월세,38.017,2869,15,2022.0,아파트,2024
성북구,13400,길음동,2.0,20240409,월세,38.017,4470,6,2022.0,아파트,2024
성북구,13800,장위동,10.0,20240629,월세,18.03,1000,60,2019.0,오피스텔,2024
성북구,13600,하월곡동,4.0,20240726,월세,114.678,30000,110,2006.0,아파트,2024
성북구,13700,상월곡동,5.0,20240214,월세,13.64,500,39,2012.0,연립다세대,2024
성북구,12600,보문동4가,,20240717,월세,24.84,600,30,1993.0,단독다가구,2024
성북구,13300,정릉동,,20231201,월세,12.0,500,50,2019.0,단독다가구,2024
성북구,13400,길음동,17.0,20240315,월세,59.99,5000,150,2010.0,아파트,2024
성북구,13400,길음동,5.0,20240315,월세,59.99,32000,90,2010.0,아파트,2024
성북구,11500,삼선동5가,5.0,20240124,월세,21.67,12000,25,2014.0,오피스텔,2024
성북구,13600,하월곡동,19.0,20240426,월세,84.843,20000,90,2003.0,아파트,2024
성북구,11400,삼선동4가,5.0,20240121,월세,31.49,1000,70,2002.0,연립다세대,2024
성북구,13600,하월곡동,,20231125,월세,20.0,500,50,1989.0,단독다가구,2024
성북구,13800,장위동,7.0,20240305,월세,15.21,1000,60,2019.0,아파트,2024
성북구,13300,정릉동,,20240126,월세,79.69,13000,20,2004.0,단독다가구,2024
성북구,13300,정릉동,,20231128,월세,16.5,500,30,1992.0,단독다가구,2024
성북구,13300,정릉동,2.0,20240118,월세,12.42,300,46,2012.0,연립다세대,2024
성북구,11900,동선동4가,15.0,20240821,월세,22.69,5000,55,2011.0,오피스텔,2024
성북구,11300,삼선동3가,-1.0,20240508,월세,52.32,3000,75,2002.0,연립다세대,2024
성북구,12200,안암동2가,2.0,20240214,월세,37.63,2000,100,2003.0,연립다세대,2024
성북구,12200,안암동2가,,20240629,월세,30.0,2000,60,1993.0,단독다가구,2024
성북구,11300,삼선동3가,3.0,20240815,월세,84.94,30000,120,2012.0,아파트,2024
성북구,13300,정릉동,3.0,20240112,월세,69.31,12000,30,1994.0,연립다세대,2024
성북구,12100,안암동1가,,20231120,월세,27.0,1000,70,2015.0,단독다가구,2024
성북구,13300,정릉동,2.0,20240220,월세,83.07,2799,23,2008.0,연립다세대,2024
성북구,12500,안암동5가,5.0,20240127,월세,14.13,2000,70,2012.0,연립다세대,2024
성북구,12500,안암동5가,4.0,20240127,월세,14.13,2000,70,2012.0,연립다세대,2024
성북구,13400,길음동,14.0,20231216,월세,59.94,10000,95,1998.0,아파트,2024
성북구,13300,정릉동,4.0,20240222,월세,29.54,14400,10,2019.0,연립다세대,2024
성북구,12700,보문동5가,,20231125,월세,20.25,1000,60,2018.0,단독다가구,2024
성북구,11800,동선동3가,2.0,20240127,월세,15.98,5000,13,2012.0,연립다세대,2024
성북구,13300,정릉동,2.0,20231216,월세,39.1,2000,85,2014.0,연립다세대,2024
성북구,12800,보문동6가,4.0,20240320,월세,45.81,5000,160,2017.0,아파트,2024
성북구,10300,돈암동,9.0,20240314,월세,84.92,20000,100,1998.0,아파트,2024
성북구,13600,하월곡동,,20231201,월세,17.0,1000,50,,단독다가구,2024
성북구,11800,동선동3가,2.0,20240217,월세,40.78,3000,100,2001.0,연립다세대,2024
성북구,13300,정릉동,1.0,20240313,월세,84.96,15000,100,2000.0,아파트,2024
성북구,13300,정릉동,2.0,20240313,월세,59.98,20000,70,2005.0,아파트,2024
성북구,10300,돈암동,17.0,20240705,월세,59.79,7000,135,1998.0,아파트,2024
성북구,11600,동선동1가,7.0,20240127,월세,13.35,5000,50,2014.0,연립다세대,2024
성북구,13300,정릉동,10.0,20240322,월세,52.89,5000,50,1977.0,아파트,2024
성북구,13700,상월곡동,20.0,20241012,월세,114.66,36000,100,2003.0,아파트,2024
성북구,13700,상월곡동,14.0,20241012,월세,114.66,5000,150,2003.0,아파트,2024
성북구,13300,정릉동,,20231125,월세,25.0,5000,30,2022.0,단독다가구,2024
성북구,13600,하월곡동,7.0,20240217,월세,21.37,2000,80,2020.0,오피스텔,2024
성북구,11500,삼선동5가,5.0,20240127,월세,18.6,5000,53,2014.0,오피스텔,2024
성북구,13400,길음동,4.0,20240322,월세,59.94,25000,70,1998.0,아파트,2024
성북구,13300,정릉동,,20240215,월세,23.0,2000,40,,단독다가구,2024
성북구,13600,하월곡동,10.0,20231228,월세,15.55,525,58,2013.0,아파트,2024
성북구,13600,하월곡동,9.0,20231228,월세,15.62,1000,60,2013.0,아파트,2024
성북구,13300,정릉동,6.0,20240512,월세,114.84,34000,50,2001.0,아파트,2024
성북구,10900,동소문동6가,2.0,20240503,월세,41.67,19800,9,2011.0,연립다세대,2024
성북구,13000,보문동1가,17.0,20231213,월세,39.2,1191,19,2022.0,아파트,2024
성북구,10900,동소문동6가,6.0,20231211,월세,14.18,3000,76,2012.0,아파트,2024
성북구,13300,정릉동,5.0,20240127,월세,48.66,5000,53,2020.0,연립다세대,2024
성북구,13800,장위동,3.0,20240228,월세,45.9,12000,25,2002.0,연립다세대,2024
성북구,12300,안암동3가,,20240224,월세,12.1,500,45,,단독다가구,2024
성북구,13300,정릉동,8.0,20240607,월세,114.6,0,30,1999.0,아파트,2024
성북구,13600,하월곡동,6.0,20240228,월세,58.78,2000,180,2022.0,연립다세대,2024
성북구,11100,삼선동1가,,20240123,월세,45.18,1000,58,1993.0,단독다가구,2024
성북구,13400,길음동,8.0,20240112,월세,84.96,1000,150,2003.0,아파트,2024
성북구,12800,보문동6가,1.0,20240103,월세,29.96,11708,30,2017.0,아파트,2024
성북구,12800,보문동6가,3.0,20240103,월세,29.96,10212,37,2017.0,아파트,2024
성북구,12800,보문동6가,1.0,20240103,월세,29.96,10212,37,2017.0,아파트,2024
성북구,13800,장위동,-1.0,20231231,월세,55.75,1000,33,1995.0,연립다세대,2024
성북구,13100,보문동2가,,20240203,월세,50.0,1000,70,,단독다가구,2024
성북구,13300,정릉동,3.0,20240520,월세,19.7,3522,13,2020.0,연립다세대,2024
성북구,13300,정릉동,2.0,20240520,월세,19.7,4772,7,2020.0,연립다세대,2024
성북구,13600,하월곡동,7.0,20240723,월세,15.95,4000,70,2019.0,연립다세대,2024
성북구,13300,정릉동,2.0,20240426,월세,35.3,2000,120,2022.0,연립다세대,2024
성북구,13300,정릉동,2.0,20240520,월세,22.26,5609,8,2020.0,연립다세대,2024
성북구,13300,정릉동,3.0,20240520,월세,22.26,8286,11,2020.0,연립다세대,2024
성북구,13300,정릉동,2.0,20240520,월세,22.26,4087,15,2020.0,연립다세대,2024
성북구,13300,정릉동,2.0,20240520,월세,22.26,5537,8,2020.0,연립다세대,2024
성북구,13300,정릉동,2.0,20240520,월세,36.33,9329,13,2020.0,연립다세대,2024
성북구,13400,길음동,10.0,20240726,월세,59.928,40000,30,2019.0,아파트,2024
성북구,13300,정릉동,1.0,20240115,월세,37.7,2000,80,2016.0,연립다세대,2024
성북구,11700,동선동2가,2.0,20240115,월세,18.96,3000,64,2014.0,연립다세대,2024
성북구,11100,삼선동1가,1.0,20240217,월세,79.02,100,55,2008.0,연립다세대,2024
성북구,10700,동소문동4가,7.0,20240314,월세,22.8,2000,63,2003.0,오피스텔,2024
성북구,12400,안암동4가,4.0,20241115,월세,13.66,3000,37,2011.0,연립다세대,2024
성북구,11900,동선동4가,15.0,20240813,월세,21.69,4000,58,2011.0,오피스텔,2024
성북구,10300,돈암동,,20240629,월세,30.0,300,35,1991.0,단독다가구,2024
성북구,10900,동소문동6가,5.0,20240304,월세,13.55,7000,29,2013.0,아파트,2024
성북구,13300,정릉동,2.0,20240217,월세,57.25,1000,82,1979.0,연립다세대,2024
성북구,13300,정릉동,,20240224,월세,16.5,3000,41,,단독다가구,2024
성북구,13500,종암동,,20240224,월세,16.5,400,50,,단독다가구,2024
성북구,13900,석관동,-1.0,20240112,월세,31.29,500,30,1992.0,연립다세대,2024
성북구,13300,정릉동,,20240224,월세,16.52,1000,43,,단독다가구,2024
성북구,10300,돈암동,12.0,20240330,월세,68.13,30000,40,1998.0,아파트,2024
성북구,12500,안암동5가,,20231123,월세,36.0,2000,120,2015.0,단독다가구,2024
성북구,13800,장위동,4.0,20240331,월세,43.92,2000,36,1995.0,연립다세대,2024
성북구,13500,종암동,,20240129,월세,36.18,0,40,,단독다가구,2024
성북구,13100,보문동2가,,20240206,월세,21.0,300,29,,단독다가구,2024
성북구,13800,장위동,,20240417,월세,56.68,10000,40,,단독다가구,2024
성북구,13500,종암동,2.0,20240130,월세,53.59,12000,30,2001.0,연립다세대,2024
성북구,13300,정릉동,,20240224,월세,18.0,1000,60,,단독다가구,2024
성북구,13600,하월곡동,13.0,20240427,월세,59.754,30000,60,2006.0,아파트,2024
성북구,10300,돈암동,16.0,20240202,월세,132.96,10000,190,1998.0,아파트,2024
성북구,11700,동선동2가,,20240318,월세,18.0,500,35,,단독다가구,2024
성북구,13600,하월곡동,5.0,20240103,월세,15.62,1000,56,2013.0,아파트,2024
성북구,13300,정릉동,1.0,20240824,월세,164.9,500,30,1980.0,연립다세대,2024
성북구,13300,정릉동,,20231125,월세,30.0,500,40,,단독다가구,2024
성북구,13100,보문동2가,7.0,20240827,월세,59.97,15000,150,2023.0,오피스텔,2024
성북구,13600,하월곡동,6.0,20240106,월세,15.52,1000,55,2013.0,아파트,2024
성북구,13600,하월곡동,15.0,20240106,월세,15.62,1000,70,2013.0,아파트,2024
성북구,13600,하월곡동,10.0,20240106,월세,15.62,1000,58,2013.0,아파트,2024
성북구,13900,석관동,4.0,20240325,월세,39.88,2500,29,2018.0,연립다세대,2024
성북구,11400,삼선동4가,3.0,20240411,월세,59.94,30000,45,1999.0,아파트,2024
성북구,12400,안암동4가,,20240105,월세,40.0,10000,54,2017.0,단독다가구,2024
성북구,13300,정릉동,6.0,20240217,월세,59.2,10000,91,2009.0,아파트,2024
성북구,10300,돈암동,18.0,20240220,월세,59.99,8550,120,2004.0,아파트,2024
성북구,13300,정릉동,13.0,20240217,월세,59.88,4000,135,2005.0,아파트,2024
성북구,10100,성북동,4.0,20240205,월세,26.73,300,100,2021.0,연립다세대,2024
성북구,13400,길음동,13.0,20241118,월세,30.876,6759,1,2008.0,아파트,2024
성북구,13300,정릉동,7.0,20240313,월세,59.98,3000,140,2004.0,아파트,2024
성북구,13800,장위동,11.0,20240118,월세,40.24,15620,42,2017.0,아파트,2024
성북구,13800,장위동,12.0,20240118,월세,40.24,10139,27,2017.0,아파트,2024
성북구,12500,안암동5가,,20240318,월세,19.0,1000,77,,단독다가구,2024
성북구,13300,정릉동,,20240301,월세,12.5,1000,52,,단독다가구,2024
성북구,13300,정릉동,4.0,20240220,월세,15.26,1200,60,2023.0,연립다세대,2024
성북구,13300,정릉동,2.0,20240217,월세,54.4,500,40,1986.0,연립다세대,2024
성북구,10300,돈암동,19.0,20240327,월세,59.58,16000,80,1998.0,아파트,2024
성북구,10300,돈암동,7.0,20240327,월세,59.58,5000,120,1998.0,아파트,2024
성북구,13300,정릉동,,20240224,월세,19.8,2000,46,,단독다가구,2024
성북구,10800,동소문동5가,,20240209,월세,30.0,1000,60,,단독다가구,2024
성북구,12500,안암동5가,2.0,20240217,월세,35.91,1000,60,2017.0,연립다세대,2024
성북구,13300,정릉동,6.0,20231222,월세,84.09,5000,150,2005.0,아파트,2024
성북구,13600,하월곡동,1.0,20240424,월세,84.589,7000,150,2006.0,아파트,2024
성북구,11900,동선동4가,8.0,20240227,월세,19.83,3400,53,2012.0,오피스텔,2024
성북구,13300,정릉동,,20231125,월세,36.0,2000,70,2016.0,단독다가구,2024
성북구,13500,종암동,3.0,20240827,월세,86.71,23000,30,2005.0,연립다세대,2024
성북구,12100,안암동1가,,20231201,월세,24.0,1000,70,2015.0,단독다가구,2024
성북구,13500,종암동,1.0,20240217,월세,59.4,5000,93,1996.0,아파트,2024
성북구,13800,장위동,2.0,20240220,월세,23.71,5453,5,2022.0,연립다세대,2024
성북구,13300,정릉동,1.0,20240124,월세,99.3,350,29,1982.0,연립다세대,2024
성북구,10700,동소문동4가,1.0,20240408,월세,84.96,5000,100,1991.0,연립다세대,2024
성북구,13400,길음동,5.0,20241031,월세,84.049,10000,130,2007.0,아파트,2024
성북구,13900,석관동,2.0,20240308,월세,41.5,12000,30,1994.0,연립다세대,2024
성북구,11600,동선동1가,6.0,20240908,월세,17.93,19425,4,2020.0,연립다세대,2024
성북구,10100,성북동,-1.0,20240313,월세,49.5,1000,65,1991.0,연립다세대,2024
성북구,13500,종암동,,20240318,월세,20.0,200,45,,단독다가구,2024
성북구,13400,길음동,5.0,20241031,월세,84.92,20000,180,2010.0,아파트,2024
성북구,11500,삼선동5가,2.0,20231219,월세,25.06,1000,73,2018.0,연립다세대,2024
성북구,10200,성북동1가,,20231121,월세,82.62,3000,100,1989.0,단독다가구,2024
성북구,13500,종암동,5.0,20240723,월세,28.44,13000,55,2018.0,연립다세대,2024
성북구,12100,안암동1가,,20231201,월세,30.0,3000,73,2018.0,단독다가구,2024
성북구,13400,길음동,7.0,20240705,월세,59.94,20000,85,1998.0,아파트,2024
성북구,11800,동선동3가,,20231128,월세,33.0,1000,70,2009.0,단독다가구,2024
성북구,13800,장위동,8.0,20240109,월세,15.21,9900,15,2019.0,아파트,2024
성북구,13500,종암동,,20231201,월세,33.0,1000,50,1994.0,단독다가구,2024
성북구,13300,정릉동,1.0,20240127,월세,45.62,10000,15,1971.0,연립다세대,2024
성북구,10700,동소문동4가,6.0,20231216,월세,17.5,1000,55,2013.0,연립다세대,2024
성북구,13300,정릉동,,20240301,월세,17.0,2000,60,,단독다가구,2024
성북구,10900,동소문동6가,19.0,20231213,월세,14.02,1000,78,2015.0,아파트,2024
성북구,12700,보문동5가,4.0,20240626,월세,12.04,5500,5,2008.0,연립다세대,2024
성북구,11100,삼선동1가,1.0,20240202,월세,46.26,1000,65,2005.0,연립다세대,2024
성북구,13900,석관동,1.0,20240121,월세,45.96,30000,5,2021.0,연립다세대,2024
성북구,13800,장위동,10.0,20241121,월세,59.1,15000,118,2022.0,아파트,2024
성북구,13500,종암동,,20240301,월세,18.0,500,48,,단독다가구,2024
성북구,12200,안암동2가,,20240224,월세,21.2,1000,80,,단독다가구,2024
성북구,13600,하월곡동,2.0,20240824,월세,36.61,5000,80,2015.0,연립다세대,2024
성북구,11900,동선동4가,3.0,20240202,월세,15.3,3000,56,2012.0,연립다세대,2024
성북구,12100,안암동1가,4.0,20240205,월세,14.99,1000,53,2014.0,연립다세대,2024
성북구,13500,종암동,12.0,20241003,월세,84.99,20000,180,2011.0,아파트,2024
성북구,10800,동소문동5가,11.0,20240103,월세,15.42,1000,100,2018.0,아파트,2024
성북구,13900,석관동,18.0,20240503,월세,54.55,16000,50,1998.0,아파트,2024
성북구,13900,석관동,8.0,20240503,월세,54.55,2000,110,1998.0,아파트,2024
성북구,13300,정릉동,6.0,20240423,월세,84.31,26100,30,1999.0,아파트,2024
성북구,11400,삼선동4가,,20240224,월세,22.0,1000,60,,단독다가구,2024
성북구,13500,종암동,4.0,20240313,월세,29.92,16000,20,2014.0,연립다세대,2024
성북구,13300,정릉동,6.0,20240423,월세,114.75,10000,150,2005.0,아파트,2024
성북구,13400,길음동,15.0,20240124,월세,84.05,5000,180,2007.0,아파트,2024
성북구,12000,동선동5가,,20240224,월세,23.0,1000,40,,단독다가구,2024
성북구,13600,하월곡동,,20240224,월세,23.0,2000,40,,단독다가구,2024
성북구,11600,동선동1가,5.0,20240205,월세,12.94,5000,40,2012.0,연립다세대,2024
성북구,11800,동선동3가,,20240129,월세,40.0,11600,10,1988.0,단독다가구,2024
성북구,13600,하월곡동,,20240129,월세,40.0,500,29,,단독다가구,2024
성북구,13800,장위동,4.0,20240124,월세,40.47,9744,49,2022.0,아파트,2024
성북구,13800,장위동,17.0,20240124,월세,40.24,10119,27,2017.0,아파트,2024
성북구,13600,하월곡동,10.0,20240124,월세,114.61,30000,120,2010.0,아파트,2024
성북구,13800,장위동,,20240318,월세,23.14,1000,40,,단독다가구,2024
성북구,13400,길음동,3.0,20240127,월세,84.97,25000,66,2005.0,아파트,2024
성북구,13400,길음동,10.0,20240127,월세,59.98,20000,120,2010.0,아파트,2024
성북구,13400,길음동,8.0,20240127,월세,59.99,10000,180,2010.0,아파트,2024
성북구,13400,길음동,10.0,20240112,월세,59.93,13516,21,2019.0,아파트,2024
성북구,13400,길음동,3.0,20240127,월세,84.82,45100,75,2010.0,아파트,2024
성북구,13800,장위동,,20231123,월세,56.55,2000,60,1990.0,단독다가구,2024
성북구,10300,돈암동,3.0,20240127,월세,84.77,40000,60,2014.0,아파트,2024
성북구,13400,길음동,11.0,20240112,월세,59.87,40000,70,2022.0,아파트,2024
성북구,13300,정릉동,2.0,20240830,월세,79.27,1000,100,1979.0,연립다세대,2024
성북구,13900,석관동,,20240202,월세,12.32,500,35,2017.0,단독다가구,2024
성북구,13300,정릉동,,20240202,월세,13.2,500,40,,단독다가구,2024
성북구,13300,정릉동,2.0,20240502,월세,12.252,820,46,2023.0,연립다세대,2024
성북구,11100,삼선동1가,2.0,20240106,월세,17.13,1000,58,2016.0,연립다세대,2024
성북구,13700,상월곡동,7.0,20241015,월세,84.97,23000,85,2003.0,아파트,2024
성북구,10300,돈암동,16.0,20240517,월세,59.99,10000,92,2004.0,아파트,2024
성북구,13900,석관동,1.0,20240430,월세,59.97,3000,130,1998.0,아파트,2024
성북구,13500,종암동,11.0,20240115,월세,84.98,10000,160,2009.0,아파트,2024
성북구,13300,정릉동,1.0,20240217,월세,66.6,10000,36,1992.0,연립다세대,2024
성북구,11100,삼선동1가,,20240728,월세,36.44,1000,50,1992.0,단독다가구,2024
성북구,13700,상월곡동,,20240301,월세,20.0,1000,60,,단독다가구,2024
성북구,11300,삼선동3가,5.0,20240619,월세,34.7,1000,60,2003.0,연립다세대,2024
성북구,13700,상월곡동,,20240224,월세,25.0,2000,37,,단독다가구,2024
성북구,11100,삼선동1가,,20240130,월세,10.0,1000,60,1993.0,단독다가구,2024
성북구,13400,길음동,,20240130,월세,12.0,200,25,,단독다가구,2024
성북구,13300,정릉동,2.0,20240316,월세,44.77,22400,3,2020.0,연립다세대,2024
성북구,13700,상월곡동,2.0,20240302,월세,13.64,500,39,2012.0,연립다세대,2024
성북구,13600,하월곡동,9.0,20240118,월세,12.66,1000,70,2022.0,연립다세대,2024
성북구,13300,정릉동,3.0,20240720,월세,15.2,1000,55,2013.0,연립다세대,2024
성북구,10900,동소문동6가,2.0,20240927,월세,29.51,19000,52,2021.0,연립다세대,2024
성북구,13500,종암동,,20240131,월세,36.68,12000,10,2016.0,단독다가구,2024
성북구,11900,동선동4가,7.0,20240302,월세,13.98,1000,65,2014.0,연립다세대,2024
성북구,10300,돈암동,12.0,20231222,월세,68.13,3150,121,1998.0,아파트,2024
성북구,10300,돈암동,5.0,20231222,월세,68.13,31000,20,1998.0,아파트,2024
성북구,10700,동소문동4가,2.0,20240118,월세,61.82,1000,60,2002.0,연립다세대,2024
성북구,13900,석관동,,20240130,월세,15.0,500,40,2012.0,단독다가구,2024
성북구,13900,석관동,2.0,20240930,월세,39.01,8755,46,2019.0,아파트,2024
성북구,13900,석관동,2.0,20240930,월세,39.01,10944,41,2019.0,아파트,2024
성북구,13300,정릉동,,20240202,월세,17.0,500,45,,단독다가구,2024
성북구,13300,정릉동,2.0,20231219,월세,59.88,5000,100,2005.0,아파트,2024
성북구,13300,정릉동,14.0,20231219,월세,59.88,3000,89,2005.0,아파트,2024
성북구,13500,종암동,3.0,20240523,월세,29.23,1000,80,2012.0,연립다세대,2024
성북구,13900,석관동,1.0,20240228,월세,41.7,11300,13,1995.0,연립다세대,2024
성북구,13800,장위동,1.0,20240911,월세,57.06,2000,60,1991.0,연립다세대,2024
성북구,13900,석관동,,20240227,월세,16.0,1500,25,,단독다가구,2024
성북구,13000,보문동1가,6.0,20240325,월세,39.202,2979,15,2022.0,아파트,2024
성북구,13000,보문동1가,6.0,20240325,월세,39.202,1191,19,2022.0,아파트,2024
성북구,13000,보문동1가,9.0,20240325,월세,39.202,2979,15,2022.0,아파트,2024
성북구,13000,보문동1가,9.0,20240325,월세,39.202,4569,6,2022.0,아파트,2024
성북구,13900,석관동,5.0,20240118,월세,59.97,10000,100,1998.0,아파트,2024
성북구,12100,안암동1가,,20240202,월세,18.0,700,30,,단독다가구,2024
성북구,13500,종암동,20.0,20240509,월세,84.99,30000,140,2011.0,아파트,2024
성북구,13800,장위동,-1.0,20240220,월세,37.69,9000,10,1995.0,연립다세대,2024
성북구,12500,안암동5가,,20240130,월세,16.5,1000,70,,단독다가구,2024
성북구,13800,장위동,5.0,20240217,월세,46.43,4000,80,2016.0,연립다세대,2024
성북구,11500,삼선동5가,3.0,20240607,월세,24.24,1000,76,2018.0,연립다세대,2024
성북구,13300,정릉동,10.0,20240127,월세,43.11,2000,75,2001.0,아파트,2024
성북구,11800,동선동3가,4.0,20231207,월세,26.52,1000,50,2003.0,연립다세대,2024
성북구,13700,상월곡동,16.0,20240121,월세,84.97,5000,150,2003.0,아파트,2024
성북구,10900,동소문동6가,4.0,20240106,월세,18.44,1000,80,2015.0,오피스텔,2024
성북구,11900,동선동4가,4.0,20240118,월세,29.1,3000,95,,오피스텔,2024
성북구,13300,정릉동,1.0,20240426,월세,30.21,1000,60,1991.0,연립다세대,2024
성북구,11600,동선동1가,,20240130,월세,17.0,10000,15,2016.0,단독다가구,2024
성북구,11500,삼선동5가,,20240130,월세,17.0,1000,45,2009.0,단독다가구,2024
성북구,10300,돈암동,14.0,20240402,월세,84.87,40950,43,1998.0,아파트,2024
성북구,13800,장위동,,20240123,월세,59.97,1500,15,1986.0,단독다가구,2024
성북구,10700,동소문동4가,7.0,20240325,월세,22.8,2000,63,2003.0,오피스텔,2024
성북구,13300,정릉동,12.0,20240518,월세,43.11,3000,80,2001.0,아파트,2024
성북구,13800,장위동,2.0,20240118,월세,56.64,5000,160,2023.0,연립다세대,2024
성북구,11200,삼선동2가,,20240130,월세,18.0,1000,50,,단독다가구,2024
성북구,13600,하월곡동,,20240130,월세,18.0,1000,55,2019.0,단독다가구,2024
성북구,13400,길음동,19.0,20241203,월세,84.049,30000,110,2007.0,아파트,2024
성북구,13900,석관동,2.0,20231211,월세,47.19,5000,64,2013.0,연립다세대,2024
성북구,13300,정릉동,2.0,20240427,월세,48.22,3000,90,2008.0,연립다세대,2024
성북구,13800,장위동,17.0,20240930,월세,36.14,11822,30,2020.0,아파트,2024
성북구,13900,석관동,2.0,20240118,월세,39.01,9827,25,2019.0,아파트,2024
성북구,13900,석관동,2.0,20240118,월세,39.01,9769,25,2019.0,아파트,2024
성북구,13300,정릉동,2.0,20241015,월세,82.69,200,100,2010.0,아파트,2024
성북구,13300,정릉동,,20240130,월세,19.07,6000,30,1961.0,단독다가구,2024
성북구,11100,삼선동1가,1.0,20240109,월세,27.73,20000,10,2015.0,연립다세대,2024
성북구,12500,안암동5가,,20240130,월세,19.5,500,55,,단독다가구,2024
성북구,11700,동선동2가,,20240123,월세,65.0,4000,125,,단독다가구,2024
성북구,10300,돈암동,11.0,20240810,월세,59.79,35700,20,1998.0,아파트,2024
성북구,11300,삼선동3가,,20240227,월세,18.0,1000,50,,단독다가구,2024
성북구,13300,정릉동,,20240224,월세,27.3,1000,60,,단독다가구,2024
성북구,13800,장위동,13.0,20240118,월세,84.97,50000,15,2021.0,아파트,2024
성북구,13500,종암동,,20240202,월세,22.0,1000,48,,단독다가구,2024
성북구,13700,상월곡동,,20240130,월세,19.83,1000,45,2004.0,단독다가구,2024
성북구,10300,돈암동,11.0,20240127,월세,41.58,2000,85,1991.0,아파트,2024
성북구,13300,정릉동,,20240208,월세,15.0,500,30,,단독다가구,2024
성북구,13800,장위동,1.0,20241025,월세,74.82,16000,25,2001.0,연립다세대,2024
성북구,10800,동소문동5가,5.0,20240109,월세,21.85,3000,80,2017.0,오피스텔,2024
성북구,13700,상월곡동,2.0,20240302,월세,59.64,26000,20,1994.0,아파트,2024
성북구,13300,정릉동,3.0,20231213,월세,17.36,3000,41,2004.0,오피스텔,2024
성북구,13300,정릉동,,20240205,월세,13.03,500,30,,단독다가구,2024
성북구,13500,종암동,,20240429,월세,26.41,500,30,1993.0,단독다가구,2024
성북구,11200,삼선동2가,,20240205,월세,14.75,1000,42,1969.0,단독다가구,2024
성북구,11100,삼선동1가,1.0,20240429,월세,79.02,0,60,2008.0,연립다세대,2024
성북구,13400,길음동,12.0,20240118,월세,84.93,50100,30,2019.0,아파트,2024
성북구,11800,동선동3가,,20240202,월세,24.1,800,55,,단독다가구,2024
성북구,13300,정릉동,3.0,20240106,월세,59.9,20000,55,1999.0,아파트,2024
성북구,10900,동소문동6가,,20240129,월세,42.06,1000,60,,단독다가구,2024
성북구,13400,길음동,9.0,20240118,월세,59.87,33000,90,2022.0,아파트,2024
성북구,13900,석관동,,20240130,월세,21.0,1000,40,2010.0,단독다가구,2024
성북구,13500,종암동,3.0,20240509,월세,114.99,18000,185,2009.0,아파트,2024
성북구,11700,동선동2가,,20240227,월세,19.0,1000,65,,단독다가구,2024
성북구,13300,정릉동,2.0,20231207,월세,26.39,11078,14,2020.0,연립다세대,2024
성북구,11900,동선동4가,6.0,20240406,월세,30.91,1050,105,2017.0,연립다세대,2024
성북구,12200,안암동2가,,20240301,월세,24.0,500,35,,단독다가구,2024
성북구,13500,종암동,,20240301,월세,24.0,5000,85,,단독다가구,2024
성북구,12000,동선동5가,4.0,20240109,월세,26.84,23000,30,2020.0,연립다세대,2024
성북구,13500,종암동,2.0,20240508,월세,51.06,15000,15,2012.0,연립다세대,2024
성북구,13400,길음동,3.0,20240121,월세,59.87,42000,53,2022.0,아파트,2024
성북구,13400,길음동,4.0,20240121,월세,59.87,50000,10,2022.0,아파트,2024
성북구,13900,석관동,11.0,20240124,월세,84.9,5000,150,1998.0,아파트,2024
성북구,13300,정릉동,8.0,20240517,월세,109.06,5000,220,2015.0,아파트,2024
성북구,13800,장위동,,20240203,월세,79.2,2000,70,,단독다가구,2024
성북구,13900,석관동,,20240203,월세,80.0,4000,80,,단독다가구,2024
성북구,12500,안암동5가,,20240130,월세,23.14,500,57,,단독다가구,2024
성북구,12100,안암동1가,10.0,20240308,월세,84.87,40000,70,2005.0,아파트,2024
성북구,13300,정릉동,3.0,20240517,월세,19.7,3522,13,2020.0,연립다세대,2024
성북구,13300,정릉동,3.0,20240517,월세,19.7,7994,10,2020.0,연립다세대,2024
성북구,13300,정릉동,2.0,20240517,월세,19.7,3522,13,2020.0,연립다세대,2024
성북구,13300,정릉동,2.0,20240517,월세,19.7,4772,7,2020.0,연립다세대,2024
성북구,13300,정릉동,3.0,20240517,월세,19.7,4772,7,2020.0,연립다세대,2024
성북구,12700,보문동5가,,20240202,월세,28.0,2000,60,,단독다가구,2024
성북구,13300,정릉동,1.0,20240517,월세,22.26,4087,15,2020.0,연립다세대,2024
성북구,13300,정릉동,3.0,20240517,월세,22.26,5457,8,2020.0,연립다세대,2024
성북구,12800,보문동6가,5.0,20240112,월세,72.97,40000,100,2017.0,아파트,2024
성북구,13300,정릉동,1.0,20240517,월세,22.26,5537,8,2020.0,연립다세대,2024
성북구,13300,정릉동,2.0,20240517,월세,22.26,2140,19,2020.0,연립다세대,2024
성북구,13300,정릉동,2.0,20240517,월세,22.26,8774,12,2020.0,연립다세대,2024
성북구,13300,정릉동,2.0,20240517,월세,22.26,5537,8,2020.0,연립다세대,2024
성북구,13300,정릉동,1.0,20231213,월세,17.1,1140,68,2023.0,연립다세대,2024
성북구,13300,정릉동,3.0,20231211,월세,20.51,1360,68,2023.0,연립다세대,2024
성북구,13300,정릉동,4.0,20240517,월세,26.15,6343,9,2020.0,연립다세대,2024
성북구,13300,정릉동,3.0,20240517,월세,26.15,5963,13,2020.0,연립다세대,2024
성북구,13300,정릉동,3.0,20240517,월세,26.39,6343,9,2020.0,연립다세대,2024
성북구,11800,동선동3가,,20240205,월세,18.0,1000,55,,단독다가구,2024
성북구,13300,정릉동,1.0,20240517,월세,36.33,3759,32,2020.0,연립다세대,2024
성북구,13300,정릉동,4.0,20240517,월세,36.33,9329,13,2020.0,연립다세대,2024
성북구,13300,정릉동,2.0,20240517,월세,36.33,6879,26,2020.0,연립다세대,2024
성북구,13500,종암동,3.0,20240228,월세,64.51,8000,60,1999.0,연립다세대,2024
성북구,12500,안암동5가,,20240208,월세,19.0,1000,55,1991.0,단독다가구,2024
성북구,13300,정릉동,,20231222,월세,17.6,500,40,1961.0,단독다가구,2024
성북구,10800,동소문동5가,,20240209,월세,33.06,500,50,,단독다가구,2024
성북구,11700,동선동2가,,20240227,월세,20.0,500,50,,단독다가구,2024
성북구,12500,안암동5가,,20240208,월세,20.0,3000,60,,단독다가구,2024
성북구,10800,동소문동5가,10.0,20240612,월세,15.424,1000,100,2018.0,아파트,2024
성북구,12500,안암동5가,,20240205,월세,19.0,500,55,,단독다가구,2024
성북구,13800,장위동,4.0,20240520,월세,25.2,1000,50,2002.0,연립다세대,2024
성북구,11700,동선동2가,2.0,20240214,월세,36.39,1000,65,2001.0,연립다세대,2024
성북구,10100,성북동,2.0,20240106,월세,27.46,22000,10,2019.0,연립다세대,2024
성북구,13400,길음동,9.0,20241130,월세,59.99,45500,19,2010.0,아파트,2024
성북구,10300,돈암동,1.0,20240217,월세,68.13,2000,115,1998.0,아파트,2024
성북구,13300,정릉동,3.0,20240405,월세,22.2,7350,31,1999.0,연립다세대,2024
성북구,13800,장위동,3.0,20240423,월세,32.76,10400,5,1995.0,연립다세대,2024
성북구,12700,보문동5가,,20240206,월세,28.0,3000,50,,단독다가구,2024
성북구,11000,동소문동7가,13.0,20231219,월세,59.91,10000,110,2004.0,아파트,2024
성북구,13300,정릉동,11.0,20231228,월세,59.88,4000,100,2005.0,아파트,2024
성북구,11500,삼선동5가,3.0,20240127,월세,26.88,500,50,2001.0,연립다세대,2024
성북구,13300,정릉동,,20241216,월세,15.0,1000,47,2019.0,단독다가구,2024
성북구,13600,하월곡동,7.0,20231213,월세,16.03,1000,65,2022.0,오피스텔,2024
성북구,13500,종암동,15.0,20231213,월세,59.04,10000,100,1999.0,아파트,2024
성북구,13300,정릉동,,20231222,월세,20.0,3000,50,,단독다가구,2024
성북구,11800,동선동3가,,20231222,월세,20.0,1000,55,2001.0,단독다가구,2024
성북구,10900,동소문동6가,5.0,20240214,월세,12.32,3000,53,2013.0,아파트,2024
성북구,11800,동선동3가,,20240130,월세,30.0,5000,30,,단독다가구,2024
성북구,12200,안암동2가,,20240208,월세,21.2,3000,70,,단독다가구,2024
성북구,13800,장위동,13.0,20240124,월세,36.14,11750,31,2020.0,아파트,2024
성북구,11100,삼선동1가,2.0,20240222,월세,68.22,500,50,2005.0,연립다세대,2024
성북구,11200,삼선동2가,7.0,20240328,월세,84.98,20000,150,2009.0,아파트,2024
성북구,10400,동소문동1가,,20240301,월세,26.73,600,40,,단독다가구,2024
성북구,13800,장위동,8.0,20240124,월세,84.98,40000,60,2021.0,아파트,2024
성북구,10300,돈암동,11.0,20240508,월세,59.99,40000,25,2004.0,아파트,2024
성북구,13600,하월곡동,18.0,20240112,월세,15.54,1000,58,2013.0,아파트,2024
성북구,13600,하월곡동,11.0,20240112,월세,15.62,1000,60,2013.0,아파트,2024
성북구,13600,하월곡동,,20240208,월세,23.14,1000,60,,단독다가구,2024
성북구,11300,삼선동3가,,20240511,월세,72.0,5000,80,1991.0,단독다가구,2024
성북구,13500,종암동,2.0,20241006,월세,59.99,3000,140,2004.0,아파트,2024
성북구,13600,하월곡동,,20231222,월세,21.0,1000,70,2022.0,단독다가구,2024
성북구,11100,삼선동1가,,20240321,월세,17.0,500,40,,단독다가구,2024
성북구,13900,석관동,,20240130,월세,31.05,300,30,,단독다가구,2024
성북구,10300,돈암동,4.0,20240307,월세,42.36,8000,50,2002.0,연립다세대,2024
성북구,12600,보문동4가,4.0,20241028,월세,29.56,3000,91,2016.0,연립다세대,2024
성북구,11100,삼선동1가,,20240205,월세,22.84,500,40,1995.0,단독다가구,2024
성북구,11800,동선동3가,,20240130,월세,33.0,6000,50,1997.0,단독다가구,2024
성북구,11800,동선동3가,,20231222,월세,23.0,1000,80,2023.0,단독다가구,2024
성북구,10300,돈암동,18.0,20240601,월세,59.99,10000,140,2004.0,아파트,2024
성북구,10300,돈암동,15.0,20240316,월세,59.58,5000,120,1998.0,아파트,2024
성북구,12500,안암동5가,,20231222,월세,23.1,500,40,2001.0,단독다가구,2024
성북구,12100,안암동1가,,20240224,월세,33.0,400,35,,단독다가구,2024
성북구,10900,동소문동6가,,20240208,월세,25.03,6000,53,,단독다가구,2024
성북구,12700,보문동5가,,20240321,월세,18.0,0,36,,단독다가구,2024
성북구,13700,상월곡동,,20240307,월세,13.2,1000,25,,단독다가구,2024
성북구,12200,안암동2가,,20240205,월세,23.76,3000,35,,단독다가구,2024
성북구,13400,길음동,7.0,20241127,월세,30.61,1809,17,2005.0,아파트,2024
성북구,13300,정릉동,6.0,20240109,월세,24.32,1000,52,2004.0,오피스텔,2024
성북구,13400,길음동,2.0,20241127,월세,30.61,3646,7,2005.0,아파트,2024
성북구,13300,정릉동,15.0,20240514,월세,59.88,6000,90,2005.0,아파트,2024
성북구,11200,삼선동2가,7.0,20240708,월세,84.83,10000,190,2009.0,아파트,2024
성북구,13000,보문동1가,4.0,20240420,월세,21.28,10000,25,2013.0,연립다세대,2024
성북구,10300,돈암동,,20240330,월세,16.0,100,30,,단독다가구,2024
성북구,13300,정릉동,2.0,20240514,월세,22.26,4387,14,2020.0,연립다세대,2024
성북구,13300,정릉동,4.0,20240601,월세,13.88,920,63,2023.0,연립다세대,2024
성북구,12500,안암동5가,,20240310,월세,43.09,500,85,,단독다가구,2024
성북구,11100,삼선동1가,1.0,20240601,월세,79.02,100,55,2008.0,연립다세대,2024
성북구,13900,석관동,2.0,20240511,월세,22.15,1000,50,2013.0,연립다세대,2024
성북구,13800,장위동,,20240130,월세,35.0,500,23,,단독다가구,2024
성북구,13600,하월곡동,,20240208,월세,28.0,500,32,,단독다가구,2024
성북구,10900,동소문동6가,,20240205,월세,25.03,5000,47,,단독다가구,2024
성북구,13600,하월곡동,5.0,20240112,월세,79.98,20000,75,2004.0,아파트,2024
성북구,10900,동소문동6가,4.0,20240109,월세,19.44,1000,81,2014.0,연립다세대,2024
성북구,11200,삼선동2가,12.0,20240115,월세,59.95,15000,101,2008.0,아파트,2024
성북구,10900,동소문동6가,,20240228,월세,16.0,500,28,,단독다가구,2024
성북구,13300,정릉동,6.0,20240429,월세,59.88,5000,120,2005.0,아파트,2024
성북구,13300,정릉동,5.0,20240810,월세,64.64,500,50,2010.0,연립다세대,2024
성북구,11300,삼선동3가,,20240208,월세,30.0,1000,50,,단독다가구,2024
성북구,10900,동소문동6가,,20240321,월세,18.57,3000,25,,단독다가구,2024
성북구,13300,정릉동,,20240302,월세,16.17,2000,51,,단독다가구,2024
성북구,11800,동선동3가,,20240205,월세,27.29,1000,60,,단독다가구,2024
성북구,13600,하월곡동,6.0,20240106,월세,59.86,5000,106,2003.0,아파트,2024
성북구,11100,삼선동1가,3.0,20240302,월세,79.02,0,55,2008.0,연립다세대,2024
성북구,11200,삼선동2가,3.0,20231211,월세,29.38,3500,77,2019.0,연립다세대,2024
성북구,13600,하월곡동,18.0,20240921,월세,59.754,5000,150,2006.0,아파트,2024
성북구,13400,길음동,10.0,20240930,월세,84.93,30000,110,2019.0,아파트,2024
성북구,13300,정릉동,3.0,20240612,월세,79.43,20000,30,1991.0,연립다세대,2024
성북구,13600,하월곡동,5.0,20240921,월세,84.589,5000,180,2006.0,아파트,2024
성북구,11900,동선동4가,,20240222,월세,16.5,500,37,,단독다가구,2024
성북구,13300,정릉동,5.0,20240106,월세,21.02,5000,90,2017.0,연립다세대,2024
성북구,13800,장위동,4.0,20240617,월세,39.34,5296,2,2006.0,아파트,2024
성북구,13800,장위동,4.0,20240617,월세,39.34,5117,3,2006.0,아파트,2024
성북구,13800,장위동,10.0,20240617,월세,39.34,2122,17,2006.0,아파트,2024
성북구,13800,장위동,5.0,20240617,월세,39.34,2113,17,2006.0,아파트,2024
성북구,13800,장위동,9.0,20240617,월세,49.33,1881,25,2006.0,아파트,2024
성북구,13800,장위동,12.0,20240617,월세,49.33,4490,11,2006.0,아파트,2024
성북구,13800,장위동,8.0,20240617,월세,49.33,1881,25,2006.0,아파트,2024
성북구,13800,장위동,13.0,20240617,월세,49.33,6023,2,2006.0,아파트,2024
성북구,13800,장위동,10.0,20240617,월세,49.33,3337,17,2006.0,아파트,2024
성북구,13800,장위동,4.0,20240617,월세,49.33,1881,25,2006.0,아파트,2024
성북구,13800,장위동,3.0,20240617,월세,49.33,1881,25,2006.0,아파트,2024
성북구,13800,장위동,5.0,20240617,월세,49.33,1881,25,2006.0,아파트,2024
성북구,13800,장위동,5.0,20240617,월세,49.33,2060,28,2006.0,아파트,2024
성북구,11800,동선동3가,1.0,20240214,월세,43.34,3000,30,2002.0,연립다세대,2024
성북구,10300,돈암동,11.0,20240601,월세,117.16,34500,24,2005.0,아파트,2024
성북구,11100,삼선동1가,,20240130,월세,40.0,1000,80,,단독다가구,2024
성북구,13900,석관동,1.0,20241118,월세,62.21,1000,50,1990.0,연립다세대,2024
성북구,12000,동선동5가,,20231219,월세,12.0,300,23,1994.0,단독다가구,2024
성북구,10300,돈암동,,20240208,월세,32.9,12000,25,,단독다가구,2024
성북구,12500,안암동5가,,20240208,월세,33.0,3000,85,,단독다가구,2024
성북구,13500,종암동,,20240321,월세,19.64,500,43,,단독다가구,2024
성북구,13600,하월곡동,,20240222,월세,18.0,500,35,,단독다가구,2024
성북구,13600,하월곡동,,20231219,월세,15.0,1000,40,2012.0,단독다가구,2024
성북구,13600,하월곡동,6.0,20240112,월세,84.14,38000,50,2007.0,아파트,2024
성북구,13100,보문동2가,1.0,20240121,월세,16.76,2000,37,2012.0,연립다세대,2024
성북구,13300,정릉동,,20240301,월세,30.0,1000,90,,단독다가구,2024
성북구,13300,정릉동,1.0,20240617,월세,32.76,4929,4,2005.0,아파트,2024
성북구,13300,정릉동,2.0,20240103,월세,19.18,1280,77,2023.0,연립다세대,2024
성북구,13500,종암동,6.0,20240514,월세,59.98,5000,150,2010.0,아파트,2024
성북구,13500,종암동,14.0,20240514,월세,59.86,10000,110,1999.0,아파트,2024
성북구,13800,장위동,4.0,20240921,월세,59.99,10000,133,2020.0,아파트,2024
성북구,12300,안암동3가,,20240206,월세,30.0,1000,51,,단독다가구,2024
성북구,11500,삼선동5가,,20240202,월세,49.9,4000,40,1992.0,단독다가구,2024
성북구,12300,안암동3가,,20240205,월세,33.0,1000,55,,단독다가구,2024
성북구,11200,삼선동2가,8.0,20240729,월세,114.86,10000,190,2009.0,아파트,2024
성북구,10300,돈암동,17.0,20240220,월세,84.87,29000,60,1998.0,아파트,2024
성북구,11100,삼선동1가,2.0,20240106,월세,79.02,0,55,2008.0,연립다세대,2024
성북구,13900,석관동,,20240321,월세,20.0,200,25,,단독다가구,2024
성북구,13600,하월곡동,,20231225,월세,16.0,1000,50,2013.0,단독다가구,2024
성북구,13900,석관동,,20240202,월세,51.15,2000,50,1993.0,단독다가구,2024
성북구,11900,동선동4가,,20231219,월세,16.99,1000,53,,단독다가구,2024
성북구,13800,장위동,6.0,20241018,월세,29.72,3000,140,2024.0,오피스텔,2024
성북구,10900,동소문동6가,10.0,20240118,월세,14.18,19000,6,2012.0,아파트,2024
성북구,10900,동소문동6가,7.0,20240118,월세,14.18,1000,81,2012.0,아파트,2024
성북구,10900,동소문동6가,14.0,20240118,월세,14.18,19000,7,2012.0,아파트,2024
성북구,13800,장위동,,20240307,월세,16.5,500,20,,단독다가구,2024
성북구,13300,정릉동,15.0,20240109,월세,59.9,5000,140,1999.0,아파트,2024
성북구,11100,삼선동1가,,20240130,월세,44.88,1000,70,,단독다가구,2024
성북구,10700,동소문동4가,7.0,20240118,월세,22.8,1000,65,2003.0,오피스텔,2024
성북구,13300,정릉동,5.0,20240604,월세,17.36,2000,45,2004.0,오피스텔,2024
성북구,11700,동선동2가,,20240130,월세,45.31,1000,70,1996.0,단독다가구,2024
성북구,11900,동선동4가,7.0,20240412,월세,14.02,4000,55,2017.0,연립다세대,2024
성북구,10200,성북동1가,3.0,20240225,월세,24.86,10000,2,2002.0,연립다세대,2024
성북구,13300,정릉동,10.0,20240529,월세,59.63,3000,170,2015.0,아파트,2024
성북구,12200,안암동2가,,20240130,월세,47.58,10500,8,1997.0,단독다가구,2024
성북구,10100,성북동,2.0,20241006,월세,29.05,2000,100,2022.0,연립다세대,2024
성북구,13500,종암동,,20240131,월세,42.78,12000,20,1994.0,단독다가구,2024
성북구,13300,정릉동,1.0,20240529,월세,36.33,10800,36,2020.0,연립다세대,2024
성북구,11700,동선동2가,,20240222,월세,20.1,500,50,,단독다가구,2024
성북구,11200,삼선동2가,,20240130,월세,49.28,3000,60,1996.0,단독다가구,2024
성북구,13300,정릉동,7.0,20240302,월세,60.0,12000,30,2005.0,아파트,2024
성북구,13500,종암동,5.0,20240402,월세,13.61,500,35,2011.0,연립다세대,2024
성북구,11900,동선동4가,,20231219,월세,19.0,1000,55,1992.0,단독다가구,2024
성북구,13600,하월곡동,,20240318,월세,37.18,500,35,,단독다가구,2024
성북구,10200,성북동1가,13.0,20231216,월세,13.57,1000,70,2015.0,아파트,2024
성북구,12700,보문동5가,,20231222,월세,49.72,5000,100,,단독다가구,2024
성북구,13300,정릉동,8.0,20240508,월세,32.76,1543,16,2005.0,아파트,2024
성북구,13300,정릉동,13.0,20240508,월세,32.76,1543,16,2005.0,아파트,2024
성북구,13300,정릉동,5.0,20240508,월세,32.76,1543,16,2005.0,아파트,2024
성북구,13300,정릉동,7.0,20240508,월세,32.76,1543,16,2005.0,아파트,2024
성북구,13300,정릉동,,20240203,월세,242.85,5000,30,,단독다가구,2024
성북구,13500,종암동,,20240620,월세,40.0,500,30,1992.0,단독다가구,2024
성북구,13600,하월곡동,,20240205,월세,37.69,2000,40,,단독다가구,2024
성북구,13800,장위동,16.0,20240705,월세,18.03,3000,48,2019.0,오피스텔,2024
성북구,13800,장위동,2.0,20240308,월세,52.78,7000,60,2002.0,연립다세대,2024
성북구,12000,동선동5가,,20231219,월세,20.0,1000,50,2009.0,단독다가구,2024
성북구,13900,석관동,,20240130,월세,54.81,12000,10,1996.0,단독다가구,2024
성북구,13300,정릉동,4.0,20240911,월세,15.73,1161,7,2013.0,연립다세대,2024
성북구,12500,안암동5가,,20240222,월세,23.14,1000,55,,단독다가구,2024
성북구,12300,안암동3가,,20240211,월세,20.0,2000,50,,단독다가구,2024
성북구,13600,하월곡동,8.0,20240115,월세,19.26,1000,75,2021.0,연립다세대,2024
성북구,13800,장위동,,20231222,월세,55.5,1000,50,1996.0,단독다가구,2024
성북구,13900,석관동,,20231205,월세,24.0,300,30,1994.0,단독다가구,2024
성북구,13300,정릉동,1.0,20240601,월세,66.21,13000,10,1989.0,연립다세대,2024
성북구,11900,동선동4가,,20240605,월세,50.61,6000,75,1995.0,단독다가구,2024
성북구,13600,하월곡동,7.0,20240121,월세,15.52,1000,60,2013.0,아파트,2024
성북구,13800,장위동,5.0,20240911,월세,29.03,3000,65,2020.0,연립다세대,2024
성북구,13800,장위동,,20240620,월세,40.0,500,35,1991.0,단독다가구,2024
성북구,11900,동선동4가,,20231216,월세,13.0,1000,50,2011.0,단독다가구,2024
성북구,12500,안암동5가,,20231225,월세,20.0,1000,50,1991.0,단독다가구,2024
성북구,13600,하월곡동,,20231222,월세,61.77,1000,45,1993.0,단독다가구,2024
성북구,13900,석관동,,20240318,월세,38.7,2600,62,,단독다가구,2024
성북구,11500,삼선동5가,,20240327,월세,20.0,3000,45,,단독다가구,2024
성북구,13300,정릉동,,20231216,월세,15.0,1000,50,2017.0,단독다가구,2024
성북구,13300,정릉동,,20231216,월세,15.0,1000,45,2014.0,단독다가구,2024
성북구,11900,동선동4가,13.0,20240902,월세,20.96,1000,67,2011.0,오피스텔,2024
성북구,11700,동선동2가,,20231219,월세,21.0,500,45,1990.0,단독다가구,2024
성북구,11000,동소문동7가,6.0,20240127,월세,59.96,10000,150,2010.0,아파트,2024
성북구,13300,정릉동,3.0,20240607,월세,12.252,820,46,2023.0,연립다세대,2024
성북구,13900,석관동,,20240202,월세,171.24,2000,40,,단독다가구,2024
성북구,12500,안암동5가,,20240324,월세,20.0,1000,40,,단독다가구,2024
성북구,11000,동소문동7가,3.0,20240311,월세,57.2,28000,5,2020.0,연립다세대,2024
성북구,13300,정릉동,,20240217,월세,15.0,1000,40,,단독다가구,2024
성북구,12500,안암동5가,,20240217,월세,15.0,300,45,,단독다가구,2024
성북구,11500,삼선동5가,6.0,20240502,월세,34.84,17700,20,2003.0,아파트,2024
성북구,13900,석관동,,20240318,월세,40.0,500,45,,단독다가구,2024
성북구,10300,돈암동,12.0,20240526,월세,68.13,35000,18,1998.0,아파트,2024
성북구,13900,석관동,,20240130,월세,74.75,4000,60,1985.0,단독다가구,2024
성북구,11900,동선동4가,5.0,20231211,월세,15.3,1000,60,2012.0,연립다세대,2024
성북구,10900,동소문동6가,4.0,20240612,월세,18.44,1000,80,2015.0,오피스텔,2024
성북구,13300,정릉동,,20231216,월세,17.22,1000,50,2019.0,단독다가구,2024
성북구,12100,안암동1가,,20240224,월세,37.94,1000,63,,단독다가구,2024
성북구,12500,안암동5가,,20240307,월세,20.0,300,50,,단독다가구,2024
성북구,11800,동선동3가,,20240330,월세,21.0,500,40,,단독다가구,2024
성북구,13300,정릉동,,20231219,월세,26.4,500,70,2020.0,단독다가구,2024
성북구,13500,종암동,26.0,20240508,월세,84.72,5000,160,1999.0,아파트,2024
성북구,10900,동소문동6가,10.0,20240221,월세,12.7,7000,22,2013.0,아파트,2024
성북구,13500,종암동,15.0,20240601,월세,59.04,40000,5,1999.0,아파트,2024
성북구,13600,하월곡동,11.0,20240121,월세,79.25,35000,20,2004.0,아파트,2024
성북구,13300,정릉동,,20231227,월세,15.0,1000,45,2014.0,단독다가구,2024
성북구,12500,안암동5가,,20231227,월세,15.0,1000,56,1995.0,단독다가구,2024
성북구,13300,정릉동,,20231227,월세,15.0,500,38,2018.0,단독다가구,2024
성북구,13500,종암동,,20231227,월세,15.0,300,43,1998.0,단독다가구,2024
성북구,11300,삼선동3가,,20231227,월세,15.0,500,40,,단독다가구,2024
성북구,12100,안암동1가,,20240301,월세,33.65,500,60,,단독다가구,2024
성북구,10200,성북동1가,12.0,20240215,월세,13.57,1000,68,2015.0,아파트,2024
성북구,11000,동소문동7가,,20231230,월세,13.0,3000,50,2018.0,단독다가구,2024
성북구,13900,석관동,,20240330,월세,23.0,500,30,,단독다가구,2024
성북구,13800,장위동,2.0,20240514,월세,84.81,3000,110,1993.0,연립다세대,2024
성북구,12500,안암동5가,,20231210,월세,12.19,1000,60,,단독다가구,2024
성북구,13900,석관동,,20240301,월세,35.0,2000,65,,단독다가구,2024
성북구,11900,동선동4가,12.0,20240720,월세,21.05,5000,53,2011.0,오피스텔,2024
성북구,13800,장위동,,20240318,월세,41.5,500,45,,단독다가구,2024
성북구,10300,돈암동,,20240321,월세,25.1,2000,30,,단독다가구,2024
성북구,11000,동소문동7가,,20231230,월세,15.0,1000,50,2018.0,단독다가구,2024
성북구,13300,정릉동,,20231230,월세,15.0,1000,40,2004.0,단독다가구,2024
성북구,13900,석관동,,20240318,월세,41.94,500,40,,단독다가구,2024
성북구,13300,정릉동,,20231210,월세,15.0,1000,49,2018.0,단독다가구,2024
성북구,13300,정릉동,,20231211,월세,15.0,1000,40,2018.0,단독다가구,2024
성북구,12700,보문동5가,8.0,20240115,월세,37.9,3000,145,2022.0,오피스텔,2024
성북구,10800,동소문동5가,14.0,20240112,월세,14.6,4700,61,2017.0,아파트,2024
성북구,10800,동소문동5가,6.0,20240112,월세,16.67,7900,59,2017.0,아파트,2024
성북구,12500,안암동5가,,20240304,월세,15.0,200,34,,단독다가구,2024
성북구,11100,삼선동1가,,20240307,월세,21.59,13000,15,,단독다가구,2024
성북구,13900,석관동,,20240301,월세,35.12,1000,45,,단독다가구,2024
성북구,13900,석관동,,20240304,월세,15.66,300,25,,단독다가구,2024
성북구,13800,장위동,,20240321,월세,26.81,200,20,,단독다가구,2024
성북구,12500,안암동5가,,20231227,월세,16.67,500,45,2001.0,단독다가구,2024
성북구,11300,삼선동3가,,20231223,월세,43.29,500,40,1991.0,단독다가구,2024
성북구,13900,석관동,,20231216,월세,20.0,3000,60,2020.0,단독다가구,2024
성북구,13900,석관동,,20231227,월세,18.0,1000,47,2018.0,단독다가구,2024
성북구,13300,정릉동,,20231227,월세,18.0,1000,60,2016.0,단독다가구,2024
성북구,13800,장위동,4.0,20240824,월세,18.03,9800,10,2019.0,오피스텔,2024
성북구,13800,장위동,5.0,20240824,월세,18.03,1000,65,2019.0,오피스텔,2024
성북구,13300,정릉동,,20240218,월세,15.0,2000,46,,단독다가구,2024
성북구,13900,석관동,,20240224,월세,43.38,2000,55,,단독다가구,2024
성북구,11800,동선동3가,,20231211,월세,16.51,1000,55,2012.0,단독다가구,2024
성북구,11200,삼선동2가,,20231205,월세,43.15,2000,80,1997.0,단독다가구,2024
성북구,11900,동선동4가,,20240215,월세,12.0,500,20,,단독다가구,2024
성북구,12500,안암동5가,,20240402,월세,15.0,130,40,,단독다가구,2024
성북구,10900,동소문동6가,,20240402,월세,15.0,500,40,,단독다가구,2024
성북구,13800,장위동,3.0,20240221,월세,56.85,13000,10,2001.0,연립다세대,2024
성북구,13800,장위동,,20240131,월세,51.19,3500,40,1994.0,단독다가구,2024
성북구,10100,성북동,3.0,20240921,월세,29.05,3000,100,2022.0,연립다세대,2024
성북구,10900,동소문동6가,9.0,20240426,월세,13.2,8000,27,2013.0,아파트,2024
성북구,10300,돈암동,18.0,20240105,월세,84.87,30000,85,1998.0,아파트,2024
성북구,13300,정릉동,,20231230,월세,18.0,5000,47,,단독다가구,2024
성북구,11800,동선동3가,,20240215,월세,15.0,500,35,,단독다가구,2024
성북구,12500,안암동5가,,20240206,월세,40.0,1000,100,,단독다가구,2024
성북구,11700,동선동2가,,20240206,월세,40.0,1000,100,,단독다가구,2024
성북구,12900,보문동7가,3.0,20240511,월세,28.08,23800,35,2022.0,연립다세대,2024
성북구,13600,하월곡동,,20240405,월세,20.0,500,45,,단독다가구,2024
성북구,13900,석관동,,20240321,월세,30.0,500,40,,단독다가구,2024
성북구,13900,석관동,,20231210,월세,18.0,500,15,2016.0,단독다가구,2024
성북구,12700,보문동5가,,20231213,월세,18.0,1000,55,2008.0,단독다가구,2024
성북구,13900,석관동,,20231227,월세,18.14,500,36,,단독다가구,2024
성북구,13500,종암동,,20231223,월세,52.58,500,58,1993.0,단독다가구,2024
성북구,13300,정릉동,,20231227,월세,18.5,700,52,2018.0,단독다가구,2024
성북구,13800,장위동,6.0,20240118,월세,18.03,500,65,2019.0,오피스텔,2024
성북구,13300,정릉동,4.0,20240801,월세,28.98,2000,75,2016.0,연립다세대,2024
성북구,12300,안암동3가,,20240212,월세,20.0,3000,45,,단독다가구,2024
성북구,12100,안암동1가,,20240129,월세,53.68,5000,75,2014.0,단독다가구,2024
성북구,10100,성북동,-1.0,20240529,월세,81.09,12800,20,1996.0,연립다세대,2024
성북구,12100,안암동1가,,20240218,월세,18.0,1000,30,,단독다가구,2024
성북구,12800,보문동6가,,20240206,월세,42.0,14000,25,1994.0,단독다가구,2024
성북구,12000,동선동5가,,20231227,월세,19.57,500,45,2007.0,단독다가구,2024
성북구,12200,안암동2가,,20240224,월세,49.07,1000,75,,단독다가구,2024
성북구,13500,종암동,,20231227,월세,19.8,500,35,2001.0,단독다가구,2024
성북구,12900,보문동7가,2.0,20240517,월세,29.3,24800,15,2022.0,연립다세대,2024
성북구,12500,안암동5가,,20231211,월세,19.0,5000,15,1991.0,단독다가구,2024
성북구,12500,안암동5가,,20231227,월세,20.0,2000,75,,단독다가구,2024
성북구,11100,삼선동1가,,20231227,월세,20.0,500,30,1949.0,단독다가구,2024
성북구,13500,종암동,4.0,20240102,월세,31.41,8000,50,2017.0,연립다세대,2024
성북구,13400,길음동,,20240316,월세,10.0,300,20,,단독다가구,2024
성북구,11500,삼선동5가,,20240316,월세,10.32,500,50,,단독다가구,2024
성북구,11800,동선동3가,,20240215,월세,18.0,1000,60,,단독다가구,2024
성북구,11700,동선동2가,,20231223,월세,65.0,4000,125,,단독다가구,2024
성북구,12800,보문동6가,8.0,20240720,월세,84.99,10000,174,2017.0,아파트,2024
성북구,13100,보문동2가,,20231216,월세,24.75,4000,25,1996.0,단독다가구,2024
성북구,12500,안암동5가,,20231216,월세,24.79,3000,53,1994.0,단독다가구,2024
성북구,12400,안암동4가,,20231230,월세,19.8,1000,48,2017.0,단독다가구,2024
성북구,10300,돈암동,,20240218,월세,19.0,500,30,,단독다가구,2024
성북구,10300,돈암동,,20240218,월세,19.0,3000,35,,단독다가구,2024
성북구,13300,정릉동,13.0,20240607,월세,32.76,3230,6,2005.0,아파트,2024
성북구,11900,동선동4가,5.0,20240112,월세,12.11,1000,58,2014.0,연립다세대,2024
성북구,10100,성북동,,20231230,월세,20.0,1000,50,1940.0,단독다가구,2024
성북구,13500,종암동,,20231230,월세,20.0,100,35,1964.0,단독다가구,2024
성북구,13300,정릉동,3.0,20240607,월세,22.26,6912,24,2020.0,연립다세대,2024
성북구,13800,장위동,,20240318,월세,51.39,12000,35,,단독다가구,2024
성북구,13800,장위동,,20231205,월세,75.0,2000,80,1990.0,단독다가구,2024
성북구,11900,동선동4가,,20240218,월세,19.8,400,40,,단독다가구,2024
성북구,13300,정릉동,2.0,20240112,월세,29.32,20000,10,2022.0,연립다세대,2024
성북구,11700,동선동2가,1.0,20240204,월세,30.33,1000,60,2005.0,연립다세대,2024
성북구,13800,장위동,,20240131,월세,75.07,10450,10,1976.0,단독다가구,2024
성북구,13600,하월곡동,,20240318,월세,52.84,3000,65,,단독다가구,2024
성북구,13100,보문동2가,,20231216,월세,27.0,500,52,,단독다가구,2024
성북구,13500,종암동,,20240215,월세,19.0,3000,38,,단독다가구,2024
성북구,13900,석관동,,20240224,월세,54.68,1000,70,,단독다가구,2024
성북구,13600,하월곡동,,20240131,월세,81.62,13000,40,1992.0,단독다가구,2024
성북구,13800,장위동,12.0,20240821,월세,18.03,1000,63,2019.0,오피스텔,2024
성북구,13300,정릉동,,20231216,월세,28.99,5000,75,2023.0,단독다가구,2024
성북구,11300,삼선동3가,,20231216,월세,29.7,3000,60,,단독다가구,2024
성북구,13300,정릉동,,20240215,월세,20.0,500,60,,단독다가구,2024
성북구,12300,안암동3가,,20240215,월세,20.0,2000,50,,단독다가구,2024
성북구,11800,동선동3가,3.0,20240717,월세,66.44,4000,55,1991.0,연립다세대,2024
성북구,13800,장위동,,20240209,월세,83.97,3000,50,,단독다가구,2024
성북구,10800,동소문동5가,13.0,20240127,월세,14.02,1000,85,2018.0,아파트,2024
성북구,11400,삼선동4가,11.0,20240824,월세,17.72,7000,75,2024.0,오피스텔,2024
성북구,11400,삼선동4가,,20240304,월세,23.8,500,51,,단독다가구,2024
성북구,13800,장위동,,20240224,월세,60.0,12000,20,,단독다가구,2024
성북구,13300,정릉동,,20240117,월세,54.91,500,30,1993.0,단독다가구,2024
성북구,11500,삼선동5가,,20240117,월세,55.0,20000,30,2010.0,단독다가구,2024
성북구,12500,안암동5가,,20231227,월세,23.1,500,43,,단독다가구,2024
성북구,11800,동선동3가,,20231227,월세,23.1,2000,50,1997.0,단독다가구,2024
성북구,12200,안암동2가,,20231230,월세,21.2,2000,70,,단독다가구,2024
성북구,13300,정릉동,-1.0,20240121,월세,13.44,1000,30,2008.0,연립다세대,2024
성북구,12500,안암동5가,,20231227,월세,23.14,4000,60,,단독다가구,2024
성북구,10300,돈암동,3.0,20240108,월세,59.58,20000,60,1998.0,아파트,2024
성북구,12500,안암동5가,,20231210,월세,22.0,500,45,,단독다가구,2024
성북구,13600,하월곡동,,20231230,월세,23.0,4000,50,2018.0,단독다가구,2024
성북구,13600,하월곡동,2.0,20240827,월세,45.99,3574,13,2017.0,연립다세대,2024
성북구,13400,길음동,20.0,20241012,월세,59.781,55000,40,2022.0,아파트,2024
성북구,10300,돈암동,,20240330,월세,31.63,500,30,,단독다가구,2024
성북구,12500,안암동5가,,20240402,월세,20.0,200,40,,단독다가구,2024
성북구,13600,하월곡동,,20240420,월세,16.52,1000,35,,단독다가구,2024
성북구,12200,안암동2가,,20240215,월세,21.0,1000,45,,단독다가구,2024
성북구,13600,하월곡동,17.0,20241018,월세,84.589,6000,170,2006.0,아파트,2024
성북구,13000,보문동1가,,20240108,월세,13.86,5000,20,,단독다가구,2024
성북구,13600,하월곡동,,20231216,월세,33.0,8000,20,2002.0,단독다가구,2024
성북구,11200,삼선동2가,,20240420,월세,17.0,500,35,,단독다가구,2024
성북구,12800,보문동6가,,20240327,월세,32.12,5000,48,,단독다가구,2024
성북구,13400,길음동,29.0,20241009,월세,84.769,30000,200,2022.0,아파트,2024
성북구,11100,삼선동1가,,20240218,월세,23.1,1000,50,,단독다가구,2024
성북구,13800,장위동,4.0,20240124,월세,14.71,1000,53,2019.0,아파트,2024
성북구,11700,동선동2가,,20231230,월세,25.0,1000,50,2002.0,단독다가구,2024
성북구,13300,정릉동,3.0,20240112,월세,59.8,3500,10,2001.0,연립다세대,2024
성북구,13300,정릉동,3.0,20240112,월세,59.8,16500,10,2001.0,연립다세대,2024
성북구,12000,동선동5가,2.0,20240219,월세,36.41,5000,70,2012.0,연립다세대,2024
성북구,13300,정릉동,4.0,20240604,월세,22.26,3456,31,2020.0,연립다세대,2024
성북구,13300,정릉동,4.0,20240604,월세,22.26,6528,23,2020.0,연립다세대,2024
성북구,11900,동선동4가,15.0,20240717,월세,21.69,5000,55,2011.0,오피스텔,2024
성북구,13600,하월곡동,,20231213,월세,25.19,2000,94,,단독다가구,2024
성북구,10400,동소문동1가,3.0,20240124,월세,54.97,25000,50,2008.0,연립다세대,2024
성북구,13600,하월곡동,7.0,20240124,월세,19.26,1000,75,2021.0,연립다세대,2024
성북구,13600,하월곡동,,20240222,월세,28.9,1000,30,,단독다가구,2024
성북구,12500,안암동5가,,20231230,월세,26.4,5000,60,,단독다가구,2024
성북구,11700,동선동2가,,20231230,월세,26.44,2000,60,,단독다가구,2024
성북구,13300,정릉동,,20240302,월세,16.5,2000,46,,단독다가구,2024
성북구,13600,하월곡동,2.0,20240308,월세,58.19,1000,70,1982.0,연립다세대,2024
성북구,13100,보문동2가,,20240222,월세,30.0,1000,60,,단독다가구,2024
성북구,13500,종암동,,20240222,월세,30.0,2000,40,,단독다가구,2024
성북구,12500,안암동5가,,20240523,월세,20.0,300,45,,단독다가구,2024
성북구,11800,동선동3가,,20231230,월세,28.0,3000,35,1995.0,단독다가구,2024
성북구,13600,하월곡동,3.0,20240430,월세,59.754,15000,100,2006.0,아파트,2024
성북구,13300,정릉동,,20240105,월세,13.0,1000,50,2019.0,단독다가구,2024
성북구,13800,장위동,2.0,20240201,월세,42.51,7000,15,1986.0,연립다세대,2024
성북구,11800,동선동3가,,20240321,월세,36.0,1000,70,,단독다가구,2024
성북구,13300,정릉동,3.0,20240216,월세,15.43,1000,46,2013.0,연립다세대,2024
성북구,13500,종암동,,20231213,월세,30.0,500,50,2008.0,단독다가구,2024
성북구,10900,동소문동6가,17.0,20240118,월세,14.02,15000,20,2015.0,아파트,2024
성북구,13500,종암동,5.0,20240219,월세,30.01,3000,100,2016.0,연립다세대,2024
성북구,13800,장위동,,20231227,월세,33.0,500,40,1993.0,단독다가구,2024
성북구,13600,하월곡동,,20231230,월세,32.0,500,30,1991.0,단독다가구,2024
성북구,13800,장위동,,20240117,월세,60.03,3000,45,1991.0,단독다가구,2024
성북구,13300,정릉동,16.0,20240615,월세,59.9,20000,70,1999.0,아파트,2024
성북구,12400,안암동4가,,20231211,월세,33.0,1000,50,1991.0,단독다가구,2024
성북구,12500,안암동5가,,20240105,월세,16.5,500,65,1997.0,단독다가구,2024
성북구,13300,정릉동,,20231216,월세,44.08,2000,65,1992.0,단독다가구,2024
성북구,13900,석관동,,20240901,월세,33.0,500,35,,단독다가구,2024
성북구,13300,정릉동,,20240105,월세,16.9,2000,40,2018.0,단독다가구,2024
성북구,13800,장위동,,20231216,월세,46.0,2000,50,,단독다가구,2024
성북구,10300,돈암동,13.0,20240726,월세,59.79,6000,90,1998.0,아파트,2024
성북구,10300,돈암동,2.0,20240726,월세,59.79,4000,110,1998.0,아파트,2024
성북구,13800,장위동,4.0,20241018,월세,39.9,11598,36,2021.0,아파트,2024
성북구,12100,안암동1가,,20240222,월세,34.0,1000,65,,단독다가구,2024
성북구,13200,보문동3가,15.0,20240305,월세,84.9,10000,180,2013.0,아파트,2024
성북구,11300,삼선동3가,,20231230,월세,37.38,8000,50,1990.0,단독다가구,2024
성북구,12800,보문동6가,8.0,20240412,월세,59.81,10000,140,2017.0,아파트,2024
성북구,13400,길음동,4.0,20240509,월세,38.017,2869,15,2022.0,아파트,2024
성북구,11500,삼선동5가,,20231230,월세,38.24,3000,60,1997.0,단독다가구,2024
성북구,10300,돈암동,15.0,20240518,월세,59.4,15000,90,1999.0,아파트,2024
성북구,13800,장위동,5.0,20240821,월세,57.11,8479,30,2019.0,연립다세대,2024
성북구,12500,안암동5가,,20231230,월세,40.0,1000,75,,단독다가구,2024
성북구,11100,삼선동1가,,20231230,월세,40.0,1000,53,1991.0,단독다가구,2024
성북구,11200,삼선동2가,,20240520,월세,12.24,1000,75,1991.0,단독다가구,2024
성북구,13300,정릉동,18.0,20240112,월세,84.09,10000,120,2005.0,아파트,2024
성북구,13700,상월곡동,,20231212,월세,39.66,1000,70,2018.0,단독다가구,2024
성북구,10400,동소문동1가,3.0,20240511,월세,29.89,22000,30,2018.0,연립다세대,2024
성북구,13500,종암동,3.0,20240511,월세,28.71,3000,95,2021.0,연립다세대,2024
성북구,10500,동소문동2가,,20231216,월세,56.65,3000,85,1993.0,단독다가구,2024
성북구,13900,석관동,,20240316,월세,20.7,2000,40,,단독다가구,2024
성북구,13800,장위동,,20240408,월세,13.0,500,29,,단독다가구,2024
성북구,11500,삼선동5가,3.0,20241218,월세,27.69,6000,40,2003.0,오피스텔,2024
성북구,13900,석관동,,20231211,월세,40.8,1000,40,1999.0,단독다가구,2024
성북구,13800,장위동,,20240402,월세,23.14,1000,40,,단독다가구,2024
성북구,13300,정릉동,3.0,20240517,월세,37.06,13000,25,2010.0,연립다세대,2024
성북구,13600,하월곡동,18.0,20240115,월세,84.65,5000,160,2003.0,아파트,2024
성북구,13900,석관동,,20240310,월세,20.0,1000,30,,단독다가구,2024
성북구,11900,동선동4가,13.0,20240723,월세,21.77,4000,50,2011.0,오피스텔,2024
성북구,13300,정릉동,3.0,20240529,월세,29.46,3553,14,2020.0,연립다세대,2024
성북구,13500,종암동,3.0,20240115,월세,25.74,2000,115,2016.0,연립다세대,2024
성북구,11500,삼선동5가,9.0,20240207,월세,31.97,7000,75,2014.0,오피스텔,2024
성북구,12200,안암동2가,,20240316,월세,21.2,3000,75,,단독다가구,2024
성북구,13300,정릉동,4.0,20240219,월세,20.55,5000,100,2023.0,연립다세대,2024
성북구,13800,장위동,2.0,20240305,월세,29.64,5000,60,2023.0,연립다세대,2024
성북구,12500,안암동5가,,20231225,월세,26.0,500,50,1994.0,단독다가구,2024
성북구,13600,하월곡동,,20231210,월세,46.0,2000,40,1995.0,단독다가구,2024
성북구,13800,장위동,8.0,20240305,월세,39.98,5000,100,2022.0,아파트,2024
성북구,12500,안암동5가,,20240105,월세,19.0,2000,70,,단독다가구,2024
성북구,12500,안암동5가,2.0,20240228,월세,12.12,2000,58,2019.0,연립다세대,2024
성북구,13900,석관동,7.0,20240604,월세,84.85,10000,100,1994.0,아파트,2024
성북구,13300,정릉동,11.0,20240305,월세,84.4,10000,160,2009.0,아파트,2024
성북구,13500,종암동,,20240222,월세,40.8,1000,45,,단독다가구,2024
성북구,11700,동선동2가,,20231207,월세,23.11,500,50,1997.0,단독다가구,2024
성북구,13300,정릉동,1.0,20240305,월세,26.15,8588,28,2020.0,연립다세대,2024
성북구,13500,종암동,3.0,20240127,월세,59.68,25000,53,2005.0,아파트,2024
성북구,13300,정릉동,-1.0,20240115,월세,40.29,500,40,1994.0,연립다세대,2024
성북구,10100,성북동,,20231212,월세,51.23,10000,135,2022.0,단독다가구,2024
성북구,13100,보문동2가,2.0,20240115,월세,23.18,3000,30,2002.0,오피스텔,2024
성북구,13800,장위동,10.0,20240813,월세,18.03,1000,65,2019.0,오피스텔,2024
성북구,13900,석관동,14.0,20240106,월세,59.94,10000,100,1999.0,아파트,2024
성북구,11100,삼선동1가,,20231231,월세,19.8,3000,35,1987.0,단독다가구,2024
성북구,13500,종암동,2.0,20240511,월세,26.89,500,80,2012.0,연립다세대,2024
성북구,10100,성북동,,20240129,월세,66.42,6000,50,1992.0,단독다가구,2024
성북구,13400,길음동,6.0,20241212,월세,84.97,7000,169,2005.0,아파트,2024
성북구,12200,안암동2가,,20240222,월세,45.0,300,42,,단독다가구,2024
성북구,13300,정릉동,2.0,20240115,월세,20.51,1360,68,2023.0,연립다세대,2024
성북구,13800,장위동,14.0,20240708,월세,18.03,1000,65,2019.0,오피스텔,2024
성북구,13800,장위동,6.0,20240708,월세,18.03,1000,65,2019.0,오피스텔,2024
성북구,13800,장위동,9.0,20240325,월세,15.21,1000,60,2019.0,아파트,2024
성북구,11800,동선동3가,,20231231,월세,20.0,1000,40,2003.0,단독다가구,2024
성북구,12500,안암동5가,,20231228,월세,14.0,500,55,,단독다가구,2024
성북구,13600,하월곡동,,20231213,월세,63.81,2000,55,1992.0,단독다가구,2024
성북구,13500,종암동,16.0,20240308,월세,59.04,5000,130,1999.0,아파트,2024
성북구,13300,정릉동,,20231228,월세,15.0,1000,51,2020.0,단독다가구,2024
성북구,12500,안암동5가,,20231228,월세,15.0,300,90,1996.0,단독다가구,2024
성북구,13500,종암동,6.0,20240911,월세,39.0,5698,7,2009.0,아파트,2024
성북구,13600,하월곡동,,20231211,월세,73.59,3000,80,1974.0,단독다가구,2024
성북구,13300,정릉동,1.0,20240204,월세,50.16,2000,50,1994.0,연립다세대,2024
성북구,13300,정릉동,,20240318,월세,109.47,30000,10,,단독다가구,2024
성북구,13000,보문동1가,,20231213,월세,90.0,15000,100,2003.0,단독다가구,2024
성북구,13100,보문동2가,,20240316,월세,23.0,1000,45,,단독다가구,2024
성북구,12200,안암동2가,,20231231,월세,21.2,2000,70,,단독다가구,2024
성북구,13800,장위동,,20240330,월세,37.33,1000,40,,단독다가구,2024
성북구,13500,종암동,,20240318,월세,145.0,1000,53,,단독다가구,2024
성북구,13500,종암동,,20240321,월세,40.0,3000,65,,단독다가구,2024
성북구,13300,정릉동,4.0,20240115,월세,14.43,2500,43,2012.0,연립다세대,2024
성북구,13600,하월곡동,7.0,20240629,월세,59.98,21000,115,2007.0,아파트,2024
성북구,12600,보문동4가,3.0,20240726,월세,23.22,5000,42,1972.0,오피스텔,2024
성북구,12800,보문동6가,,20240222,월세,59.5,2000,80,,단독다가구,2024
성북구,13300,정릉동,1.0,20240106,월세,49.92,1000,100,1983.0,연립다세대,2024
성북구,13900,석관동,3.0,20240228,월세,49.13,5819,60,2021.0,연립다세대,2024
성북구,12000,동선동5가,,20240517,월세,71.53,17000,50,1997.0,단독다가구,2024
성북구,10900,동소문동6가,9.0,20240228,월세,12.7,3000,52,2013.0,아파트,2024
성북구,12800,보문동6가,,20240305,월세,37.0,2000,80,,단독다가구,2024
성북구,13500,종암동,,20231228,월세,19.5,300,38,1997.0,단독다가구,2024
성북구,13300,정릉동,,20231228,월세,19.8,1000,45,2004.0,단독다가구,2024
성북구,11000,동소문동7가,,20231228,월세,19.8,3000,50,2018.0,단독다가구,2024
성북구,13300,정릉동,,20231228,월세,20.0,1000,51,,단독다가구,2024
성북구,11700,동선동2가,,20231228,월세,20.0,1000,60,1996.0,단독다가구,2024
성북구,12000,동선동5가,,20240517,월세,71.53,17000,25,1997.0,단독다가구,2024
성북구,12500,안암동5가,,20240414,월세,22.0,500,65,,단독다가구,2024
성북구,11700,동선동2가,4.0,20241220,월세,12.26,2500,51,2011.0,연립다세대,2024
성북구,13300,정릉동,2.0,20240115,월세,44.47,3000,100,2015.0,연립다세대,2024
성북구,13900,석관동,,20240330,월세,40.0,1000,45,,단독다가구,2024
성북구,13500,종암동,4.0,20240317,월세,51.37,15000,50,2013.0,연립다세대,2024
성북구,13800,장위동,,20240517,월세,71.92,4000,60,1989.0,단독다가구,2024
성북구,13500,종암동,2.0,20240112,월세,27.89,100,80,2021.0,연립다세대,2024
성북구,12900,보문동7가,,20240316,월세,25.0,500,40,,단독다가구,2024
성북구,13400,길음동,10.0,20240430,월세,38.017,3636,7,2022.0,아파트,2024
성북구,11300,삼선동3가,10.0,20240409,월세,35.58,844,23,2008.0,아파트,2024
성북구,11300,삼선동3가,10.0,20240409,월세,35.58,2112,21,2008.0,아파트,2024
성북구,12500,안암동5가,,20231228,월세,21.0,1000,60,,단독다가구,2024
성북구,13400,길음동,1.0,20240430,월세,84.769,50000,90,2022.0,아파트,2024
성북구,12300,안암동3가,,20231228,월세,21.5,200,40,1997.0,단독다가구,2024
성북구,13400,길음동,16.0,20240430,월세,112.505,80000,110,2022.0,아파트,2024
성북구,13600,하월곡동,19.0,20240127,월세,59.98,35000,40,2007.0,아파트,2024
성북구,13600,하월곡동,3.0,20240830,월세,28.58,1000,80,2021.0,오피스텔,2024
성북구,12500,안암동5가,,20231228,월세,23.0,5000,40,,단독다가구,2024
성북구,11700,동선동2가,,20231228,월세,23.1,1000,60,1996.0,단독다가구,2024
성북구,13500,종암동,3.0,20240127,월세,61.53,4000,75,2004.0,연립다세대,2024
성북구,13600,하월곡동,8.0,20240118,월세,84.84,9000,118,2003.0,아파트,2024
성북구,13600,하월곡동,4.0,20240118,월세,84.99,15000,115,2003.0,아파트,2024
성북구,11100,삼선동1가,,20231228,월세,25.0,1000,50,2010.0,단독다가구,2024
성북구,13300,정릉동,3.0,20240121,월세,56.64,4000,40,1990.0,연립다세대,2024
성북구,11100,삼선동1가,3.0,20240226,월세,98.55,20000,45,1993.0,연립다세대,2024
성북구,13800,장위동,5.0,20240226,월세,57.38,5000,80,2005.0,연립다세대,2024
성북구,13800,장위동,24.0,20241212,월세,84.47,49000,20,2022.0,아파트,2024
성북구,12800,보문동6가,,20231227,월세,41.58,500,50,1992.0,단독다가구,2024
성북구,12700,보문동5가,,20231230,월세,40.04,1000,55,1994.0,단독다가구,2024
성북구,13800,장위동,3.0,20240115,월세,40.81,11330,22,2020.0,연립다세대,2024
성북구,10300,돈암동,13.0,20240127,월세,84.97,35000,50,2004.0,아파트,2024
성북구,10300,돈암동,1.0,20240127,월세,114.89,10000,165,2004.0,아파트,2024
성북구,13300,정릉동,1.0,20240824,월세,13.5,1000,40,2008.0,연립다세대,2024
성북구,13600,하월곡동,2.0,20240620,월세,52.4,2135,28,2018.0,연립다세대,2024
성북구,13300,정릉동,4.0,20240306,월세,23.51,3000,36,2020.0,연립다세대,2024
성북구,13300,정릉동,1.0,20240127,월세,20.51,1360,68,2023.0,연립다세대,2024
성북구,12500,안암동5가,,20240105,월세,20.0,1000,40,2001.0,단독다가구,2024
성북구,13700,상월곡동,,20240105,월세,20.0,1000,45,,단독다가구,2024
성북구,12500,안암동5가,,20240105,월세,20.0,1000,75,,단독다가구,2024
성북구,12500,안암동5가,,20240105,월세,20.0,3000,90,2023.0,단독다가구,2024
성북구,12200,안암동2가,,20240102,월세,15.1,1000,45,2010.0,단독다가구,2024
성북구,12200,안암동2가,,20240108,월세,16.0,3000,45,2003.0,단독다가구,2024
성북구,13300,정릉동,,20240420,월세,26.4,300,20,1984.0,단독다가구,2024
성북구,13900,석관동,7.0,20240213,월세,27.8,1500,130,2021.0,연립다세대,2024
성북구,10900,동소문동6가,5.0,20240201,월세,22.92,4000,72,2014.0,연립다세대,2024
성북구,11800,동선동3가,11.0,20240115,월세,29.96,1000,10,2021.0,오피스텔,2024
성북구,13800,장위동,3.0,20240821,월세,34.33,10500,10,1994.0,연립다세대,2024
성북구,13300,정릉동,,20240108,월세,16.5,1000,51,,단독다가구,2024
성북구,13400,길음동,12.0,20241109,월세,84.64,25000,100,2005.0,아파트,2024
성북구,13900,석관동,5.0,20240406,월세,27.39,3000,80,2018.0,연립다세대,2024
성북구,13600,하월곡동,,20240102,월세,17.0,1000,50,2011.0,단독다가구,2024
성북구,13400,길음동,8.0,20241109,월세,59.75,12000,130,2006.0,아파트,2024
성북구,13300,정릉동,3.0,20240112,월세,78.87,7000,60,2003.0,연립다세대,2024
성북구,13400,길음동,10.0,20241109,월세,84.049,50000,60,2007.0,아파트,2024
성북구,13800,장위동,,20231230,월세,49.58,500,30,1965.0,단독다가구,2024
성북구,10300,돈암동,1.0,20240601,월세,113.67,5000,180,1998.0,아파트,2024
성북구,11400,삼선동4가,,20240102,월세,18.0,300,40,2008.0,단독다가구,2024
성북구,13100,보문동2가,,20240102,월세,18.0,2000,37,1999.0,단독다가구,2024
성북구,13600,하월곡동,,20240102,월세,18.0,4000,35,2020.0,단독다가구,2024
성북구,13300,정릉동,,20240102,월세,18.0,1000,52,2021.0,단독다가구,2024
성북구,11700,동선동2가,,20240108,월세,18.0,1000,50,,단독다가구,2024
성북구,11700,동선동2가,,20240108,월세,18.0,1000,55,,단독다가구,2024
성북구,13300,정릉동,1.0,20240118,월세,16.08,1070,69,2023.0,연립다세대,2024
성북구,13300,정릉동,1.0,20240118,월세,18.17,1210,77,2023.0,연립다세대,2024
성북구,13300,정릉동,2.0,20240118,월세,20.51,1360,65,2023.0,연립다세대,2024
성북구,11500,삼선동5가,5.0,20240223,월세,31.97,14000,40,2014.0,오피스텔,2024
성북구,13400,길음동,7.0,20241109,월세,59.99,5000,169,2010.0,아파트,2024
성북구,13300,정릉동,1.0,20240127,월세,59.9,3000,100,1999.0,아파트,2024
성북구,13200,보문동3가,12.0,20240118,월세,84.77,25000,83,2013.0,아파트,2024
성북구,11100,삼선동1가,,20231231,월세,44.61,1000,65,1996.0,단독다가구,2024
성북구,11700,동선동2가,3.0,20240213,월세,18.96,5000,50,2014.0,연립다세대,2024
성북구,10700,동소문동4가,,20231231,월세,48.14,7000,10,1997.0,단독다가구,2024
성북구,13400,길음동,12.0,20241109,월세,59.998,30000,50,2003.0,아파트,2024
성북구,10900,동소문동6가,4.0,20240201,월세,32.17,5000,136,2023.0,연립다세대,2024
성북구,13300,정릉동,1.0,20240319,월세,47.09,11000,20,1994.0,연립다세대,2024
성북구,11300,삼선동3가,5.0,20240223,월세,45.1,15750,4,2002.0,연립다세대,2024
성북구,13800,장위동,3.0,20240118,월세,40.81,712,24,2018.0,연립다세대,2024
성북구,11500,삼선동5가,,20240405,월세,34.17,2000,40,,단독다가구,2024
성북구,13300,정릉동,6.0,20240118,월세,59.98,30000,35,2005.0,아파트,2024
성북구,13400,길음동,4.0,20240216,월세,84.96,29000,64,2003.0,아파트,2024
성북구,13400,길음동,3.0,20240216,월세,114.73,10000,220,2005.0,아파트,2024
성북구,13400,길음동,11.0,20240216,월세,102.38,20000,150,2005.0,아파트,2024
성북구,12800,보문동6가,10.0,20240415,월세,29.96,10992,29,2017.0,아파트,2024
성북구,12800,보문동6가,10.0,20240418,월세,59.81,20000,142,2017.0,아파트,2024
성북구,13900,석관동,,20240109,월세,14.6,300,50,2010.0,단독다가구,2024
성북구,13300,정릉동,8.0,20240124,월세,84.89,26000,75,2005.0,아파트,2024
성북구,13400,길음동,8.0,20240309,월세,59.99,20000,77,2003.0,아파트,2024
성북구,13400,길음동,4.0,20240309,월세,84.64,50000,20,2005.0,아파트,2024
성북구,13300,정릉동,,20240112,월세,15.0,1000,50,2017.0,단독다가구,2024
성북구,13300,정릉동,,20240112,월세,15.0,4000,36,,단독다가구,2024
성북구,13300,정릉동,,20240112,월세,15.0,1000,52,,단독다가구,2024
성북구,13400,길음동,11.0,20240213,월세,84.96,50000,60,2010.0,아파트,2024
성북구,13400,길음동,12.0,20240219,월세,84.64,25000,86,2005.0,아파트,2024
성북구,13600,하월곡동,13.0,20240213,월세,66.61,38600,6,2011.0,아파트,2024
성북구,13300,정릉동,21.0,20240309,월세,59.59,12000,90,1999.0,아파트,2024
성북구,13500,종암동,,20241116,월세,27.78,1000,120,2024.0,단독다가구,2024
성북구,13400,길음동,17.0,20240219,월세,59.98,9000,100,2010.0,아파트,2024
성북구,10300,돈암동,2.0,20240219,월세,59.84,20000,100,2014.0,아파트,2024
성북구,13800,장위동,22.0,20240213,월세,32.22,7838,21,2017.0,아파트,2024
성북구,13800,장위동,8.0,20240213,월세,40.24,8947,33,2017.0,아파트,2024
성북구,11400,삼선동4가,,20240112,월세,15.7,1000,50,2010.0,단독다가구,2024
성북구,10900,동소문동6가,,20240112,월세,16.0,500,40,2011.0,단독다가구,2024
성북구,13800,장위동,4.0,20241109,월세,59.1,30000,100,2022.0,아파트,2024
성북구,13800,장위동,26.0,20240309,월세,84.47,30000,140,2022.0,아파트,2024
성북구,11100,삼선동1가,,20240103,월세,12.0,300,33,1961.0,단독다가구,2024
성북구,13600,하월곡동,,20231231,월세,84.0,10000,35,1984.0,단독다가구,2024
성북구,13800,장위동,21.0,20240219,월세,84.48,53000,40,2022.0,아파트,2024
성북구,13300,정릉동,14.0,20240626,월세,85.0,10000,140,2006.0,아파트,2024
성북구,13300,정릉동,,20240103,월세,14.0,2000,25,2001.0,단독다가구,2024
성북구,11700,동선동2가,,20240408,월세,21.0,300,40,,단독다가구,2024
성북구,11900,동선동4가,,20240103,월세,15.0,1000,50,2011.0,단독다가구,2024
성북구,10300,돈암동,17.0,20240617,월세,32.49,1196,3,1998.0,아파트,2024
성북구,11500,삼선동5가,,20240102,월세,39.0,10000,30,1997.0,단독다가구,2024
성북구,13800,장위동,,20240411,월세,30.0,500,45,,단독다가구,2024
성북구,11700,동선동2가,3.0,20240118,월세,67.07,400,40,2004.0,연립다세대,2024
성북구,13800,장위동,3.0,20240801,월세,18.03,500,48,2019.0,오피스텔,2024
성북구,12100,안암동1가,,20240112,월세,18.0,2000,50,2002.0,단독다가구,2024
성북구,13400,길음동,15.0,20240715,월세,30.15,2840,6,2005.0,아파트,2024
성북구,13400,길음동,13.0,20240207,월세,59.97,5000,150,2005.0,아파트,2024
성북구,13600,하월곡동,,20240124,월세,27.74,1000,89,,단독다가구,2024
성북구,10300,돈암동,3.0,20240207,월세,59.5,15000,100,2014.0,아파트,2024
성북구,13900,석관동,1.0,20240216,월세,62.21,1000,40,1990.0,연립다세대,2024
성북구,13700,상월곡동,,20240108,월세,19.8,1000,55,,단독다가구,2024
성북구,10700,동소문동4가,3.0,20240705,월세,15.47,1000,59,2013.0,연립다세대,2024
성북구,13600,하월곡동,,20240102,월세,42.04,1000,40,1993.0,단독다가구,2024
성북구,13400,길음동,,20240108,월세,20.0,500,41,2011.0,단독다가구,2024
성북구,11400,삼선동4가,2.0,20240315,월세,29.74,28000,15,2023.0,연립다세대,2024
성북구,12200,안암동2가,,20240607,월세,17.0,300,40,2010.0,단독다가구,2024
성북구,13200,보문동3가,14.0,20240115,월세,84.57,50000,10,2003.0,아파트,2024
성북구,13500,종암동,15.0,20240512,월세,84.98,20000,140,2009.0,아파트,2024
성북구,12400,안암동4가,,20240112,월세,19.8,3000,55,2020.0,단독다가구,2024
성북구,13800,장위동,12.0,20240319,월세,39.71,16000,43,2020.0,아파트,2024
성북구,11200,삼선동2가,,20240112,월세,20.0,1500,47,1997.0,단독다가구,2024
성북구,10200,성북동1가,,20240112,월세,20.0,1000,40,1992.0,단독다가구,2024
성북구,12200,안암동2가,,20240108,월세,21.0,1000,40,1993.0,단독다가구,2024
성북구,13800,장위동,,20240523,월세,40.86,3000,50,,단독다가구,2024
성북구,13900,석관동,3.0,20240810,월세,59.9,20000,88,2009.0,아파트,2024
성북구,13300,정릉동,,20240520,월세,30.0,0,50,,단독다가구,2024
성북구,12500,안암동5가,,20240108,월세,23.0,1000,55,,단독다가구,2024
성북구,13900,석관동,19.0,20240118,월세,84.87,25000,50,1999.0,아파트,2024
성북구,13900,석관동,,20240108,월세,23.03,500,30,1994.0,단독다가구,2024
성북구,10300,돈암동,9.0,20240213,월세,84.94,5000,125,2009.0,아파트,2024
성북구,13300,정릉동,,20240108,월세,24.0,2000,50,,단독다가구,2024
성북구,12800,보문동6가,,20240523,월세,42.5,8000,20,1992.0,단독다가구,2024
성북구,11800,동선동3가,8.0,20240315,월세,29.97,1872,19,2023.0,오피스텔,2024
성북구,11800,동선동3가,10.0,20240315,월세,29.98,1909,20,2023.0,오피스텔,2024
성북구,11800,동선동3가,11.0,20240315,월세,29.98,4068,20,2023.0,오피스텔,2024
성북구,11800,동선동3가,6.0,20240315,월세,29.95,2345,24,2023.0,연립다세대,2024
성북구,11800,동선동3가,5.0,20240315,월세,29.95,4942,10,2023.0,연립다세대,2024
성북구,11900,동선동4가,,20240112,월세,24.0,2000,40,,단독다가구,2024
성북구,13300,정릉동,,20240105,월세,36.0,500,45,1994.0,단독다가구,2024
성북구,12500,안암동5가,,20240526,월세,26.0,1000,66,2021.0,단독다가구,2024
성북구,10900,동소문동6가,6.0,20240127,월세,12.7,5000,39,2013.0,아파트,2024
성북구,10900,동소문동6가,9.0,20240127,월세,13.55,1000,60,2013.0,아파트,2024
성북구,11900,동선동4가,,20240112,월세,25.0,500,50,1992.0,단독다가구,2024
성북구,13900,석관동,,20240420,월세,32.0,1000,50,,단독다가구,2024
성북구,13300,정릉동,2.0,20240309,월세,36.18,1000,60,1991.0,연립다세대,2024
성북구,12100,안암동1가,,20240108,월세,27.0,3000,70,,단독다가구,2024
성북구,13600,하월곡동,,20240408,월세,23.14,500,41,,단독다가구,2024
성북구,13300,정릉동,,20240115,월세,13.0,500,40,2020.0,단독다가구,2024
성북구,13500,종암동,,20240115,월세,14.0,200,40,,단독다가구,2024
성북구,13300,정릉동,,20240115,월세,15.0,1000,48,,단독다가구,2024
성북구,13300,정릉동,,20240115,월세,15.0,2000,45,,단독다가구,2024
성북구,13300,정릉동,,20240103,월세,16.0,1000,54,2017.0,단독다가구,2024
성북구,13500,종암동,4.0,20240629,월세,59.4,5000,110,1996.0,아파트,2024
성북구,13800,장위동,3.0,20240216,월세,29.03,5000,90,2023.0,연립다세대,2024
성북구,12100,안암동1가,,20240414,월세,30.19,1000,50,,단독다가구,2024
성북구,10900,동소문동6가,,20240405,월세,37.0,1000,40,,단독다가구,2024
성북구,13400,길음동,14.0,20240724,월세,30.876,4993,11,2008.0,아파트,2024
성북구,13300,정릉동,,20240115,월세,16.0,2000,50,2015.0,단독다가구,2024
성북구,12000,동선동5가,,20240106,월세,15.0,5000,5,,단독다가구,2024
성북구,13900,석관동,4.0,20240213,월세,29.01,1000,42,2008.0,연립다세대,2024
성북구,13900,석관동,3.0,20240201,월세,59.97,10000,100,1998.0,아파트,2024
성북구,13300,정릉동,1.0,20240506,월세,84.45,5000,100,1997.0,연립다세대,2024
성북구,10900,동소문동6가,,20240115,월세,16.5,500,28,1973.0,단독다가구,2024
성북구,11600,동선동1가,4.0,20240219,월세,28.7,3700,100,2020.0,오피스텔,2024
성북구,13900,석관동,,20240408,월세,24.0,200,20,,단독다가구,2024
성북구,13300,정릉동,1.0,20240617,월세,67.2,70,35,1996.0,연립다세대,2024
성북구,13600,하월곡동,,20240115,월세,16.52,500,50,2017.0,단독다가구,2024
성북구,13600,하월곡동,,20240316,월세,26.0,500,25,,단독다가구,2024
성북구,10300,돈암동,,20240109,월세,19.0,1000,60,2012.0,단독다가구,2024
성북구,10300,돈암동,8.0,20240216,월세,56.7,8000,40,1991.0,아파트,2024
성북구,12100,안암동1가,,20240423,월세,15.4,1000,45,2007.0,단독다가구,2024
성북구,12500,안암동5가,,20240103,월세,18.0,1500,35,,단독다가구,2024
성북구,13300,정릉동,17.0,20240312,월세,43.11,2000,70,2001.0,아파트,2024
성북구,13800,장위동,4.0,20240418,월세,29.47,14000,35,2021.0,연립다세대,2024
성북구,13300,정릉동,2.0,20240514,월세,37.71,1000,45,1991.0,연립다세대,2024
성북구,13300,정릉동,,20240106,월세,16.5,500,43,,단독다가구,2024
성북구,11900,동선동4가,,20240106,월세,16.5,1000,60,2019.0,단독다가구,2024
성북구,11000,동소문동7가,11.0,20240604,월세,59.91,7000,140,2004.0,아파트,2024
성북구,12500,안암동5가,,20240115,월세,18.0,500,39,1995.0,단독다가구,2024
성북구,13500,종암동,,20240109,월세,19.64,1000,48,2015.0,단독다가구,2024
성북구,13800,장위동,3.0,20240702,월세,42.32,3000,100,2021.0,연립다세대,2024
성북구,11000,동소문동7가,,20240112,월세,33.02,1000,100,2016.0,단독다가구,2024
성북구,12800,보문동6가,7.0,20240424,월세,59.19,20000,140,2017.0,아파트,2024
성북구,13800,장위동,2.0,20240312,월세,44.28,2000,50,1991.0,연립다세대,2024
성북구,13800,장위동,2.0,20240815,월세,29.99,3000,100,2021.0,연립다세대,2024
성북구,13500,종암동,,20240106,월세,18.0,420,15,,단독다가구,2024
성북구,13600,하월곡동,,20240106,월세,18.0,2000,60,2019.0,단독다가구,2024
성북구,13600,하월곡동,,20240106,월세,18.0,3000,60,,단독다가구,2024
성북구,10700,동소문동4가,9.0,20240424,월세,26.28,2000,70,2003.0,오피스텔,2024
성북구,13300,정릉동,16.0,20240315,월세,84.65,40000,50,2008.0,아파트,2024
성북구,12500,안암동5가,,20240115,월세,19.8,1000,46,1995.0,단독다가구,2024
성북구,13900,석관동,,20240109,월세,20.49,500,40,,단독다가구,2024
성북구,13400,길음동,16.0,20240315,월세,59.69,5000,195,2019.0,아파트,2024
성북구,13600,하월곡동,5.0,20240415,월세,15.62,1000,53,2013.0,아파트,2024
성북구,11700,동선동2가,,20240103,월세,20.0,1000,50,,단독다가구,2024
성북구,13900,석관동,,20240103,월세,20.0,250,35,1965.0,단독다가구,2024
성북구,13300,정릉동,,20240115,월세,20.0,1000,40,,단독다가구,2024
성북구,13500,종암동,23.0,20240518,월세,59.97,5000,153,2009.0,아파트,2024
성북구,13500,종암동,19.0,20240315,월세,84.99,10000,195,2011.0,아파트,2024
성북구,13500,종암동,5.0,20240315,월세,84.99,30000,120,2011.0,아파트,2024
성북구,13900,석관동,5.0,20240427,월세,33.15,1000,70,2003.0,오피스텔,2024
성북구,12500,안암동5가,,20240109,월세,22.0,2000,95,,단독다가구,2024
성북구,13400,길음동,34.0,20240724,월세,59.87,20000,180,2024.0,아파트,2024
성북구,12500,안암동5가,,20240106,월세,18.8,1000,55,1989.0,단독다가구,2024
성북구,13900,석관동,,20240106,월세,19.0,500,45,2014.0,단독다가구,2024
성북구,13500,종암동,3.0,20240118,월세,75.77,1000,100,1982.0,연립다세대,2024
성북구,13600,하월곡동,9.0,20240213,월세,12.66,1000,70,2022.0,연립다세대,2024
성북구,13600,하월곡동,8.0,20240213,월세,12.68,14500,10,2022.0,연립다세대,2024
성북구,13600,하월곡동,,20240520,월세,35.0,500,40,,단독다가구,2024
성북구,13700,상월곡동,2.0,20240309,월세,59.95,13000,20,2003.0,아파트,2024
성북구,13700,상월곡동,2.0,20240309,월세,59.95,13000,80,2003.0,아파트,2024
성북구,13600,하월곡동,,20240106,월세,19.8,500,53,,단독다가구,2024
성북구,13500,종암동,13.0,20240201,월세,59.99,5000,140,2004.0,아파트,2024
성북구,11900,동선동4가,,20240106,월세,20.0,500,50,,단독다가구,2024
성북구,13300,정릉동,,20240106,월세,20.0,500,35,1996.0,단독다가구,2024
성북구,11500,삼선동5가,,20240103,월세,21.0,5000,50,,단독다가구,2024
성북구,12200,안암동2가,,20240109,월세,25.0,500,37,1993.0,단독다가구,2024
성북구,11800,동선동3가,,20240523,월세,55.0,2000,70,1990.0,단독다가구,2024
성북구,11100,삼선동1가,,20240529,월세,12.96,500,40,,단독다가구,2024
성북구,13800,장위동,6.0,20240315,월세,39.9,10214,28,2021.0,아파트,2024
성북구,10900,동소문동6가,,20240103,월세,23.0,1000,52,,단독다가구,2024
성북구,13400,길음동,11.0,20241023,월세,59.97,5000,200,2019.0,아파트,2024
성북구,13800,장위동,,20240112,월세,49.58,2000,60,2003.0,단독다가구,2024
성북구,12500,안암동5가,,20240106,월세,21.0,5000,15,,단독다가구,2024
성북구,13900,석관동,,20240423,월세,17.0,250,30,,단독다가구,2024
성북구,11800,동선동3가,,20240423,월세,17.0,500,40,,단독다가구,2024
성북구,13400,길음동,22.0,20240216,월세,59.9,30000,110,2019.0,아파트,2024
성북구,11800,동선동3가,,20240106,월세,21.49,1000,70,1953.0,단독다가구,2024
성북구,13100,보문동2가,,20240901,월세,34.0,500,43,1993.0,단독다가구,2024
성북구,13900,석관동,,20240417,월세,32.0,500,30,1993.0,단독다가구,2024
성북구,13800,장위동,,20240112,월세,58.5,9000,50,1984.0,단독다가구,2024
성북구,11500,삼선동5가,,20240115,월세,28.0,1000,70,1996.0,단독다가구,2024
성북구,10800,동소문동5가,,20240511,월세,14.0,300,37,1995.0,단독다가구,2024
성북구,13300,정릉동,,20240414,월세,33.06,1000,60,,단독다가구,2024
성북구,13400,길음동,13.0,20240226,월세,33.28,5643,10,2010.0,아파트,2024
성북구,13500,종암동,,20240127,월세,13.5,1000,40,,단독다가구,2024
성북구,12700,보문동5가,,20240103,월세,27.15,700,40,1991.0,단독다가구,2024
성북구,13400,길음동,6.0,20240315,월세,43.63,1404,21,2022.0,아파트,2024
성북구,13400,길음동,1.0,20240315,월세,43.63,1404,21,2022.0,아파트,2024
성북구,13400,길음동,5.0,20240315,월세,43.63,3276,17,2022.0,아파트,2024
성북구,13400,길음동,11.0,20240315,월세,43.63,5016,7,2022.0,아파트,2024
성북구,13400,길음동,3.0,20240315,월세,43.63,5016,7,2022.0,아파트,2024
성북구,13400,길음동,2.0,20240315,월세,43.63,5016,7,2022.0,아파트,2024
성북구,13400,길음동,10.0,20240315,월세,43.63,5016,7,2022.0,아파트,2024
성북구,13400,길음동,4.0,20240315,월세,43.63,5016,7,2022.0,아파트,2024
성북구,13400,길음동,11.0,20240229,월세,59.99,19000,130,2010.0,아파트,2024
성북구,13400,길음동,13.0,20240226,월세,84.64,25000,100,2005.0,아파트,2024
성북구,13400,길음동,7.0,20240315,월세,53.314,6102,9,2022.0,아파트,2024
성북구,13400,길음동,5.0,20240315,월세,53.314,6102,9,2022.0,아파트,2024
성북구,13400,길음동,8.0,20240315,월세,53.314,6102,9,2022.0,아파트,2024
성북구,13400,길음동,7.0,20240315,월세,53.314,3985,21,2022.0,아파트,2024
성북구,13400,길음동,10.0,20240315,월세,53.314,6102,9,2022.0,아파트,2024
성북구,13400,길음동,13.0,20240229,월세,84.82,20000,180,2010.0,아파트,2024
성북구,10300,돈암동,8.0,20240615,월세,84.98,15000,130,2005.0,아파트,2024
성북구,10900,동소문동6가,,20240109,월세,33.0,500,60,1993.0,단독다가구,2024
성북구,12800,보문동6가,,20240115,월세,30.0,1000,50,,단독다가구,2024
성북구,13900,석관동,,20240115,월세,30.0,1000,60,1997.0,단독다가구,2024
성북구,13400,길음동,8.0,20240226,월세,59.9,50000,11,2010.0,아파트,2024
성북구,13800,장위동,28.0,20240306,월세,84.87,20000,150,2017.0,아파트,2024
성북구,13400,길음동,16.0,20240226,월세,84.84,2000,150,2003.0,아파트,2024
성북구,13900,석관동,,20240327,월세,46.08,17000,25,,단독다가구,2024
성북구,10100,성북동,,20240423,월세,18.0,500,29,2016.0,단독다가구,2024
성북구,13400,길음동,7.0,20240219,월세,33.46,733,13,2019.0,아파트,2024
성북구,13700,상월곡동,,20240103,월세,29.75,500,40,1992.0,단독다가구,2024
성북구,13300,정릉동,3.0,20240620,월세,35.77,24000,17,2021.0,연립다세대,2024
성북구,13300,정릉동,,20240502,월세,12.0,500,50,1995.0,단독다가구,2024
성북구,13600,하월곡동,,20240106,월세,25.68,500,30,1993.0,단독다가구,2024
성북구,13400,길음동,17.0,20240309,월세,59.69,5000,200,2019.0,아파트,2024
성북구,13300,정릉동,,20240121,월세,20.0,1000,35,,단독다가구,2024
성북구,13800,장위동,10.0,20240226,월세,59.49,5000,180,2022.0,아파트,2024
성북구,13600,하월곡동,13.0,20240226,월세,59.65,5000,100,2010.0,아파트,2024
성북구,12500,안암동5가,,20240109,월세,35.0,12000,15,,단독다가구,2024
성북구,13800,장위동,7.0,20240216,월세,84.97,10000,180,2021.0,아파트,2024
성북구,13900,석관동,3.0,20240312,월세,59.97,28000,40,1998.0,아파트,2024
성북구,13400,길음동,8.0,20240223,월세,59.97,13000,100,2005.0,아파트,2024
성북구,13900,석관동,17.0,20240207,월세,59.98,40000,30,2019.0,아파트,2024
성북구,13900,석관동,2.0,20240219,월세,30.0,4922,10,2009.0,아파트,2024
성북구,13500,종암동,1.0,20240219,월세,84.92,10000,165,2009.0,아파트,2024
성북구,13500,종암동,,20240127,월세,18.0,500,30,2018.0,단독다가구,2024
성북구,10800,동소문동5가,,20240127,월세,18.0,500,42,1995.0,단독다가구,2024
성북구,11800,동선동3가,,20240127,월세,18.0,1000,60,,단독다가구,2024
성북구,10300,돈암동,3.0,20240204,월세,59.79,5000,87,1998.0,아파트,2024
성북구,13900,석관동,,20240115,월세,33.13,500,30,,단독다가구,2024
성북구,12300,안암동3가,,20240601,월세,16.0,1000,60,2019.0,단독다가구,2024
성북구,13800,장위동,11.0,20240223,월세,39.0,12737,33,2022.0,아파트,2024
성북구,11200,삼선동2가,,20240601,월세,16.0,300,32,,단독다가구,2024
성북구,13900,석관동,3.0,20240309,월세,84.97,40000,75,2019.0,아파트,2024
성북구,13300,정릉동,,20240121,월세,21.71,1000,50,,단독다가구,2024
성북구,13600,하월곡동,5.0,20240309,월세,59.754,20000,100,2006.0,아파트,2024
성북구,13800,장위동,7.0,20240518,월세,39.9,10214,28,2021.0,아파트,2024
성북구,13800,장위동,4.0,20240729,월세,29.39,16000,5,2016.0,연립다세대,2024
성북구,11800,동선동3가,,20240109,월세,39.6,3000,80,1997.0,단독다가구,2024
성북구,11100,삼선동1가,,20240118,월세,12.96,500,40,,단독다가구,2024
성북구,10300,돈암동,,20240106,월세,30.03,4000,63,,단독다가구,2024
성북구,13500,종암동,,20240127,월세,19.0,1000,70,,단독다가구,2024
성북구,13300,정릉동,,20240124,월세,13.0,1000,45,2017.0,단독다가구,2024
성북구,13800,장위동,,20240124,월세,13.0,200,20,1992.0,단독다가구,2024
성북구,13400,길음동,,20240106,월세,32.0,2000,80,2015.0,단독다가구,2024
성북구,12500,안암동5가,,20240127,월세,19.5,500,45,,단독다가구,2024
성북구,13600,하월곡동,,20240127,월세,19.8,1000,55,2017.0,단독다가구,2024
성북구,10900,동소문동6가,,20240127,월세,19.8,2000,52,,단독다가구,2024
성북구,10900,동소문동6가,,20240115,월세,37.5,2000,50,1994.0,단독다가구,2024
성북구,13400,길음동,24.0,20240216,월세,84.98,15000,250,2022.0,아파트,2024
성북구,10100,성북동,,20240109,월세,40.23,7600,50,1998.0,단독다가구,2024
성북구,13300,정릉동,,20240517,월세,13.0,7000,15,1995.0,단독다가구,2024
성북구,13300,정릉동,,20240601,월세,16.5,500,50,2018.0,단독다가구,2024
성북구,13300,정릉동,6.0,20240612,월세,59.77,30000,40,2006.0,아파트,2024
성북구,13800,장위동,5.0,20240615,월세,39.34,3466,15,2006.0,아파트,2024
성북구,12200,안암동2가,,20240115,월세,40.0,2000,60,1994.0,단독다가구,2024
성북구,13300,정릉동,,20240426,월세,20.0,500,53,2000.0,단독다가구,2024
성북구,13300,정릉동,3.0,20240612,월세,66.21,13650,20,1989.0,연립다세대,2024
성북구,12300,안암동3가,1.0,20240306,월세,43.11,10000,20,1971.0,아파트,2024
성북구,11700,동선동2가,,20240106,월세,34.37,10000,30,2013.0,단독다가구,2024
성북구,11700,동선동2가,,20240420,월세,37.0,2000,95,1991.0,단독다가구,2024
성북구,13300,정릉동,,20240118,월세,16.52,1000,50,2021.0,단독다가구,2024
성북구,12700,보문동5가,,20240617,월세,10.0,500,33,2009.0,단독다가구,2024
성북구,12200,안암동2가,,20240106,월세,36.0,5000,60,,단독다가구,2024
성북구,11400,삼선동4가,,20240121,월세,30.0,5000,30,,단독다가구,2024
성북구,11700,동선동2가,,20240121,월세,30.0,2000,90,,단독다가구,2024
성북구,13900,석관동,,20240118,월세,18.0,1000,45,2012.0,단독다가구,2024
성북구,13300,정릉동,5.0,20240216,월세,34.0,4000,50,2012.0,연립다세대,2024
성북구,13300,정릉동,,20240127,월세,23.06,1500,48,2019.0,단독다가구,2024
성북구,13500,종암동,2.0,20240626,월세,29.85,5500,130,2024.0,연립다세대,2024
성북구,12300,안암동3가,,20240127,월세,24.0,1000,45,2005.0,단독다가구,2024
성북구,12500,안암동5가,,20240127,월세,24.0,3000,80,2004.0,단독다가구,2024
성북구,13900,석관동,3.0,20240415,월세,59.97,5000,63,2011.0,연립다세대,2024
성북구,13600,하월곡동,15.0,20240427,월세,15.62,1000,65,2013.0,아파트,2024
성북구,13700,상월곡동,,20240115,월세,46.84,1000,80,1967.0,단독다가구,2024
성북구,12100,안암동1가,,20240103,월세,42.64,2000,28,2006.0,단독다가구,2024
성북구,12000,동선동5가,,20240601,월세,18.0,1000,45,2003.0,단독다가구,2024
성북구,13500,종암동,,20240617,월세,14.0,200,40,1997.0,단독다가구,2024
성북구,13300,정릉동,,20240523,월세,187.15,2000,70,1991.0,단독다가구,2024
성북구,12100,안암동1가,,20240127,월세,26.0,1000,55,,단독다가구,2024
성북구,13300,정릉동,,20240118,월세,18.52,1000,55,2019.0,단독다가구,2024
성북구,13600,하월곡동,3.0,20240626,월세,29.97,5000,50,2017.0,연립다세대,2024
성북구,10700,동소문동4가,4.0,20240424,월세,63.21,1000,45,2001.0,연립다세대,2024
성북구,13800,장위동,2.0,20240518,월세,49.0,25700,6,2016.0,연립다세대,2024
성북구,13700,상월곡동,,20240617,월세,15.0,500,50,2012.0,단독다가구,2024
성북구,13600,하월곡동,,20240115,월세,50.22,2000,50,1994.0,단독다가구,2024
성북구,12200,안암동2가,,20240617,월세,15.0,500,45,2004.0,단독다가구,2024
성북구,13800,장위동,3.0,20240905,월세,57.18,2000,60,2005.0,연립다세대,2024
성북구,13400,길음동,7.0,20240319,월세,59.97,10000,100,2005.0,아파트,2024
성북구,11100,삼선동1가,,20240124,월세,20.0,1000,45,1949.0,단독다가구,2024
성북구,12500,안암동5가,,20240124,월세,20.0,5000,40,,단독다가구,2024
성북구,10900,동소문동6가,,20240127,월세,29.0,10000,25,1994.0,단독다가구,2024
성북구,13800,장위동,4.0,20240312,월세,39.9,10214,28,2021.0,아파트,2024
성북구,13800,장위동,3.0,20240312,월세,39.9,10751,29,2021.0,아파트,2024
성북구,13800,장위동,12.0,20240312,월세,39.9,10751,29,2021.0,아파트,2024
성북구,13800,장위동,9.0,20240312,월세,39.9,7359,37,2021.0,아파트,2024
성북구,10300,돈암동,,20240127,월세,30.0,300,30,,단독다가구,2024
성북구,13900,석관동,,20240109,월세,66.54,13000,10,1993.0,단독다가구,2024
성북구,13900,석관동,,20240103,월세,49.92,10000,30,1993.0,단독다가구,2024
성북구,12400,안암동4가,,20240417,월세,34.4,500,45,1993.0,단독다가구,2024
성북구,13500,종암동,,20240106,월세,45.0,1000,55,1994.0,단독다가구,2024
성북구,13800,장위동,4.0,20240720,월세,47.16,13300,7,2004.0,연립다세대,2024
성북구,11100,삼선동1가,,20240405,월세,39.39,6500,20,,단독다가구,2024
성북구,13800,장위동,3.0,20240226,월세,59.08,8523,88,2023.0,연립다세대,2024
성북구,13400,길음동,,20240109,월세,81.49,4000,90,,단독다가구,2024
성북구,13300,정릉동,,20240124,월세,21.71,1000,50,2020.0,단독다가구,2024
성북구,13300,정릉동,,20240124,월세,22.0,1000,52,,단독다가구,2024
성북구,13800,장위동,2.0,20240801,월세,55.75,5000,40,1995.0,연립다세대,2024
성북구,13300,정릉동,,20240127,월세,32.4,1000,66,,단독다가구,2024
성북구,13400,길음동,14.0,20240515,월세,59.99,5000,170,2005.0,아파트,2024
성북구,13900,석관동,,20240106,월세,48.21,2000,75,1992.0,단독다가구,2024
성북구,12100,안암동1가,4.0,20240229,월세,15.56,9000,10,2012.0,연립다세대,2024
성북구,13900,석관동,1.0,20240207,월세,17.51,500,30,2011.0,연립다세대,2024
성북구,11800,동선동3가,,20240124,월세,23.1,500,60,,단독다가구,2024
성북구,13400,길음동,12.0,20240608,월세,84.64,25000,76,2005.0,아파트,2024
성북구,11100,삼선동1가,,20240103,월세,59.74,12000,35,1997.0,단독다가구,2024
성북구,13300,정릉동,,20240103,월세,59.9,3000,60,1987.0,단독다가구,2024
성북구,13400,길음동,2.0,20241112,월세,59.99,6000,150,2003.0,아파트,2024
성북구,10100,성북동,,20240127,월세,33.87,10000,30,1992.0,단독다가구,2024
성북구,13400,길음동,17.0,20240312,월세,59.78,30000,110,2022.0,아파트,2024
성북구,13800,장위동,,20240106,월세,52.38,12000,7,1992.0,단독다가구,2024
성북구,13400,길음동,15.0,20240515,월세,134.99,90000,60,2010.0,아파트,2024
성북구,13700,상월곡동,,20240405,월세,39.66,1000,70,,단독다가구,2024
성북구,12700,보문동5가,,20240118,월세,25.0,500,43,1993.0,단독다가구,2024
성북구,13500,종암동,,20240617,월세,16.5,500,48,2017.0,단독다가구,2024
성북구,10900,동소문동6가,,20240127,월세,36.3,10000,25,1994.0,단독다가구,2024
성북구,13800,장위동,12.0,20240726,월세,14.714,8700,19,2019.0,아파트,2024
성북구,13900,석관동,,20240124,월세,26.8,500,45,,단독다가구,2024
성북구,10200,성북동1가,,20240124,월세,27.0,1000,65,,단독다가구,2024
성북구,13900,석관동,,20240408,월세,30.0,500,35,,단독다가구,2024
성북구,11500,삼선동5가,,20240106,월세,59.75,2000,65,,단독다가구,2024
성북구,13800,장위동,6.0,20240415,월세,14.714,8400,25,2019.0,아파트,2024
성북구,13500,종암동,3.0,20240620,월세,75.77,1500,105,1982.0,연립다세대,2024
성북구,13800,장위동,2.0,20241023,월세,84.94,11000,170,2020.0,아파트,2024
성북구,11100,삼선동1가,,20240121,월세,48.9,7000,40,1993.0,단독다가구,2024
성북구,13800,장위동,15.0,20241023,월세,84.94,10000,150,2020.0,아파트,2024
성북구,13800,장위동,,20240124,월세,30.0,3700,25,,단독다가구,2024
성북구,10300,돈암동,6.0,20240306,월세,41.58,1000,74,1991.0,아파트,2024
성북구,12600,보문동4가,,20240617,월세,17.0,4000,45,2018.0,단독다가구,2024
성북구,12600,보문동4가,,20240617,월세,17.0,3000,50,2018.0,단독다가구,2024
성북구,10100,성북동,,20240118,월세,29.68,4000,75,2020.0,단독다가구,2024
성북구,10100,성북동,3.0,20240226,월세,180.31,20000,85,2002.0,연립다세대,2024
성북구,13600,하월곡동,1.0,20240319,월세,39.98,1000,60,2001.0,연립다세대,2024
성북구,10300,돈암동,,20240426,월세,21.0,1000,40,1994.0,단독다가구,2024
성북구,13300,정릉동,4.0,20240430,월세,48.25,50,210,2020.0,연립다세대,2024
성북구,13300,정릉동,,20240127,월세,42.96,500,45,,단독다가구,2024
성북구,11800,동선동3가,,20240127,월세,43.58,10000,15,1997.0,단독다가구,2024
성북구,13800,장위동,3.0,20240309,월세,53.93,2000,65,2003.0,연립다세대,2024
성북구,10900,동소문동6가,13.0,20240201,월세,14.18,19000,9,2012.0,아파트,2024
성북구,10900,동소문동6가,,20240511,월세,19.0,4000,43,,단독다가구,2024
성북구,13900,석관동,,20240118,월세,32.06,1500,30,1993.0,단독다가구,2024
성북구,10300,돈암동,17.0,20240303,월세,80.54,10000,170,2003.0,아파트,2024
성북구,13700,상월곡동,,20240118,월세,33.0,1000,60,,단독다가구,2024
성북구,13300,정릉동,,20240118,월세,33.0,1000,70,1990.0,단독다가구,2024
성북구,13500,종암동,1.0,20241028,월세,40.87,6074,11,2011.0,아파트,2024
성북구,13900,석관동,,20240124,월세,33.68,2000,65,2020.0,단독다가구,2024
성북구,13900,석관동,3.0,20240328,월세,28.54,3000,80,2019.0,연립다세대,2024
성북구,11500,삼선동5가,,20240108,월세,33.0,12000,8,1993.0,단독다가구,2024
성북구,13600,하월곡동,,20240420,월세,40.0,1000,45,,단독다가구,2024
성북구,11400,삼선동4가,,20240420,월세,40.0,1000,70,1993.0,단독다가구,2024
성북구,11700,동선동2가,,20240617,월세,18.0,1000,50,2012.0,단독다가구,2024
성북구,13500,종암동,,20240127,월세,50.0,1000,65,,단독다가구,2024
성북구,13800,장위동,3.0,20240614,월세,31.11,500,32,1993.0,연립다세대,2024
성북구,13700,상월곡동,,20240121,월세,80.76,2000,85,1985.0,단독다가구,2024
성북구,13800,장위동,,20240505,월세,12.78,300,30,1997.0,단독다가구,2024
성북구,13300,정릉동,2.0,20240620,월세,33.73,0,70,2020.0,연립다세대,2024
성북구,13500,종암동,,20240118,월세,35.0,1000,35,1993.0,단독다가구,2024
성북구,13500,종암동,,20240405,월세,40.0,1000,55,,단독다가구,2024
성북구,13900,석관동,,20240127,월세,52.0,3000,75,,단독다가구,2024
성북구,13800,장위동,7.0,20240827,월세,68.89,26000,15,2003.0,연립다세대,2024
성북구,13700,상월곡동,13.0,20240223,월세,84.97,10000,125,2003.0,아파트,2024
성북구,13600,하월곡동,,20240514,월세,16.5,2050,10,,단독다가구,2024
성북구,13900,석관동,5.0,20240827,월세,12.38,1000,48,2010.0,연립다세대,2024
성북구,11800,동선동3가,,20240118,월세,36.3,2000,65,1997.0,단독다가구,2024
성북구,11100,삼선동1가,,20240127,월세,60.0,21000,30,1998.0,단독다가구,2024
성북구,12700,보문동5가,,20240330,월세,49.98,3000,60,,단독다가구,2024
성북구,13500,종암동,,20240511,월세,19.8,2000,70,1997.0,단독다가구,2024
성북구,12200,안암동2가,5.0,20240216,월세,15.51,1000,82,2018.0,연립다세대,2024
성북구,13300,정릉동,4.0,20240201,월세,27.46,12900,15,2017.0,연립다세대,2024
성북구,12700,보문동5가,,20240327,월세,49.98,3000,60,,단독다가구,2024
성북구,13800,장위동,,20240108,월세,39.52,13000,21,,단독다가구,2024
성북구,13100,보문동2가,,20240327,월세,50.0,5000,70,,단독다가구,2024
성북구,13600,하월곡동,,20240127,월세,83.74,16000,30,,단독다가구,2024
성북구,13300,정릉동,2.0,20241206,월세,43.11,3000,80,2001.0,아파트,2024
성북구,12000,동선동5가,3.0,20241106,월세,16.58,3000,35,2014.0,연립다세대,2024
성북구,12500,안암동5가,,20240511,월세,20.0,2000,80,2023.0,단독다가구,2024
성북구,13500,종암동,,20240118,월세,43.0,1000,40,,단독다가구,2024
성북구,13400,길음동,9.0,20241218,월세,84.049,10000,215,2007.0,아파트,2024
성북구,10100,성북동,,20240127,월세,193.18,6500,176,,단독다가구,2024
성북구,13100,보문동2가,3.0,20240216,월세,17.61,500,55,2012.0,연립다세대,2024
성북구,13600,하월곡동,,20240514,월세,17.12,13000,15,1984.0,단독다가구,2024
성북구,10100,성북동,,20240105,월세,56.41,1000,50,,단독다가구,2024
성북구,13400,길음동,29.0,20240229,월세,59.9,15000,175,2019.0,아파트,2024
성북구,13900,석관동,5.0,20240827,월세,54.03,6688,17,2023.0,연립다세대,2024
성북구,13400,길음동,8.0,20240229,월세,59.97,20000,140,2019.0,아파트,2024
성북구,13300,정릉동,,20240124,월세,50.0,2000,60,1991.0,단독다가구,2024
성북구,13400,길음동,13.0,20240226,월세,33.46,2529,7,2019.0,아파트,2024
성북구,10900,동소문동6가,16.0,20240810,월세,14.02,15000,20,2015.0,아파트,2024
성북구,13300,정릉동,4.0,20240325,월세,31.22,2131,13,2015.0,아파트,2024
성북구,13300,정릉동,4.0,20240325,월세,31.22,2636,9,2015.0,아파트,2024
성북구,13400,길음동,6.0,20241221,월세,59.99,20000,70,2003.0,아파트,2024
성북구,11900,동선동4가,3.0,20240509,월세,21.69,1000,61,2011.0,오피스텔,2024
성북구,11200,삼선동2가,,20240124,월세,51.06,1000,65,,단독다가구,2024
성북구,13300,정릉동,17.0,20240325,월세,32.76,1543,16,2005.0,아파트,2024
성북구,13300,정릉동,9.0,20240325,월세,32.76,1543,16,2005.0,아파트,2024
성북구,13400,길음동,2.0,20240306,월세,33.46,10084,37,2019.0,아파트,2024
성북구,13400,길음동,20.0,20240306,월세,33.46,12241,31,2019.0,아파트,2024
성북구,13300,정릉동,8.0,20240325,월세,32.76,1543,16,2005.0,아파트,2024
성북구,13300,정릉동,13.0,20240325,월세,32.76,1543,16,2005.0,아파트,2024
성북구,13300,정릉동,17.0,20240325,월세,32.76,617,18,2005.0,아파트,2024
성북구,13300,정릉동,14.0,20240325,월세,32.76,1543,16,2005.0,아파트,2024
성북구,13300,정릉동,9.0,20240325,월세,32.76,3230,6,2005.0,아파트,2024
성북구,13800,장위동,,20240105,월세,60.76,1000,80,2017.0,단독다가구,2024
성북구,13300,정릉동,,20240124,월세,52.9,13000,15,1988.0,단독다가구,2024
성북구,10100,성북동,,20240124,월세,55.43,500,70,1991.0,단독다가구,2024
성북구,13900,석관동,5.0,20240229,월세,39.01,9827,25,2019.0,아파트,2024
성북구,13300,정릉동,4.0,20240328,월세,32.76,1543,16,2005.0,아파트,2024
성북구,13300,정릉동,4.0,20240328,월세,32.76,617,18,2005.0,아파트,2024
성북구,13600,하월곡동,13.0,20240406,월세,84.992,10000,150,2003.0,아파트,2024
성북구,11900,동선동4가,7.0,20240213,월세,21.77,1000,70,2011.0,오피스텔,2024
성북구,13600,하월곡동,16.0,20240403,월세,59.855,20000,70,2003.0,아파트,2024
성북구,13600,하월곡동,12.0,20241112,월세,84.73,3500,160,2010.0,아파트,2024
성북구,12200,안암동2가,,20240402,월세,35.0,1000,50,,단독다가구,2024
성북구,13700,상월곡동,,20240105,월세,112.69,500,60,1984.0,단독다가구,2024
성북구,13600,하월곡동,4.0,20240223,월세,84.59,40000,70,2006.0,아파트,2024
성북구,13300,정릉동,4.0,20240524,월세,23.75,3000,80,2023.0,연립다세대,2024
성북구,13500,종암동,8.0,20240306,월세,59.99,5000,135,2004.0,아파트,2024
성북구,10300,돈암동,12.0,20240319,월세,39.147,3798,17,2016.0,아파트,2024
성북구,12300,안암동3가,7.0,20240608,월세,44.4,10500,10,1971.0,아파트,2024
성북구,12600,보문동4가,2.0,20240216,월세,23.1,12000,7,1972.0,오피스텔,2024
성북구,10200,성북동1가,,20241111,월세,40.55,1000,80,1993.0,단독다가구,2024
성북구,13000,보문동1가,6.0,20240509,월세,39.202,2979,15,2022.0,아파트,2024
성북구,13000,보문동1가,17.0,20240309,월세,59.79,20000,195,2022.0,아파트,2024
성북구,13000,보문동1가,10.0,20240309,월세,59.791,20000,150,2022.0,아파트,2024
성북구,10300,돈암동,2.0,20240509,월세,36.86,12000,50,2015.0,연립다세대,2024
성북구,13400,길음동,8.0,20240229,월세,84.98,20000,193,2022.0,아파트,2024
성북구,13400,길음동,2.0,20240226,월세,59.87,42000,50,2022.0,아파트,2024
성북구,13400,길음동,24.0,20240226,월세,59.87,20000,180,2022.0,아파트,2024
성북구,13900,석관동,2.0,20240503,월세,33.15,500,70,2003.0,오피스텔,2024
성북구,13900,석관동,5.0,20240503,월세,33.15,500,70,2003.0,오피스텔,2024
성북구,13400,길음동,7.0,20240223,월세,59.87,30000,101,2022.0,아파트,2024
성북구,13300,정릉동,,20240508,월세,15.0,1000,45,,단독다가구,2024
성북구,13800,장위동,3.0,20241130,월세,72.02,14500,30,2002.0,연립다세대,2024
성북구,12700,보문동5가,3.0,20240720,월세,35.13,6000,120,2022.0,연립다세대,2024
성북구,13300,정릉동,-1.0,20240801,월세,36.42,0,66,1990.0,연립다세대,2024
성북구,13800,장위동,1.0,20240611,월세,29.79,5000,75,2023.0,연립다세대,2024
성북구,13300,정릉동,4.0,20240325,월세,35.04,1000,80,2013.0,연립다세대,2024
성북구,13600,하월곡동,8.0,20240207,월세,15.62,500,60,2013.0,아파트,2024
성북구,13900,석관동,,20240330,월세,52.57,16000,15,,단독다가구,2024
성북구,13800,장위동,2.0,20240406,월세,29.37,3000,60,2020.0,연립다세대,2024
성북구,13900,석관동,4.0,20240624,월세,40.06,12000,5,2008.0,연립다세대,2024
성북구,10300,돈암동,8.0,20240705,월세,59.99,5000,153,2004.0,아파트,2024
성북구,10900,동소문동6가,,20240429,월세,33.0,3000,100,1995.0,단독다가구,2024
성북구,13300,정릉동,11.0,20240608,월세,43.11,3000,70,2001.0,아파트,2024
성북구,13600,하월곡동,19.0,20240815,월세,59.855,5000,106,2003.0,아파트,2024
성북구,13600,하월곡동,6.0,20240815,월세,84.647,30000,70,2003.0,아파트,2024
성북구,13300,정릉동,3.0,20240427,월세,40.16,1500,65,2002.0,연립다세대,2024
성북구,13500,종암동,7.0,20240614,월세,59.97,5000,170,2009.0,아파트,2024
성북구,13300,정릉동,3.0,20240309,월세,52.89,7000,60,1977.0,아파트,2024
성북구,13200,보문동3가,13.0,20240403,월세,59.663,11885,127,2013.0,아파트,2024
성북구,11200,삼선동2가,,20240508,월세,16.0,1000,55,2016.0,단독다가구,2024
성북구,11300,삼선동3가,1.0,20240219,월세,35.58,5620,1,2008.0,아파트,2024
성북구,10300,돈암동,10.0,20240626,월세,68.13,5000,140,1998.0,아파트,2024
성북구,13300,정릉동,1.0,20240309,월세,51.03,14350,17,2001.0,연립다세대,2024
성북구,10700,동소문동4가,,20240514,월세,20.0,500,50,1992.0,단독다가구,2024
성북구,13900,석관동,5.0,20240331,월세,59.79,30000,7,1994.0,아파트,2024
성북구,13800,장위동,2.0,20240614,월세,36.14,8787,24,2020.0,아파트,2024
성북구,12300,안암동3가,,20240617,월세,21.0,1000,47,2000.0,단독다가구,2024
성북구,13800,장위동,1.0,20241121,월세,55.5,13000,20,1999.0,연립다세대,2024
성북구,13300,정릉동,2.0,20240702,월세,15.264,1071,54,2023.0,연립다세대,2024
성북구,12600,보문동4가,7.0,20240312,월세,21.99,2000,55,2013.0,연립다세대,2024
성북구,11900,동선동4가,7.0,20240620,월세,20.44,3000,62,2012.0,오피스텔,2024
성북구,10300,돈암동,11.0,20241130,월세,59.4,20000,80,1999.0,아파트,2024
성북구,12500,안암동5가,,20240429,월세,15.0,1000,50,1957.0,단독다가구,2024
성북구,13800,장위동,6.0,20240614,월세,39.9,13079,34,2021.0,아파트,2024
성북구,13800,장위동,5.0,20240512,월세,28.98,5000,65,2019.0,연립다세대,2024
성북구,13900,석관동,9.0,20240319,월세,30.01,3686,14,2009.0,아파트,2024
성북구,11700,동선동2가,,20240304,월세,28.0,1000,65,,단독다가구,2024
성북구,13800,장위동,4.0,20240608,월세,26.85,3000,75,2021.0,연립다세대,2024
성북구,13900,석관동,10.0,20240319,월세,39.01,8595,31,2019.0,아파트,2024
성북구,10900,동소문동6가,3.0,20240611,월세,29.98,20000,13,2011.0,연립다세대,2024
성북구,12300,안암동3가,,20240322,월세,16.89,500,47,,단독다가구,2024
성북구,13800,장위동,7.0,20241221,월세,59.1,41000,30,2022.0,아파트,2024
성북구,13800,장위동,8.0,20240319,월세,36.14,8787,24,2020.0,아파트,2024
성북구,13800,장위동,15.0,20240319,월세,36.14,8787,24,2020.0,아파트,2024
성북구,13800,장위동,18.0,20240319,월세,36.14,8787,24,2020.0,아파트,2024
성북구,13800,장위동,3.0,20240319,월세,36.14,8787,24,2020.0,아파트,2024
성북구,13800,장위동,7.0,20240319,월세,36.14,8787,24,2020.0,아파트,2024
성북구,13800,장위동,24.0,20240319,월세,36.14,15427,42,2020.0,아파트,2024
성북구,13800,장위동,20.0,20240319,월세,36.14,8841,23,2020.0,아파트,2024
성북구,13800,장위동,7.0,20240319,월세,36.14,8115,27,2020.0,아파트,2024
성북구,13800,장위동,16.0,20240319,월세,36.14,8165,31,2020.0,아파트,2024
성북구,13800,장위동,1.0,20240319,월세,46.35,12391,33,2020.0,아파트,2024
성북구,13800,장위동,19.0,20240319,월세,46.35,12391,33,2020.0,아파트,2024
성북구,13800,장위동,2.0,20240319,월세,46.35,12391,33,2020.0,아파트,2024
성북구,13900,석관동,,20240502,월세,22.0,300,35,1991.0,단독다가구,2024
성북구,13400,길음동,14.0,20240129,월세,114.88,20000,220,2005.0,아파트,2024
성북구,13400,길음동,4.0,20240129,월세,84.05,4000,210,2007.0,아파트,2024
성북구,13400,길음동,5.0,20240129,월세,84.82,53500,24,2010.0,아파트,2024
성북구,10200,성북동1가,2.0,20240712,월세,50.7,1000,70,2002.0,연립다세대,2024
성북구,13800,장위동,5.0,20240727,월세,59.1,10000,166,2022.0,아파트,2024
성북구,13600,하월곡동,,20240613,월세,30.0,1000,50,1994.0,단독다가구,2024
성북구,10400,동소문동1가,,20240322,월세,19.8,1000,55,,단독다가구,2024
성북구,12700,보문동5가,8.0,20240201,월세,32.57,3000,135,2022.0,오피스텔,2024
성북구,13900,석관동,,20240517,월세,24.0,200,20,1992.0,단독다가구,2024
성북구,11200,삼선동2가,9.0,20240312,월세,84.88,15000,150,2008.0,아파트,2024
성북구,13600,하월곡동,,20240420,월세,47.0,500,40,1992.0,단독다가구,2024
성북구,13500,종암동,,20240417,월세,41.62,2000,50,1991.0,단독다가구,2024
성북구,13600,하월곡동,,20240716,월세,55.0,7000,40,2003.0,단독다가구,2024
성북구,13600,하월곡동,,20240502,월세,23.1,3000,60,,단독다가구,2024
성북구,13800,장위동,4.0,20240705,월세,49.33,1881,25,2006.0,아파트,2024
성북구,13300,정릉동,,20240919,월세,65.09,3000,60,1994.0,단독다가구,2024
성북구,13800,장위동,13.0,20240216,월세,18.03,1000,60,2019.0,오피스텔,2024
성북구,13800,장위동,4.0,20240216,월세,15.21,1000,60,2019.0,아파트,2024
성북구,13400,길음동,6.0,20240319,월세,38.02,4394,6,2022.0,아파트,2024
성북구,13400,길음동,2.0,20240319,월세,43.63,1404,21,2022.0,아파트,2024
성북구,10300,돈암동,13.0,20240608,월세,68.76,8000,110,1991.0,아파트,2024
성북구,12100,안암동1가,,20241116,월세,30.0,500,37,1993.0,단독다가구,2024
성북구,13700,상월곡동,,20241116,월세,30.0,300,50,1990.0,단독다가구,2024
성북구,13800,장위동,7.0,20240315,월세,18.03,1000,52,2019.0,오피스텔,2024
성북구,12700,보문동5가,4.0,20240406,월세,50.55,26000,50,2016.0,연립다세대,2024
성북구,13300,정릉동,,20240322,월세,21.71,976,13,,단독다가구,2024
성북구,10700,동소문동4가,3.0,20240312,월세,63.21,1000,50,2001.0,연립다세대,2024
성북구,11100,삼선동1가,,20240426,월세,29.0,1000,50,,단독다가구,2024
성북구,10800,동소문동5가,13.0,20240315,월세,15.942,3000,92,2018.0,아파트,2024
성북구,13000,보문동1가,,20240514,월세,23.1,4000,20,1994.0,단독다가구,2024
성북구,11500,삼선동5가,4.0,20240406,월세,39.27,1000,51,2002.0,연립다세대,2024
성북구,13500,종암동,,20240620,월세,15.0,200,48,2010.0,단독다가구,2024
성북구,11400,삼선동4가,,20240620,월세,15.0,300,30,1995.0,단독다가구,2024
성북구,13800,장위동,2.0,20240705,월세,29.96,5000,80,2022.0,연립다세대,2024
성북구,12800,보문동6가,,20240511,월세,27.0,500,35,,단독다가구,2024
성북구,12500,안암동5가,,20240517,월세,26.0,1000,66,2021.0,단독다가구,2024
성북구,13800,장위동,14.0,20240309,월세,15.21,1000,60,2019.0,아파트,2024
성북구,13300,정릉동,6.0,20240801,월세,29.93,5000,120,2022.0,연립다세대,2024
성북구,13800,장위동,8.0,20240219,월세,15.21,1000,60,2019.0,아파트,2024
성북구,11600,동선동1가,7.0,20240216,월세,14.08,3000,55,2014.0,연립다세대,2024
성북구,10100,성북동,3.0,20240328,월세,45.81,10000,45,1993.0,연립다세대,2024
성북구,13600,하월곡동,17.0,20240430,월세,15.62,500,64,2013.0,아파트,2024
성북구,13800,장위동,,20240511,월세,28.0,500,33,1993.0,단독다가구,2024
성북구,13300,정릉동,3.0,20240325,월세,44.77,22400,10,2020.0,연립다세대,2024
성북구,13300,정릉동,3.0,20240723,월세,13.95,1000,30,2008.0,연립다세대,2024
성북구,13400,길음동,10.0,20241226,월세,59.75,16000,120,2006.0,아파트,2024
성북구,13300,정릉동,,20240620,월세,16.0,500,45,2018.0,단독다가구,2024
성북구,13900,석관동,,20240517,월세,26.92,5000,20,,단독다가구,2024
성북구,12700,보문동5가,3.0,20240723,월세,20.13,9900,15,2008.0,연립다세대,2024
성북구,13800,장위동,,20240420,월세,49.47,2000,40,,단독다가구,2024
성북구,13800,장위동,,20240420,월세,49.48,1000,50,1996.0,단독다가구,2024
성북구,13900,석관동,6.0,20240521,월세,26.44,3000,100,2021.0,연립다세대,2024
성북구,11700,동선동2가,,20240411,월세,40.81,12000,35,,단독다가구,2024
성북구,11700,동선동2가,,20240322,월세,30.0,5000,22,,단독다가구,2024
성북구,13500,종암동,2.0,20240927,월세,57.27,10000,60,2002.0,연립다세대,2024
성북구,11700,동선동2가,,20240426,월세,30.0,4500,5,1994.0,단독다가구,2024
성북구,11800,동선동3가,4.0,20240204,월세,40.78,10000,65,2001.0,연립다세대,2024
성북구,13000,보문동1가,4.0,20240930,월세,39.202,11432,41,2022.0,아파트,2024
성북구,11200,삼선동2가,,20240905,월세,16.5,5000,30,1998.0,단독다가구,2024
성북구,13600,하월곡동,,20240304,월세,29.75,200,30,,단독다가구,2024
성북구,13000,보문동1가,,20240301,월세,57.69,3000,80,,단독다가구,2024
성북구,13600,하월곡동,,20240617,월세,30.0,300,45,1994.0,단독다가구,2024
성북구,10100,성북동,,20240304,월세,30.0,1500,40,,단독다가구,2024
성북구,11100,삼선동1가,,20240304,월세,30.0,1000,40,,단독다가구,2024
성북구,13900,석관동,,20240304,월세,30.0,500,35,,단독다가구,2024
성북구,13600,하월곡동,,20240304,월세,30.0,200,35,,단독다가구,2024
성북구,11900,동선동4가,,20240620,월세,16.51,1000,50,2010.0,단독다가구,2024
성북구,13400,길음동,16.0,20240611,월세,59.99,20000,160,2019.0,아파트,2024
성북구,12100,안암동1가,,20240511,월세,30.0,2000,75,,단독다가구,2024
성북구,12100,안암동1가,,20240316,월세,29.7,2000,85,,단독다가구,2024
성북구,10900,동소문동6가,5.0,20240216,월세,18.3,1000,80,2015.0,오피스텔,2024
성북구,13300,정릉동,2.0,20240226,월세,63.58,500,42,2010.0,연립다세대,2024
성북구,12800,보문동6가,4.0,20240303,월세,45.81,5000,155,2017.0,아파트,2024
성북구,12000,동선동5가,,20240319,월세,40.0,3000,30,,단독다가구,2024
성북구,13800,장위동,,20240221,월세,46.0,2000,30,,단독다가구,2024
성북구,11800,동선동3가,,20240508,월세,20.0,300,35,1994.0,단독다가구,2024
성북구,13900,석관동,10.0,20240403,월세,112.23,12000,130,1999.0,아파트,2024
성북구,12100,안암동1가,,20240307,월세,36.3,500,43,,단독다가구,2024
성북구,10900,동소문동6가,2.0,20240213,월세,18.44,1000,80,2015.0,오피스텔,2024
성북구,13300,정릉동,,20240322,월세,35.0,15000,20,,단독다가구,2024
성북구,10700,동소문동4가,,20240414,월세,50.0,5000,80,,단독다가구,2024
성북구,13300,정릉동,-1.0,20240219,월세,13.44,1000,30,2008.0,연립다세대,2024
성북구,13600,하월곡동,,20240716,월세,58.76,3000,55,1994.0,단독다가구,2024
성북구,13100,보문동2가,,20240221,월세,48.21,2000,68,,단독다가구,2024
성북구,13400,길음동,15.0,20240527,월세,84.96,33000,44,2006.0,아파트,2024
성북구,11300,삼선동3가,11.0,20240223,월세,35.58,2112,21,2008.0,아파트,2024
성북구,13800,장위동,7.0,20240611,월세,101.72,53500,60,2020.0,아파트,2024
성북구,11500,삼선동5가,,20240429,월세,19.0,1000,40,2010.0,단독다가구,2024
성북구,13000,보문동1가,,20240310,월세,26.0,500,50,,단독다가구,2024
성북구,13300,정릉동,3.0,20240306,월세,54.75,6000,35,1990.0,연립다세대,2024
성북구,13600,하월곡동,3.0,20240527,월세,59.65,5000,160,2010.0,아파트,2024
성북구,13700,상월곡동,6.0,20240309,월세,28.3,4000,53,2019.0,연립다세대,2024
성북구,11100,삼선동1가,,20240322,월세,40.0,1000,50,,단독다가구,2024
성북구,10900,동소문동6가,17.0,20240309,월세,14.01,15000,10,2015.0,아파트,2024
성북구,13400,길음동,38.0,20240608,월세,59.9,35000,100,2019.0,아파트,2024
성북구,11300,삼선동3가,2.0,20240924,월세,35.58,2112,21,2008.0,아파트,2024
성북구,11300,삼선동3가,8.0,20240924,월세,35.58,2112,21,2008.0,아파트,2024
성북구,10300,돈암동,12.0,20240911,월세,114.93,40000,70,1998.0,아파트,2024
성북구,11300,삼선동3가,8.0,20240924,월세,35.58,3286,14,2008.0,아파트,2024
성북구,10100,성북동,3.0,20240226,월세,63.63,5000,500,1994.0,연립다세대,2024
성북구,13300,정릉동,9.0,20240521,월세,114.76,10000,160,1999.0,아파트,2024
성북구,13400,길음동,13.0,20240521,월세,68.14,5000,80,1988.0,아파트,2024
성북구,13800,장위동,,20240420,월세,54.15,2000,45,1967.0,단독다가구,2024
성북구,13300,정릉동,1.0,20240412,월세,42.68,4000,50,1995.0,연립다세대,2024
성북구,13400,길음동,,20240417,월세,46.92,1000,25,1993.0,단독다가구,2024
성북구,13600,하월곡동,17.0,20240226,월세,15.62,1000,65,2013.0,아파트,2024
성북구,12300,안암동3가,,20240420,월세,54.55,2000,75,,단독다가구,2024
성북구,13300,정릉동,3.0,20240201,월세,42.85,1000,80,2000.0,연립다세대,2024
성북구,13400,길음동,,20240420,월세,55.0,5000,50,1997.0,단독다가구,2024
성북구,13300,정릉동,6.0,20240412,월세,59.26,21000,25,1999.0,아파트,2024
성북구,13900,석관동,8.0,20241031,월세,59.98,15000,129,2019.0,아파트,2024
성북구,13600,하월곡동,6.0,20240303,월세,15.62,1000,60,2013.0,아파트,2024
성북구,12000,동선동5가,,20240517,월세,33.0,1000,60,1994.0,단독다가구,2024
성북구,12800,보문동6가,,20240429,월세,20.0,1000,30,1993.0,단독다가구,2024
성북구,13900,석관동,5.0,20240309,월세,59.69,5000,100,2011.0,아파트,2024
성북구,13600,하월곡동,,20240301,월세,70.0,10000,60,,단독다가구,2024
성북구,13300,정릉동,,20240322,월세,44.79,4000,60,,단독다가구,2024
성북구,12100,안암동1가,2.0,20240720,월세,59.698,5000,135,2005.0,아파트,2024
성북구,13300,정릉동,4.0,20240708,월세,14.974,1050,53,2023.0,연립다세대,2024
성북구,13800,장위동,,20240620,월세,20.0,500,45,2019.0,단독다가구,2024
성북구,13600,하월곡동,,20240426,월세,32.18,4000,30,1992.0,단독다가구,2024
성북구,13600,하월곡동,,20240322,월세,48.84,3000,40,,단독다가구,2024
성북구,13300,정릉동,1.0,20240201,월세,15.89,1100,55,2023.0,연립다세대,2024
성북구,13900,석관동,2.0,20240207,월세,28.1,3500,63,2013.0,연립다세대,2024
성북구,13300,정릉동,7.0,20241215,월세,59.98,15000,60,2001.0,아파트,2024
성북구,10300,돈암동,8.0,20240821,월세,59.99,30000,60,2004.0,아파트,2024
성북구,13300,정릉동,8.0,20241224,월세,59.59,3000,140,1999.0,아파트,2024
성북구,13500,종암동,15.0,20241031,월세,40.87,3971,23,2011.0,아파트,2024
성북구,13500,종암동,4.0,20241118,월세,84.99,32000,150,2011.0,아파트,2024
성북구,13800,장위동,3.0,20240623,월세,35.58,10000,10,1993.0,연립다세대,2024
성북구,13900,석관동,,20240411,월세,45.0,2000,80,,단독다가구,2024
성북구,11800,동선동3가,3.0,20240213,월세,16.82,1000,55,2015.0,연립다세대,2024
성북구,13500,종암동,,20240617,월세,36.18,1000,70,2002.0,단독다가구,2024
성북구,11400,삼선동4가,,20240617,월세,36.3,5000,90,1994.0,단독다가구,2024
성북구,12100,안암동1가,12.0,20240219,월세,59.7,5000,130,2005.0,아파트,2024
성북구,13900,석관동,3.0,20240521,월세,26.24,18000,15,2022.0,연립다세대,2024
성북구,13500,종암동,2.0,20241031,월세,84.95,28000,80,2004.0,아파트,2024
성북구,13600,하월곡동,,20240514,월세,32.06,2500,40,,단독다가구,2024
성북구,12800,보문동6가,14.0,20240309,월세,84.9,15000,120,1994.0,아파트,2024
성북구,12300,안암동3가,-1.0,20240201,월세,62.96,10000,40,1997.0,연립다세대,2024
성북구,11500,삼선동5가,6.0,20241214,월세,21.67,7000,53,2014.0,오피스텔,2024
성북구,13900,석관동,2.0,20240521,월세,34.44,1000,40,1997.0,연립다세대,2024
성북구,11100,삼선동1가,,20240629,월세,12.96,500,40,1973.0,단독다가구,2024
성북구,13300,정릉동,,20240606,월세,147.9,250,45,1994.0,단독다가구,2024
성북구,13600,하월곡동,7.0,20240727,월세,59.65,20000,90,2010.0,아파트,2024
성북구,13300,정릉동,,20240325,월세,15.0,300,30,,단독다가구,2024
성북구,13600,하월곡동,,20240325,월세,15.0,200,45,,단독다가구,2024
성북구,10400,동소문동1가,4.0,20240308,월세,26.0,10000,43,1998.0,연립다세대,2024
성북구,13800,장위동,,20240502,월세,30.1,500,40,1994.0,단독다가구,2024
성북구,13600,하월곡동,,20240322,월세,64.3,2000,75,,단독다가구,2024
성북구,13800,장위동,7.0,20240223,월세,14.71,1000,60,2019.0,아파트,2024
성북구,13800,장위동,3.0,20240204,월세,25.2,1000,50,2002.0,연립다세대,2024
성북구,13900,석관동,,20240629,월세,15.0,500,40,2012.0,단독다가구,2024
성북구,13600,하월곡동,,20240408,월세,36.36,3000,100,,단독다가구,2024
성북구,13400,길음동,14.0,20240524,월세,84.97,35000,70,2005.0,아파트,2024
성북구,13800,장위동,5.0,20240821,월세,56.7,1020,34,2019.0,연립다세대,2024
성북구,12900,보문동7가,6.0,20240705,월세,21.07,19200,25,2022.0,연립다세대,2024
성북구,11000,동소문동7가,3.0,20240717,월세,54.91,32000,35,2020.0,연립다세대,2024
성북구,13800,장위동,,20240322,월세,71.93,10000,50,,단독다가구,2024
성북구,13600,하월곡동,6.0,20240223,월세,106.28,25000,110,2007.0,아파트,2024
성북구,12700,보문동5가,5.0,20240201,월세,47.73,27000,20,2016.0,연립다세대,2024
성북구,13300,정릉동,2.0,20241012,월세,44.0,10800,15,1992.0,연립다세대,2024
성북구,13600,하월곡동,2.0,20240827,월세,84.843,10000,117,2003.0,아파트,2024
성북구,10300,돈암동,10.0,20240207,월세,59.99,5000,150,2004.0,아파트,2024
성북구,10200,성북동1가,,20240905,월세,20.0,1000,40,,단독다가구,2024
성북구,13300,정릉동,4.0,20240207,월세,17.1,1140,75,2023.0,연립다세대,2024
성북구,13300,정릉동,1.0,20240207,월세,20.51,1360,68,2023.0,연립다세대,2024
성북구,13600,하월곡동,6.0,20240229,월세,84.14,34900,39,2007.0,아파트,2024
성북구,13600,하월곡동,8.0,20240229,월세,84.69,20000,130,2007.0,아파트,2024
성북구,12500,안암동5가,,20240629,월세,16.0,500,51,1998.0,단독다가구,2024
성북구,11100,삼선동1가,,20240225,월세,58.3,7500,46,,단독다가구,2024
성북구,13300,정릉동,,20240322,월세,145.08,500,40,,단독다가구,2024
성북구,13600,하월곡동,9.0,20240216,월세,73.1,32000,50,2007.0,아파트,2024
성북구,13100,보문동2가,,20240408,월세,36.96,1000,50,,단독다가구,2024
성북구,12800,보문동6가,5.0,20240911,월세,29.96,11705,30,2017.0,아파트,2024
성북구,13700,상월곡동,,20240429,월세,21.8,1000,55,,단독다가구,2024
성북구,13100,보문동2가,1.0,20240714,월세,65.73,8000,36,2002.0,연립다세대,2024
성북구,13000,보문동1가,5.0,20240323,월세,30.02,1000,80,2013.0,연립다세대,2024
성북구,11700,동선동2가,,20240629,월세,16.5,1000,55,2008.0,단독다가구,2024
성북구,13900,석관동,5.0,20240507,월세,18.71,11000,15,2010.0,연립다세대,2024
성북구,13600,하월곡동,19.0,20240319,월세,15.55,500,70,2013.0,아파트,2024
성북구,13700,상월곡동,,20240601,월세,19.8,1000,50,2013.0,단독다가구,2024
성북구,10900,동소문동6가,,20240617,월세,42.0,10000,50,2002.0,단독다가구,2024
성북구,12900,보문동7가,4.0,20241012,월세,45.8,28000,20,2019.0,오피스텔,2024
성북구,13600,하월곡동,20.0,20240213,월세,84.65,10000,145,2003.0,아파트,2024
성북구,13800,장위동,-1.0,20240729,월세,48.3,11000,17,1993.0,연립다세대,2024
성북구,12500,안암동5가,1.0,20240323,월세,22.72,500,75,2017.0,아파트,2024
성북구,13600,하월곡동,,20240629,월세,17.0,1000,50,2020.0,단독다가구,2024
성북구,12600,보문동4가,,20240517,월세,39.6,1000,47,1993.0,단독다가구,2024
성북구,13800,장위동,6.0,20240323,월세,34.89,5000,64,2020.0,연립다세대,2024
성북구,12500,안암동5가,5.0,20240810,월세,19.34,3000,60,2013.0,연립다세대,2024
성북구,12500,안암동5가,2.0,20240201,월세,14.16,1000,40,2011.0,연립다세대,2024
성북구,11100,삼선동1가,1.0,20240323,월세,47.1,12000,35,1996.0,연립다세대,2024
성북구,13500,종암동,2.0,20240918,월세,20.14,100,50,2005.0,연립다세대,2024
성북구,13600,하월곡동,,20240501,월세,53.56,3000,65,,단독다가구,2024
성북구,13500,종암동,2.0,20240614,월세,30.29,946,27,2023.0,연립다세대,2024
성북구,13500,종암동,2.0,20240614,월세,30.29,2367,24,2023.0,연립다세대,2024
성북구,13500,종암동,4.0,20240614,월세,36.06,2880,30,2023.0,연립다세대,2024
성북구,10300,돈암동,15.0,20240216,월세,117.16,10000,195,2005.0,아파트,2024
성북구,12100,안암동1가,,20240629,월세,18.0,1000,30,2001.0,단독다가구,2024
성북구,11900,동선동4가,,20240629,월세,18.0,1000,58,2012.0,단독다가구,2024
성북구,13400,길음동,6.0,20241115,월세,59.99,35000,25,2005.0,아파트,2024
성북구,13900,석관동,2.0,20240524,월세,42.6,300,20,1996.0,연립다세대,2024
성북구,13500,종암동,,20240517,월세,40.0,1000,50,1994.0,단독다가구,2024
성북구,12700,보문동5가,3.0,20240223,월세,27.42,3000,120,2022.0,연립다세대,2024
성북구,13600,하월곡동,9.0,20240813,월세,59.855,20000,80,2003.0,아파트,2024
성북구,13300,정릉동,1.0,20240129,월세,59.7,2000,80,1990.0,연립다세대,2024
성북구,13600,하월곡동,11.0,20240813,월세,84.647,20000,100,2003.0,아파트,2024
성북구,12400,안암동4가,,20240207,월세,20.0,500,50,,단독다가구,2024
성북구,13500,종암동,,20240623,월세,13.0,100,38,,단독다가구,2024
성북구,13300,정릉동,2.0,20240821,월세,59.63,35000,40,2015.0,아파트,2024
성북구,13900,석관동,3.0,20240315,월세,28.05,1000,60,2013.0,연립다세대,2024
성북구,10500,동소문동2가,,20240901,월세,38.71,13000,25,2003.0,단독다가구,2024
성북구,13200,보문동3가,3.0,20240413,월세,27.8,8000,35,1997.0,연립다세대,2024
성북구,12200,안암동2가,3.0,20240518,월세,14.67,1000,66,2018.0,연립다세대,2024
성북구,11500,삼선동5가,,20240514,월세,37.92,5000,70,1995.0,단독다가구,2024
성북구,13300,정릉동,3.0,20240219,월세,15.26,1020,51,2023.0,연립다세대,2024
성북구,13300,정릉동,1.0,20240219,월세,16.08,1070,69,2023.0,연립다세대,2024
성북구,13300,정릉동,1.0,20240219,월세,17.1,1140,68,2023.0,연립다세대,2024
성북구,12900,보문동7가,,20241111,월세,42.39,2000,55,1991.0,단독다가구,2024
성북구,12000,동선동5가,1.0,20240329,월세,29.89,3000,130,2021.0,연립다세대,2024
성북구,11200,삼선동2가,7.0,20240908,월세,84.71,7000,170,2009.0,아파트,2024
성북구,13600,하월곡동,3.0,20240401,월세,18.03,1000,60,2013.0,연립다세대,2024
성북구,11100,삼선동1가,,20240617,월세,49.88,2000,60,1993.0,단독다가구,2024
성북구,11000,동소문동7가,,20240225,월세,65.07,2000,50,,단독다가구,2024
성북구,13300,정릉동,5.0,20240213,월세,84.56,50000,10,2015.0,아파트,2024
성북구,13500,종암동,,20240629,월세,19.0,3000,45,2018.0,단독다가구,2024
성북구,13300,정릉동,1.0,20240213,월세,26.39,7752,27,2020.0,연립다세대,2024
성북구,10100,성북동,2.0,20240801,월세,71.28,90,53,1984.0,연립다세대,2024
성북구,13400,길음동,5.0,20241115,월세,42.05,3499,22,2024.0,아파트,2024
성북구,13600,하월곡동,2.0,20240223,월세,74.6,2000,165,2022.0,오피스텔,2024
성북구,10900,동소문동6가,14.0,20240226,월세,14.02,1000,77,2015.0,아파트,2024
성북구,13800,장위동,8.0,20240410,월세,38.165,1500,80,2020.0,아파트,2024
성북구,13800,장위동,8.0,20240419,월세,39.709,19300,33,2020.0,아파트,2024
성북구,13300,정릉동,,20240620,월세,30.0,500,43,2000.0,단독다가구,2024
성북구,13300,정릉동,,20240620,월세,30.0,650,40,1985.0,단독다가구,2024
성북구,13800,장위동,,20240620,월세,30.0,500,33,1993.0,단독다가구,2024
성북구,13300,정릉동,4.0,20240323,월세,39.27,3000,65,2004.0,연립다세대,2024
성북구,13300,정릉동,4.0,20240827,월세,19.182,1280,79,2023.0,연립다세대,2024
성북구,12400,안암동4가,4.0,20240419,월세,15.69,4000,46,2011.0,연립다세대,2024
성북구,12900,보문동7가,2.0,20240207,월세,26.55,21500,30,2022.0,연립다세대,2024
성북구,13800,장위동,9.0,20240219,월세,39.34,1395,21,2006.0,아파트,2024
성북구,13700,상월곡동,15.0,20240605,월세,114.66,5000,192,2003.0,아파트,2024
성북구,13700,상월곡동,,20240204,월세,13.4,500,35,2007.0,단독다가구,2024
성북구,13800,장위동,,20240617,월세,53.86,1000,80,1998.0,단독다가구,2024
성북구,12700,보문동5가,,20240905,월세,23.0,1000,80,2014.0,단독다가구,2024
성북구,13300,정릉동,13.0,20240219,월세,85.0,6500,130,2006.0,아파트,2024
성북구,13900,석관동,,20240514,월세,40.0,1000,50,1994.0,단독다가구,2024
성북구,13600,하월곡동,,20240204,월세,15.0,300,42,,단독다가구,2024
성북구,10300,돈암동,20.0,20240201,월세,59.58,3000,100,1998.0,아파트,2024
성북구,10300,돈암동,9.0,20240201,월세,84.87,10000,160,1998.0,아파트,2024
성북구,12500,안암동5가,,20240629,월세,19.83,1000,65,2016.0,단독다가구,2024
성북구,13300,정릉동,3.0,20240219,월세,32.76,3151,7,2005.0,아파트,2024
성북구,13300,정릉동,-1.0,20240219,월세,41.01,1000,42,1986.0,연립다세대,2024
성북구,11800,동선동3가,,20240629,월세,20.0,1000,50,2011.0,단독다가구,2024
성북구,13900,석관동,3.0,20240223,월세,25.88,17000,20,2018.0,연립다세대,2024
성북구,13400,길음동,9.0,20241203,월세,33.46,1711,11,2019.0,아파트,2024
성북구,13400,길음동,3.0,20241031,월세,84.769,1000,70,2022.0,아파트,2024
성북구,13800,장위동,4.0,20240223,월세,24.38,3000,75,2021.0,연립다세대,2024
성북구,13800,장위동,4.0,20240223,월세,24.38,3000,73,2021.0,연립다세대,2024
성북구,13300,정릉동,2.0,20240213,월세,84.98,6000,140,2004.0,아파트,2024
성북구,10300,돈암동,5.0,20241015,월세,59.79,15000,70,1998.0,아파트,2024
성북구,13600,하월곡동,,20240623,월세,18.0,500,45,,단독다가구,2024
성북구,13600,하월곡동,3.0,20240509,월세,49.7,5000,50,2017.0,연립다세대,2024
성북구,13800,장위동,,20240617,월세,58.16,800,45,1994.0,단독다가구,2024
성북구,13300,정릉동,2.0,20240509,월세,63.79,13000,30,2002.0,연립다세대,2024
성북구,11600,동선동1가,,20240204,월세,18.0,5000,31,,단독다가구,2024
성북구,13500,종암동,,20240204,월세,18.0,3000,35,,단독다가구,2024
성북구,13600,하월곡동,11.0,20240319,월세,101.97,10000,200,2007.0,아파트,2024
성북구,13600,하월곡동,11.0,20240315,월세,59.855,3000,120,2003.0,아파트,2024
성북구,13500,종암동,1.0,20240521,월세,31.54,1000,55,1994.0,연립다세대,2024
성북구,13300,정릉동,5.0,20240309,월세,52.67,7000,75,2016.0,연립다세대,2024
성북구,13000,보문동1가,16.0,20240614,월세,39.202,12520,33,2022.0,아파트,2024
성북구,13900,석관동,,20240620,월세,32.9,5000,10,1990.0,단독다가구,2024
성북구,12500,안암동5가,,20240204,월세,19.0,3000,60,2018.0,단독다가구,2024
성북구,13600,하월곡동,14.0,20241003,월세,15.54,1000,70,2013.0,아파트,2024
성북구,12900,보문동7가,,20240905,월세,23.64,500,38,,단독다가구,2024
성북구,12900,보문동7가,,20240905,월세,23.64,1000,55,2023.0,단독다가구,2024
성북구,12800,보문동6가,,20240617,월세,63.44,2000,65,1982.0,단독다가구,2024
성북구,13700,상월곡동,,20240204,월세,20.0,1000,55,,단독다가구,2024
성북구,12500,안암동5가,,20240905,월세,24.0,7000,30,2002.0,단독다가구,2024
성북구,13900,석관동,,20240617,월세,66.45,3000,80,1993.0,단독다가구,2024
성북구,10900,동소문동6가,1.0,20240213,월세,47.37,4000,125,1995.0,연립다세대,2024
성북구,13800,장위동,,20240617,월세,67.22,8000,50,1997.0,단독다가구,2024
성북구,13700,상월곡동,,20240511,월세,45.84,13000,10,1989.0,단독다가구,2024
성북구,13300,정릉동,2.0,20240830,월세,38.95,9000,63,2016.0,연립다세대,2024
성북구,11100,삼선동1가,,20240514,월세,42.93,1000,65,1992.0,단독다가구,2024
성북구,13300,정릉동,,20240517,월세,48.98,2000,30,1993.0,단독다가구,2024
성북구,12500,안암동5가,,20240629,월세,21.0,500,65,1997.0,단독다가구,2024
성북구,11600,동선동1가,8.0,20240129,월세,14.08,3000,55,2014.0,연립다세대,2024
성북구,13600,하월곡동,3.0,20240801,월세,59.855,35000,40,2003.0,아파트,2024
성북구,13800,장위동,,20240316,월세,33.05,500,35,,단독다가구,2024
성북구,13800,장위동,,20240225,월세,79.19,500,55,,단독다가구,2024
성북구,13400,길음동,38.0,20240527,월세,84.66,10000,250,2019.0,아파트,2024
성북구,11100,삼선동1가,,20240626,월세,26.0,500,30,1992.0,단독다가구,2024
성북구,13300,정릉동,,20240221,월세,79.94,4000,110,,단독다가구,2024
성북구,13800,장위동,8.0,20240530,월세,36.14,8715,24,2020.0,아파트,2024
성북구,11100,삼선동1가,,20240201,월세,15.0,500,40,,단독다가구,2024
성북구,13600,하월곡동,,20240204,월세,30.0,1000,70,,단독다가구,2024
성북구,10900,동소문동6가,11.0,20241018,월세,14.18,19000,9,2012.0,아파트,2024
성북구,13900,석관동,6.0,20240219,월세,59.94,5000,100,1999.0,아파트,2024
성북구,13600,하월곡동,10.0,20240216,월세,97.44,5000,180,2010.0,오피스텔,2024
성북구,13500,종암동,,20240511,월세,49.44,1000,45,1997.0,단독다가구,2024
성북구,12200,안암동2가,,20240629,월세,23.65,1000,75,2024.0,단독다가구,2024
성북구,13500,종암동,,20240514,월세,46.18,13000,20,,단독다가구,2024
성북구,12800,보문동6가,,20240620,월세,37.0,2000,80,2020.0,단독다가구,2024
성북구,13500,종암동,,20240629,월세,24.0,2000,55,2018.0,단독다가구,2024
성북구,13800,장위동,,20240620,월세,37.18,300,45,1995.0,단독다가구,2024
성북구,13300,정릉동,3.0,20240827,월세,84.97,32000,70,2008.0,아파트,2024
성북구,13500,종암동,7.0,20240605,월세,59.98,44000,40,2011.0,아파트,2024
성북구,13700,상월곡동,,20240201,월세,18.0,3000,25,,단독다가구,2024
성북구,13300,정릉동,,20240201,월세,18.0,500,50,2011.0,단독다가구,2024
성북구,13800,장위동,,20240617,월세,199.6,500,60,1993.0,단독다가구,2024
성북구,11200,삼선동2가,6.0,20241009,월세,56.83,10000,100,2009.0,아파트,2024
성북구,13800,장위동,14.0,20240521,월세,36.14,8787,24,2020.0,아파트,2024
성북구,13800,장위동,7.0,20240521,월세,36.14,8787,24,2020.0,아파트,2024
성북구,13800,장위동,3.0,20240521,월세,36.14,7735,29,2020.0,아파트,2024
성북구,13800,장위동,15.0,20240521,월세,36.14,8787,24,2020.0,아파트,2024
성북구,13800,장위동,19.0,20240521,월세,36.14,8787,24,2020.0,아파트,2024
성북구,13600,하월곡동,,20240517,월세,54.18,1500,60,1997.0,단독다가구,2024
성북구,13800,장위동,5.0,20240521,월세,46.35,12390,33,2020.0,아파트,2024
성북구,13800,장위동,3.0,20240830,월세,45.09,11000,10,1995.0,연립다세대,2024
성북구,10100,성북동,1.0,20240815,월세,37.36,17500,15,2003.0,연립다세대,2024
성북구,11300,삼선동3가,,20240629,월세,25.0,2000,50,1983.0,단독다가구,2024
성북구,11800,동선동3가,,20240629,월세,25.0,1000,58,2003.0,단독다가구,2024
성북구,12300,안암동3가,,20240201,월세,19.0,500,39,,단독다가구,2024
성북구,13600,하월곡동,3.0,20240319,월세,47.1,10000,70,2018.0,연립다세대,2024
성북구,13300,정릉동,7.0,20240624,월세,59.59,5000,130,1999.0,아파트,2024
성북구,10700,동소문동4가,,20240201,월세,19.8,1000,60,,단독다가구,2024
성북구,12200,안암동2가,,20240201,월세,20.0,2000,65,,단독다가구,2024
성북구,13400,길음동,19.0,20241130,월세,59.9,36000,65,2019.0,아파트,2024
성북구,11700,동선동2가,,20240310,월세,30.0,1000,80,,단독다가구,2024
성북구,11700,동선동2가,,20240514,월세,49.38,1000,90,2000.0,단독다가구,2024
성북구,13800,장위동,1.0,20240308,월세,74.2,10000,50,2001.0,연립다세대,2024
성북구,13800,장위동,-1.0,20240824,월세,37.7,500,35,1996.0,연립다세대,2024
성북구,10200,성북동1가,4.0,20240309,월세,26.98,10000,34,2002.0,연립다세대,2024
성북구,10300,돈암동,13.0,20240305,월세,84.87,10000,165,1998.0,아파트,2024
성북구,13500,종암동,13.0,20240311,월세,59.86,40000,10,1999.0,아파트,2024
성북구,11700,동선동2가,,20240302,월세,12.0,500,40,,단독다가구,2024
성북구,13400,길음동,,20240514,월세,49.68,13000,5,1995.0,단독다가구,2024
성북구,13900,석관동,17.0,20240605,월세,39.01,10944,41,2019.0,아파트,2024
성북구,13400,길음동,13.0,20240530,월세,59.928,13516,21,2019.0,아파트,2024
성북구,13600,하월곡동,15.0,20240605,월세,84.589,25000,120,2006.0,아파트,2024
성북구,11800,동선동3가,,20240201,월세,21.0,1000,40,,단독다가구,2024
성북구,13300,정릉동,3.0,20240315,월세,26.15,4484,36,2020.0,연립다세대,2024
성북구,13300,정릉동,4.0,20240315,월세,36.33,14664,19,2020.0,연립다세대,2024
성북구,13400,길음동,22.0,20241130,월세,59.99,30000,120,2019.0,아파트,2024
성북구,12500,안암동5가,,20240201,월세,21.5,3000,60,,단독다가구,2024
성북구,13800,장위동,14.0,20240605,월세,36.14,10310,38,2020.0,아파트,2024
성북구,13500,종암동,1.0,20240309,월세,41.17,2000,70,1991.0,연립다세대,2024
성북구,13900,석관동,7.0,20240425,월세,25.8,5000,110,2021.0,연립다세대,2024
성북구,13600,하월곡동,2.0,20241217,월세,36.337,2000,100,2019.0,연립다세대,2024
성북구,12500,안암동5가,,20240201,월세,24.01,2000,90,,단독다가구,2024
성북구,10800,동소문동5가,6.0,20240129,월세,16.67,7700,22,2017.0,아파트,2024
성북구,10900,동소문동6가,4.0,20240219,월세,12.7,5000,44,2013.0,아파트,2024
성북구,10900,동소문동6가,10.0,20240219,월세,13.27,2000,60,2013.0,아파트,2024
성북구,13300,정릉동,3.0,20240708,월세,29.9,1000,100,2021.0,연립다세대,2024
성북구,13600,하월곡동,3.0,20240223,월세,21.37,3700,50,2020.0,오피스텔,2024
성북구,13100,보문동2가,,20240201,월세,26.0,500,30,,단독다가구,2024
성북구,13300,정릉동,,20240302,월세,15.0,1000,40,,단독다가구,2024
성북구,12200,안암동2가,,20240302,월세,15.0,300,30,,단독다가구,2024
성북구,13300,정릉동,13.0,20240813,월세,31.22,3499,6,2015.0,아파트,2024
성북구,11700,동선동2가,,20240629,월세,28.0,2000,52,2016.0,단독다가구,2024
성북구,13600,하월곡동,,20240207,월세,15.0,500,50,,단독다가구,2024
성북구,12100,안암동1가,3.0,20240621,월세,26.4,1000,65,2017.0,연립다세대,2024
성북구,13300,정릉동,1.0,20240621,월세,58.75,16800,6,2006.0,연립다세대,2024
성북구,11900,동선동4가,,20240905,월세,28.07,15000,25,1998.0,단독다가구,2024
성북구,13400,길음동,10.0,20240718,월세,79.87,16000,80,1988.0,아파트,2024
성북구,13300,정릉동,2.0,20240223,월세,58.87,4476,75,2002.0,연립다세대,2024
성북구,13300,정릉동,4.0,20240801,월세,16.909,1130,57,2023.0,연립다세대,2024
성북구,13500,종암동,5.0,20240213,월세,46.58,4000,85,2014.0,연립다세대,2024
성북구,13700,상월곡동,,20240228,월세,15.0,500,50,,단독다가구,2024
성북구,12800,보문동6가,3.0,20241015,월세,45.81,10000,110,2017.0,아파트,2024
성북구,13900,석관동,,20240204,월세,50.17,3000,70,,단독다가구,2024
성북구,13100,보문동2가,,20240207,월세,17.0,500,30,,단독다가구,2024
성북구,12100,안암동1가,,20240201,월세,31.3,4000,55,,단독다가구,2024
성북구,12500,안암동5가,,20240207,월세,20.89,2000,90,2023.0,단독다가구,2024
성북구,13500,종암동,2.0,20240515,월세,114.98,10000,200,2004.0,아파트,2024
성북구,13400,길음동,7.0,20240504,월세,59.99,10000,150,2003.0,아파트,2024
성북구,13400,길음동,7.0,20240504,월세,114.73,10000,250,2005.0,아파트,2024
성북구,13500,종암동,3.0,20240219,월세,75.77,3000,80,1982.0,연립다세대,2024
성북구,13500,종암동,2.0,20240219,월세,75.77,3000,80,1982.0,연립다세대,2024
성북구,13400,길음동,13.0,20240504,월세,84.82,15000,150,2010.0,아파트,2024
성북구,13200,보문동3가,15.0,20240223,월세,124.18,30000,200,2013.0,아파트,2024
성북구,13900,석관동,,20240207,월세,23.0,100,33,,단독다가구,2024
성북구,13400,길음동,15.0,20240504,월세,84.844,40000,60,2003.0,아파트,2024
성북구,13400,길음동,4.0,20240605,월세,38.017,2869,15,2022.0,아파트,2024
성북구,13400,길음동,4.0,20240605,월세,38.017,4470,6,2022.0,아파트,2024
성북구,13400,길음동,15.0,20240326,월세,33.28,2989,25,2010.0,아파트,2024
성북구,13400,길음동,1.0,20240323,월세,59.99,10500,72,2003.0,아파트,2024
성북구,13800,장위동,4.0,20240815,월세,50.76,25000,10,2016.0,연립다세대,2024
성북구,11300,삼선동3가,,20240207,월세,25.0,3000,60,,단독다가구,2024
성북구,11700,동선동2가,,20240207,월세,25.0,1500,70,,단독다가구,2024
성북구,13600,하월곡동,4.0,20240813,월세,20.21,2000,65,2022.0,오피스텔,2024
성북구,13500,종암동,23.0,20240813,월세,84.72,5000,150,1999.0,아파트,2024
성북구,12300,안암동3가,3.0,20240410,월세,72.52,1000,75,2005.0,연립다세대,2024
성북구,13800,장위동,1.0,20240329,월세,51.56,1000,150,2022.0,연립다세대,2024
성북구,13400,길음동,8.0,20240323,월세,60.0,30000,50,2003.0,아파트,2024
성북구,13400,길음동,8.0,20240413,월세,59.99,30000,45,2005.0,아파트,2024
성북구,13400,길음동,8.0,20240413,월세,59.373,20000,110,2007.0,아파트,2024
성북구,13400,길음동,13.0,20240413,월세,84.844,5000,175,2003.0,아파트,2024
성북구,13400,길음동,13.0,20240410,월세,59.98,10000,158,2010.0,아파트,2024
성북구,13800,장위동,9.0,20240323,월세,59.1,10000,170,2022.0,아파트,2024
성북구,13300,정릉동,9.0,20240410,월세,50.45,7000,90,1999.0,아파트,2024
성북구,13400,길음동,15.0,20240410,월세,59.998,30000,75,2003.0,아파트,2024
성북구,13800,장위동,-1.0,20240706,월세,68.58,12000,30,1991.0,연립다세대,2024
성북구,13600,하월곡동,4.0,20240413,월세,84.73,4000,160,2010.0,아파트,2024
성북구,13400,길음동,9.0,20240407,월세,59.75,5000,145,2006.0,아파트,2024
성북구,13400,길음동,11.0,20240425,월세,59.99,6000,140,2010.0,아파트,2024
성북구,13400,길음동,8.0,20240507,월세,30.61,1809,17,2005.0,아파트,2024
성북구,13400,길음동,16.0,20240507,월세,30.61,1809,17,2005.0,아파트,2024
성북구,13300,정릉동,13.0,20240312,월세,59.77,5000,135,2006.0,아파트,2024
성북구,13300,정릉동,3.0,20240724,월세,54.01,1581,13,2011.0,연립다세대,2024
성북구,13400,길음동,19.0,20240428,월세,84.96,40000,80,2006.0,아파트,2024
성북구,13400,길음동,,20240610,월세,38.98,1000,40,1993.0,단독다가구,2024
성북구,10300,돈암동,5.0,20240425,월세,84.94,10000,175,2014.0,아파트,2024
성북구,13400,길음동,20.0,20240507,월세,59.373,5000,170,2007.0,아파트,2024
성북구,13400,길음동,2.0,20240416,월세,84.96,20000,30,2003.0,아파트,2024
성북구,13400,길음동,7.0,20240416,월세,84.97,5000,180,2005.0,아파트,2024
성북구,13900,석관동,,20240201,월세,43.24,3000,60,1993.0,단독다가구,2024
성북구,13400,길음동,5.0,20240416,월세,114.73,20000,120,2005.0,아파트,2024
성북구,13400,길음동,2.0,20240416,월세,59.97,5000,160,2005.0,아파트,2024
성북구,13300,정릉동,3.0,20240223,월세,14.07,3000,40,2012.0,연립다세대,2024
성북구,13800,장위동,,20240205,월세,50.0,500,28,,단독다가구,2024
성북구,13400,길음동,5.0,20240507,월세,34.883,1587,19,2003.0,아파트,2024
성북구,13400,길음동,15.0,20240416,월세,84.96,20000,190,2010.0,아파트,2024
성북구,13800,장위동,13.0,20240419,월세,59.49,5000,180,2022.0,아파트,2024
성북구,13800,장위동,15.0,20240425,월세,40.24,10230,28,2017.0,아파트,2024
성북구,13400,길음동,,20241115,월세,73.88,10000,41,1995.0,단독다가구,2024
성북구,13300,정릉동,,20240217,월세,20.0,500,30,,단독다가구,2024
성북구,12500,안암동5가,,20240201,월세,46.0,1000,115,,단독다가구,2024
성북구,12300,안암동3가,,20240217,월세,20.0,2000,50,,단독다가구,2024
성북구,13400,길음동,6.0,20240706,월세,59.99,2000,180,2005.0,아파트,2024
성북구,10100,성북동,,20240201,월세,46.28,15000,50,1938.0,단독다가구,2024
성북구,13400,길음동,1.0,20240706,월세,114.73,5000,280,2005.0,아파트,2024
성북구,13400,길음동,6.0,20240706,월세,59.99,38000,15,2005.0,아파트,2024
성북구,13600,하월곡동,6.0,20240802,월세,14.35,100,60,2020.0,오피스텔,2024
성북구,13700,상월곡동,,20240214,월세,15.0,1000,55,,단독다가구,2024
성북구,13900,석관동,,20240201,월세,47.45,10000,30,,단독다가구,2024
성북구,13300,정릉동,,20240201,월세,48.0,100,20,,단독다가구,2024
성북구,13500,종암동,,20240208,월세,62.62,3000,65,1994.0,단독다가구,2024
성북구,13900,석관동,2.0,20240323,월세,64.01,7000,80,2002.0,연립다세대,2024
성북구,11900,동선동4가,,20240201,월세,49.08,14000,20,2002.0,단독다가구,2024
성북구,13600,하월곡동,7.0,20240416,월세,59.65,21000,70,2010.0,아파트,2024
성북구,13600,하월곡동,23.0,20240706,월세,84.54,5000,134,2011.0,아파트,2024
성북구,13400,길음동,7.0,20240524,월세,38.017,4470,6,2022.0,아파트,2024
성북구,12500,안암동5가,,20240214,월세,16.5,500,47,,단독다가구,2024
성북구,13400,길음동,15.0,20240706,월세,59.54,34000,100,2024.0,아파트,2024
성북구,13400,길음동,12.0,20240706,월세,59.54,50000,25,2024.0,아파트,2024
성북구,10100,성북동,,20240919,월세,81.42,36000,40,1965.0,단독다가구,2024
성북구,13400,길음동,33.0,20241127,월세,59.9,30000,75,2019.0,아파트,2024
성북구,12500,안암동5가,,20240217,월세,21.5,3000,60,,단독다가구,2024
성북구,13300,정릉동,,20240217,월세,23.0,1000,50,,단독다가구,2024
성북구,12500,안암동5가,,20240214,월세,18.0,3000,50,,단독다가구,2024
성북구,13800,장위동,,20240217,월세,24.0,200,20,,단독다가구,2024
성북구,11800,동선동3가,,20240217,월세,25.0,7000,20,,단독다가구,2024
성북구,11700,동선동2가,1.0,20240223,월세,74.04,500,40,2004.0,연립다세대,2024
성북구,12300,안암동3가,,20240214,월세,19.0,2000,50,,단독다가구,2024
성북구,13700,상월곡동,3.0,20241212,월세,59.95,3000,106,2003.0,아파트,2024
성북구,12300,안암동3가,,20240217,월세,26.0,2000,55,,단독다가구,2024
성북구,12300,안암동3가,,20240217,월세,26.0,2000,60,,단독다가구,2024
성북구,10300,돈암동,12.0,20240129,월세,114.89,40000,120,2004.0,아파트,2024
성북구,13500,종암동,,20240216,월세,14.0,200,40,,단독다가구,2024
성북구,13400,길음동,17.0,20240709,월세,84.049,10000,170,2007.0,아파트,2024
성북구,11900,동선동4가,,20240216,월세,15.05,7400,5,,단독다가구,2024
성북구,13400,길음동,3.0,20240709,월세,84.92,30000,85,2010.0,아파트,2024
성북구,11700,동선동2가,,20240207,월세,30.0,2000,65,,단독다가구,2024
성북구,10300,돈암동,2.0,20241030,월세,47.67,5000,100,2012.0,연립다세대,2024
성북구,13400,길음동,15.0,20240709,월세,34.883,1587,19,2003.0,아파트,2024
성북구,13700,상월곡동,,20240216,월세,16.52,500,40,,단독다가구,2024
성북구,13800,장위동,10.0,20240226,월세,39.98,3000,125,2022.0,아파트,2024
성북구,13300,정릉동,,20240216,월세,17.0,5000,29,,단독다가구,2024
성북구,11600,동선동1가,2.0,20241112,월세,21.83,21000,5,2020.0,오피스텔,2024
성북구,13300,정릉동,5.0,20240630,월세,59.11,200,80,2022.0,연립다세대,2024
성북구,13300,정릉동,4.0,20240630,월세,59.11,200,80,2022.0,연립다세대,2024
성북구,11700,동선동2가,,20240207,월세,31.41,1000,66,,단독다가구,2024
성북구,13800,장위동,19.0,20240709,월세,59.1,25000,110,2022.0,아파트,2024
성북구,13500,종암동,14.0,20241130,월세,59.99,12000,97,2004.0,아파트,2024
성북구,11500,삼선동5가,4.0,20240319,월세,12.4,6000,20,2011.0,연립다세대,2024
성북구,13300,정릉동,7.0,20240129,월세,59.63,20000,100,2015.0,아파트,2024
성북구,13300,정릉동,6.0,20240129,월세,84.09,5000,130,2005.0,아파트,2024
성북구,13300,정릉동,3.0,20240129,월세,19.7,5780,19,2020.0,연립다세대,2024
성북구,11900,동선동4가,,20240207,월세,33.0,1000,35,2002.0,단독다가구,2024
성북구,13300,정릉동,3.0,20240306,월세,56.88,15000,25,1994.0,연립다세대,2024
성북구,12500,안암동5가,4.0,20240315,월세,29.99,3000,170,2022.0,연립다세대,2024
성북구,13300,정릉동,,20240618,월세,21.4,500,50,1996.0,단독다가구,2024
성북구,12400,안암동4가,4.0,20240618,월세,12.68,2000,47,2011.0,연립다세대,2024
성북구,13700,상월곡동,,20240207,월세,34.0,500,40,,단독다가구,2024
성북구,13300,정릉동,11.0,20240418,월세,84.92,10000,100,2009.0,아파트,2024
성북구,13900,석관동,,20240207,월세,35.0,300,30,,단독다가구,2024
성북구,13300,정릉동,14.0,20240303,월세,84.92,5000,150,2004.0,아파트,2024
성북구,13500,종암동,,20240213,월세,16.5,500,55,,단독다가구,2024
성북구,13500,종암동,,20240213,월세,16.5,300,43,,단독다가구,2024
성북구,10300,돈암동,10.0,20240329,월세,84.817,7000,160,2006.0,아파트,2024
성북구,13600,하월곡동,17.0,20240518,월세,79.248,10000,140,2004.0,아파트,2024
성북구,12500,안암동5가,4.0,20240627,월세,13.7,1000,59,2013.0,연립다세대,2024
성북구,10300,돈암동,1.0,20240326,월세,84.817,5000,180,2006.0,아파트,2024
성북구,13300,정릉동,11.0,20240229,월세,84.98,5000,150,2004.0,아파트,2024
성북구,13300,정릉동,,20240213,월세,18.0,2000,30,,단독다가구,2024
성북구,13300,정릉동,10.0,20240715,월세,59.98,20000,48,2001.0,아파트,2024
성북구,13800,장위동,,20240207,월세,37.65,500,35,,단독다가구,2024
성북구,13800,장위동,5.0,20240309,월세,43.01,31000,10,2017.0,연립다세대,2024
성북구,13400,길음동,7.0,20240730,월세,55.62,5000,175,2023.0,연립다세대,2024
성북구,13300,정릉동,,20240216,월세,23.1,1000,51,,단독다가구,2024
성북구,13100,보문동2가,3.0,20241020,월세,25.16,500,53,2009.0,연립다세대,2024
성북구,13300,정릉동,13.0,20240226,월세,84.98,20000,80,2004.0,아파트,2024
성북구,10300,돈암동,15.0,20240323,월세,80.54,42000,55,2003.0,아파트,2024
성북구,13900,석관동,5.0,20240501,월세,38.74,3000,90,2023.0,오피스텔,2024
성북구,13300,정릉동,4.0,20240428,월세,43.11,2000,75,2001.0,아파트,2024
성북구,13400,길음동,,20240413,월세,148.62,500,33,,단독다가구,2024
성북구,10700,동소문동4가,3.0,20240323,월세,29.87,1000,53,2002.0,연립다세대,2024
성북구,13300,정릉동,,20240213,월세,19.8,3000,40,,단독다가구,2024
성북구,13800,장위동,15.0,20240129,월세,59.97,10000,120,2006.0,아파트,2024
성북구,13800,장위동,13.0,20240129,월세,84.98,10000,110,2006.0,아파트,2024
성북구,12500,안암동5가,,20240213,월세,20.0,2000,90,,단독다가구,2024
성북구,13300,정릉동,,20240219,월세,16.5,500,30,,단독다가구,2024
성북구,11300,삼선동3가,1.0,20240326,월세,65.24,22000,47,2002.0,연립다세대,2024
성북구,11800,동선동3가,3.0,20240401,월세,29.95,2345,24,2023.0,연립다세대,2024
성북구,13800,장위동,4.0,20240422,월세,55.97,4000,53,1994.0,연립다세대,2024
성북구,12300,안암동3가,,20240216,월세,30.0,3000,65,,단독다가구,2024
성북구,13900,석관동,4.0,20240323,월세,59.97,5000,120,1998.0,아파트,2024
성북구,13200,보문동3가,13.0,20240309,월세,84.57,25000,125,2003.0,아파트,2024
성북구,11800,동선동3가,,20240213,월세,23.1,2000,70,,단독다가구,2024
성북구,13300,정릉동,,20240213,월세,23.1,5000,36,,단독다가구,2024
성북구,13600,하월곡동,22.0,20240413,월세,59.88,4000,115,1998.0,아파트,2024
성북구,12300,안암동3가,,20240219,월세,19.0,2000,50,,단독다가구,2024
성북구,12300,안암동3가,,20240219,월세,19.0,2000,45,,단독다가구,2024
성북구,13600,하월곡동,,20240213,월세,24.0,1000,40,,단독다가구,2024
성북구,12200,안암동2가,,20240213,월세,24.0,500,50,,단독다가구,2024
성북구,13300,정릉동,,20240219,월세,19.5,2000,46,,단독다가구,2024
성북구,10100,성북동,1.0,20241015,월세,68.45,10000,95,2004.0,연립다세대,2024
성북구,12300,안암동3가,,20240213,월세,25.0,2000,50,,단독다가구,2024
성북구,12500,안암동5가,,20240219,월세,20.0,1000,66,,단독다가구,2024
성북구,13300,정릉동,5.0,20240223,월세,39.52,3500,100,2022.0,오피스텔,2024
성북구,11500,삼선동5가,7.0,20240802,월세,30.81,1000,70,2003.0,오피스텔,2024
성북구,13800,장위동,,20240216,월세,33.0,1000,29,,단독다가구,2024
성북구,13400,길음동,1.0,20241015,월세,111.71,6000,160,1998.0,아파트,2024
성북구,13300,정릉동,,20240207,월세,53.55,1000,55,,단독다가구,2024
성북구,11500,삼선동5가,,20240207,월세,55.0,10000,40,1997.0,단독다가구,2024
성북구,13600,하월곡동,23.0,20240229,월세,151.17,35000,270,2010.0,아파트,2024
성북구,13900,석관동,14.0,20240226,월세,59.94,16000,60,1999.0,아파트,2024
성북구,13900,석관동,2.0,20240410,월세,54.55,15000,40,1998.0,아파트,2024
성북구,13500,종암동,,20240216,월세,36.0,1000,40,,단독다가구,2024
성북구,13300,정릉동,,20240219,월세,23.14,1000,50,,단독다가구,2024
성북구,13400,길음동,14.0,20240323,월세,59.9,40000,65,2019.0,아파트,2024
성북구,13400,길음동,,20240219,월세,24.0,1000,70,,단독다가구,2024
성북구,11800,동선동3가,,20240219,월세,24.0,1000,60,,단독다가구,2024
성북구,13900,석관동,7.0,20240627,월세,29.98,3000,150,2024.0,오피스텔,2024
성북구,13500,종암동,6.0,20240326,월세,114.98,50000,120,2011.0,아파트,2024
성북구,13400,길음동,14.0,20241109,월세,59.97,10000,190,2019.0,아파트,2024
성북구,13600,하월곡동,,20240214,월세,20.0,200,40,,단독다가구,2024
성북구,12300,안암동3가,,20240214,월세,20.0,5000,30,,단독다가구,2024
성북구,13900,석관동,,20240217,월세,26.44,500,35,,단독다가구,2024
성북구,13500,종암동,,20240220,월세,17.0,500,50,,단독다가구,2024
성북구,11400,삼선동4가,,20240207,월세,118.9,22000,50,1999.0,단독다가구,2024
성북구,13800,장위동,,20240217,월세,27.27,1000,29,,단독다가구,2024
성북구,13900,석관동,9.0,20240326,월세,30.01,3686,14,2009.0,아파트,2024
성북구,13800,장위동,17.0,20240329,월세,36.14,7735,29,2020.0,아파트,2024
성북구,13800,장위동,9.0,20240329,월세,36.14,8787,24,2020.0,아파트,2024
성북구,10300,돈암동,8.0,20240312,월세,68.13,3000,140,1998.0,아파트,2024
성북구,11900,동선동4가,4.0,20240404,월세,29.93,3000,90,,오피스텔,2024
성북구,13500,종암동,,20240217,월세,30.0,300,30,,단독다가구,2024
성북구,13600,하월곡동,5.0,20240810,월세,47.02,3000,74,2000.0,연립다세대,2024
성북구,13300,정릉동,,20240214,월세,21.6,2000,30,,단독다가구,2024
성북구,13800,장위동,5.0,20240326,월세,46.35,10907,41,2020.0,아파트,2024
성북구,13800,장위동,2.0,20240326,월세,59.99,10000,160,2020.0,아파트,2024
성북구,10300,돈암동,3.0,20240507,월세,59.4,3000,130,1999.0,아파트,2024
성북구,13500,종암동,3.0,20240419,월세,31.55,19000,12,2017.0,연립다세대,2024
성북구,13300,정릉동,,20240207,월세,247.56,1000,50,,단독다가구,2024
성북구,11100,삼선동1가,,20240309,월세,15.0,500,38,,단독다가구,2024
성북구,13300,정릉동,,20240214,월세,23.0,1000,40,,단독다가구,2024
성북구,12500,안암동5가,,20240214,월세,23.0,2000,90,,단독다가구,2024
성북구,13300,정릉동,,20240214,월세,23.0,1000,50,,단독다가구,2024
성북구,10300,돈암동,10.0,20240422,월세,84.817,35000,50,2006.0,아파트,2024
성북구,10300,돈암동,9.0,20240422,월세,59.4,3000,99,1999.0,아파트,2024
성북구,11100,삼선동1가,,20240220,월세,20.0,1500,45,,단독다가구,2024
성북구,13800,장위동,12.0,20241003,월세,18.03,10000,15,2019.0,오피스텔,2024
성북구,10300,돈암동,1.0,20240715,월세,59.4,13000,90,1999.0,아파트,2024
성북구,13500,종암동,3.0,20240413,월세,59.98,5000,158,2011.0,아파트,2024
성북구,11800,동선동3가,,20240214,월세,24.5,1000,50,,단독다가구,2024
성북구,13400,길음동,31.0,20240404,월세,59.9,42000,55,2019.0,아파트,2024
성북구,12300,안암동3가,,20240309,월세,18.0,500,30,,단독다가구,2024
성북구,13900,석관동,,20240217,월세,33.0,300,35,,단독다가구,2024
성북구,13600,하월곡동,18.0,20240401,월세,84.589,5000,145,2006.0,아파트,2024
성북구,10900,동소문동6가,9.0,20240229,월세,12.7,2000,59,2013.0,아파트,2024
성북구,11800,동선동3가,,20240214,월세,26.4,5000,30,,단독다가구,2024
성북구,13400,길음동,11.0,20240329,월세,59.928,8856,41,2019.0,아파트,2024
성북구,13800,장위동,4.0,20240223,월세,52.68,15000,20,2007.0,연립다세대,2024
성북구,13400,길음동,5.0,20240323,월세,59.874,42000,58,2022.0,아파트,2024
성북구,13900,석관동,22.0,20240413,월세,84.97,25000,150,2019.0,아파트,2024
성북구,13400,길음동,20.0,20240323,월세,84.98,50000,79,2022.0,아파트,2024
성북구,13400,길음동,2.0,20240329,월세,43.63,5016,7,2022.0,아파트,2024
성북구,13400,길음동,11.0,20240329,월세,84.975,50000,75,2022.0,아파트,2024
성북구,11800,동선동3가,,20240217,월세,34.0,2000,39,,단독다가구,2024
성북구,10100,성북동,3.0,20240730,월세,84.95,500,100,1997.0,연립다세대,2024
성북구,13400,길음동,3.0,20240419,월세,18.79,1000,53,2014.0,연립다세대,2024
성북구,13300,정릉동,,20240309,월세,20.0,300,38,,단독다가구,2024
성북구,13400,길음동,5.0,20240326,월세,38.017,2869,15,2022.0,아파트,2024
성북구,13400,길음동,4.0,20240326,월세,38.017,1147,18,2022.0,아파트,2024
성북구,13400,길음동,1.0,20240326,월세,38.017,2869,15,2022.0,아파트,2024
성북구,13400,길음동,7.0,20240326,월세,38.017,2869,15,2022.0,아파트,2024
성북구,13400,길음동,1.0,20240326,월세,38.017,1147,18,2022.0,아파트,2024
성북구,13400,길음동,8.0,20240326,월세,38.02,2869,15,2022.0,아파트,2024
성북구,13400,길음동,1.0,20240326,월세,43.63,5102,7,2022.0,아파트,2024
성북구,13500,종암동,,20240220,월세,24.0,500,80,,단독다가구,2024
성북구,13500,종암동,15.0,20240413,월세,59.99,5000,140,2004.0,아파트,2024
성북구,12800,보문동6가,7.0,20240521,월세,45.96,5850,8,2017.0,아파트,2024
성북구,13100,보문동2가,,20240214,월세,30.0,500,55,,단독다가구,2024
성북구,13800,장위동,,20240214,월세,30.0,300,30,,단독다가구,2024
성북구,13700,상월곡동,6.0,20240727,월세,59.95,5000,120,2003.0,아파트,2024
성북구,13900,석관동,,20240220,월세,25.0,700,35,,단독다가구,2024
성북구,11800,동선동3가,,20240315,월세,16.0,500,45,,단독다가구,2024
성북구,13300,정릉동,2.0,20240509,월세,19.7,2890,25,2020.0,연립다세대,2024
성북구,13800,장위동,10.0,20240419,월세,49.63,9030,21,2022.0,아파트,2024
성북구,11900,동선동4가,7.0,20240501,월세,29.79,27000,20,,오피스텔,2024
성북구,13300,정릉동,5.0,20241025,월세,28.55,20000,20,2022.0,연립다세대,2024
성북구,12300,안암동3가,,20240217,월세,38.0,2000,40,,단독다가구,2024
성북구,13600,하월곡동,2.0,20240618,월세,29.76,5000,80,2020.0,오피스텔,2024
성북구,13800,장위동,3.0,20241003,월세,51.98,7000,50,2001.0,연립다세대,2024
성북구,11500,삼선동5가,,20240309,월세,23.0,100,38,,단독다가구,2024
성북구,13500,종암동,10.0,20241109,월세,59.97,28000,80,2009.0,아파트,2024
성북구,13900,석관동,,20240214,월세,33.0,500,30,,단독다가구,2024
성북구,13800,장위동,,20240217,월세,40.0,300,30,,단독다가구,2024
성북구,13500,종암동,4.0,20240129,월세,50.05,10000,90,2016.0,연립다세대,2024
성북구,12300,안암동3가,,20240315,월세,19.0,3000,60,,단독다가구,2024
성북구,13400,길음동,13.0,20240730,월세,59.99,5000,148,2003.0,아파트,2024
성북구,13400,길음동,5.0,20240401,월세,38.017,1147,18,2022.0,아파트,2024
성북구,13900,석관동,,20240220,월세,30.0,300,40,,단독다가구,2024
성북구,10100,성북동,,20240214,월세,33.06,4000,65,,단독다가구,2024
성북구,13400,길음동,9.0,20240730,월세,59.99,4000,170,2005.0,아파트,2024
성북구,10100,성북동,2.0,20240413,월세,29.23,23000,10,2022.0,연립다세대,2024
성북구,10700,동소문동4가,6.0,20240527,월세,22.8,2000,63,2003.0,오피스텔,2024
성북구,13400,길음동,4.0,20240730,월세,59.99,10000,110,2005.0,아파트,2024
성북구,13800,장위동,1.0,20240518,월세,48.15,2000,120,2020.0,연립다세대,2024
성북구,12200,안암동2가,,20240217,월세,42.18,500,45,,단독다가구,2024
성북구,10900,동소문동6가,6.0,20240306,월세,12.7,6000,39,2013.0,아파트,2024
성북구,13400,길음동,25.0,20240410,월세,59.874,45000,80,2022.0,아파트,2024
성북구,13300,정릉동,-1.0,20240226,월세,22.89,300,41,2002.0,연립다세대,2024
성북구,10300,돈암동,1.0,20240706,월세,84.817,5000,180,2006.0,아파트,2024
성북구,13800,장위동,12.0,20240911,월세,14.714,500,54,2019.0,아파트,2024
성북구,13600,하월곡동,9.0,20240902,월세,20.2,2000,65,2020.0,오피스텔,2024
성북구,10200,성북동1가,,20240315,월세,20.4,1000,47,,단독다가구,2024
성북구,13600,하월곡동,9.0,20240416,월세,59.754,10000,130,2006.0,아파트,2024
성북구,12200,안암동2가,,20240223,월세,15.1,500,45,,단독다가구,2024
성북구,13900,석관동,,20240309,월세,29.75,500,45,,단독다가구,2024
성북구,13300,정릉동,,20240223,월세,16.0,500,45,,단독다가구,2024
성북구,12800,보문동6가,,20240214,월세,38.34,500,45,,단독다가구,2024
성북구,13800,장위동,4.0,20240416,월세,36.14,10338,33,2020.0,아파트,2024
성북구,13800,장위동,25.0,20240416,월세,36.14,8787,24,2020.0,아파트,2024
성북구,13300,정릉동,,20240223,월세,16.5,2000,46,,단독다가구,2024
성북구,13300,정릉동,,20240223,월세,16.5,1000,45,,단독다가구,2024
성북구,13800,장위동,4.0,20240507,월세,36.74,5000,120,2022.0,연립다세대,2024
성북구,13800,장위동,3.0,20240802,월세,59.988,5000,80,2008.0,아파트,2024
성북구,11900,동선동4가,,20240214,월세,39.63,6000,60,,단독다가구,2024
성북구,13400,길음동,4.0,20240419,월세,60.92,5000,100,2018.0,연립다세대,2024
성북구,10400,동소문동1가,,20240315,월세,24.0,500,35,,단독다가구,2024
성북구,13900,석관동,,20240217,월세,51.14,1000,45,,단독다가구,2024
성북구,12400,안암동4가,,20240228,월세,16.5,200,33,,단독다가구,2024
성북구,11600,동선동1가,,20240302,월세,17.0,3000,60,,단독다가구,2024
성북구,13500,종암동,,20240302,월세,17.0,500,50,,단독다가구,2024
성북구,13700,상월곡동,,20240228,월세,16.52,300,35,,단독다가구,2024
성북구,13800,장위동,11.0,20240416,월세,39.9,13079,34,2021.0,아파트,2024
성북구,11700,동선동2가,4.0,20240911,월세,18.63,3000,40,2003.0,연립다세대,2024
성북구,13500,종암동,,20240212,월세,29.32,3000,85,,단독다가구,2024
성북구,11800,동선동3가,,20240215,월세,24.0,3000,55,,단독다가구,2024
성북구,13300,정릉동,,20240512,월세,179.79,1500,70,1994.0,단독다가구,2024
성북구,13500,종암동,7.0,20241109,월세,59.99,5000,143,2004.0,아파트,2024
성북구,11700,동선동2가,,20240215,월세,24.77,4000,45,,단독다가구,2024
성북구,13500,종암동,,20240215,월세,25.0,500,45,,단독다가구,2024
성북구,10300,돈암동,3.0,20240308,월세,84.87,5000,170,1998.0,아파트,2024
성북구,11900,동선동4가,5.0,20240709,월세,27.85,1729,23,2020.0,연립다세대,2024
성북구,11100,삼선동1가,,20240302,월세,18.9,500,35,,단독다가구,2024
성북구,13600,하월곡동,,20240228,월세,18.18,500,43,,단독다가구,2024
성북구,12300,안암동3가,,20240302,월세,19.5,100,48,,단독다가구,2024
성북구,13300,정릉동,,20240228,월세,19.8,4000,36,,단독다가구,2024
성북구,13100,보문동2가,,20240302,월세,20.0,1000,30,,단독다가구,2024
성북구,12000,동선동5가,,20240302,월세,20.0,1000,55,,단독다가구,2024
성북구,13900,석관동,9.0,20240507,월세,30.0,2478,24,2009.0,아파트,2024
성북구,13900,석관동,7.0,20240507,월세,30.0,2478,24,2009.0,아파트,2024
성북구,11800,동선동3가,3.0,20240308,월세,32.71,7500,2,2002.0,연립다세대,2024
성북구,11200,삼선동2가,,20240218,월세,29.12,1000,60,,단독다가구,2024
성북구,11900,동선동4가,,20240215,월세,28.07,5000,35,,단독다가구,2024
성북구,13800,장위동,23.0,20240712,월세,36.14,11822,30,2020.0,아파트,2024
성북구,13900,석관동,9.0,20240507,월세,59.98,50000,20,2019.0,아파트,2024
성북구,13300,정릉동,,20240225,월세,15.0,2000,51,,단독다가구,2024
성북구,11800,동선동3가,,20240225,월세,15.0,500,35,,단독다가구,2024
성북구,13500,종암동,15.0,20240314,월세,84.54,7000,165,2008.0,아파트,2024
성북구,13500,종암동,20.0,20240314,월세,84.98,37000,20,2008.0,아파트,2024
성북구,13300,정릉동,3.0,20240518,월세,74.88,5000,95,2002.0,연립다세대,2024
성북구,11600,동선동1가,,20240212,월세,42.9,1000,60,,단독다가구,2024
성북구,13900,석관동,4.0,20240518,월세,49.0,8000,60,2016.0,연립다세대,2024
성북구,12400,안암동4가,,20240225,월세,16.47,5000,10,,단독다가구,2024
성북구,10700,동소문동4가,,20240225,월세,16.5,500,45,,단독다가구,2024
성북구,11600,동선동1가,,20240302,월세,23.1,1000,50,,단독다가구,2024
성북구,11900,동선동4가,,20240221,월세,12.0,500,35,,단독다가구,2024
성북구,13300,정릉동,,20240221,월세,12.5,500,35,,단독다가구,2024
성북구,13400,길음동,4.0,20240811,월세,55.89,5000,160,2023.0,연립다세대,2024
성북구,13800,장위동,4.0,20240509,월세,59.34,5000,55,2002.0,연립다세대,2024
성북구,13700,상월곡동,2.0,20240320,월세,56.15,16000,5,1992.0,연립다세대,2024
성북구,12500,안암동5가,,20240228,월세,24.0,500,44,,단독다가구,2024
성북구,13900,석관동,,20240302,월세,25.0,500,30,,단독다가구,2024
성북구,13300,정릉동,,20240218,월세,33.58,1000,40,,단독다가구,2024
성북구,13500,종암동,,20240225,월세,19.0,100,40,,단독다가구,2024
성북구,13600,하월곡동,2.0,20240314,월세,27.09,1000,130,2022.0,오피스텔,2024
성북구,10900,동소문동6가,3.0,20240805,월세,44.92,38800,18,2023.0,연립다세대,2024
성북구,13900,석관동,3.0,20240410,월세,24.62,100,45,2019.0,연립다세대,2024
성북구,12200,안암동2가,,20240302,월세,27.2,3000,70,,단독다가구,2024
성북구,13900,석관동,,20240221,월세,17.41,500,40,,단독다가구,2024
성북구,13100,보문동2가,6.0,20240820,월세,15.84,3700,47,2018.0,연립다세대,2024
성북구,13300,정릉동,4.0,20240415,월세,17.92,1000,49,2004.0,오피스텔,2024
성북구,11400,삼선동4가,,20240221,월세,18.0,1000,50,,단독다가구,2024
성북구,13300,정릉동,,20240919,월세,148.35,1000,30,1994.0,단독다가구,2024
성북구,13700,상월곡동,2.0,20240709,월세,31.59,507,17,2003.0,아파트,2024
성북구,12100,안암동1가,4.0,20240911,월세,48.84,3000,64,2001.0,연립다세대,2024
성북구,13600,하월곡동,,20240212,월세,55.0,1000,60,,단독다가구,2024
성북구,12500,안암동5가,,20240302,월세,29.0,1000,105,,단독다가구,2024
성북구,13400,길음동,6.0,20240715,월세,33.46,1711,11,2019.0,아파트,2024
성북구,13300,정릉동,3.0,20240515,월세,48.01,1000,125,2022.0,연립다세대,2024
성북구,13500,종암동,4.0,20240724,월세,59.92,40000,30,2009.0,아파트,2024
성북구,12200,안암동2가,,20240221,월세,19.0,500,35,,단독다가구,2024
성북구,13600,하월곡동,,20240228,월세,29.68,5000,30,,단독다가구,2024
성북구,13300,정릉동,,20240221,월세,19.8,2000,46,,단독다가구,2024
성북구,12500,안암동5가,,20240221,월세,20.0,300,45,,단독다가구,2024
성북구,13900,석관동,,20240215,월세,39.0,2000,30,,단독다가구,2024
성북구,13300,정릉동,2.0,20240930,월세,45.9,2000,70,1994.0,연립다세대,2024
성북구,10700,동소문동4가,5.0,20240709,월세,61.82,500,55,2002.0,연립다세대,2024
성북구,13600,하월곡동,14.0,20240317,월세,59.855,5000,130,2003.0,아파트,2024
성북구,13600,하월곡동,11.0,20240515,월세,15.52,1000,65,2013.0,아파트,2024
성북구,13800,장위동,,20240228,월세,30.26,100,20,,단독다가구,2024
성북구,13600,하월곡동,16.0,20240515,월세,15.62,1000,65,2013.0,아파트,2024
성북구,13400,길음동,4.0,20240507,월세,38.017,2869,15,2022.0,아파트,2024
성북구,13400,길음동,3.0,20240507,월세,38.017,2869,15,2022.0,아파트,2024
성북구,13400,길음동,11.0,20240507,월세,38.017,2869,15,2022.0,아파트,2024
성북구,13400,길음동,2.0,20240507,월세,38.017,2869,15,2022.0,아파트,2024
성북구,13400,길음동,2.0,20240507,월세,38.017,1147,18,2022.0,아파트,2024
성북구,13400,길음동,8.0,20240507,월세,59.874,40000,80,2022.0,아파트,2024
성북구,13300,정릉동,3.0,20240618,월세,64.32,1000,80,1997.0,연립다세대,2024
성북구,13400,길음동,7.0,20240621,월세,33.99,5810,10,2010.0,아파트,2024
성북구,13600,하월곡동,15.0,20240724,월세,59.754,10000,120,2006.0,아파트,2024
성북구,11900,동선동4가,12.0,20240329,월세,21.05,5000,53,2011.0,오피스텔,2024
성북구,13400,길음동,2.0,20240621,월세,114.73,10000,230,2005.0,아파트,2024
성북구,13900,석관동,4.0,20241112,월세,38.23,13000,20,2002.0,연립다세대,2024
성북구,12000,동선동5가,,20240302,월세,33.0,1000,55,,단독다가구,2024
성북구,12500,안암동5가,,20240221,월세,22.0,500,60,,단독다가구,2024
성북구,13300,정릉동,1.0,20240618,월세,50.43,5000,50,1997.0,연립다세대,2024
성북구,13500,종암동,,20240228,월세,33.0,100,40,,단독다가구,2024
성북구,13300,정릉동,,20240215,월세,41.0,500,40,,단독다가구,2024
성북구,13800,장위동,4.0,20240724,월세,46.35,4311,15,2020.0,아파트,2024
성북구,13400,길음동,6.0,20240621,월세,59.998,5000,130,2003.0,아파트,2024
성북구,13800,장위동,14.0,20241012,월세,14.714,1000,65,2019.0,아파트,2024
성북구,11100,삼선동1가,,20240905,월세,48.4,15000,10,1993.0,단독다가구,2024
성북구,13000,보문동1가,12.0,20240323,월세,59.791,10000,190,2022.0,아파트,2024
성북구,11500,삼선동5가,3.0,20240627,월세,35.88,5000,55,2003.0,오피스텔,2024
성북구,13300,정릉동,,20240815,월세,13.52,500,40,2011.0,단독다가구,2024
성북구,13400,길음동,14.0,20240718,월세,84.9,5000,265,2019.0,아파트,2024
성북구,12300,안암동3가,,20240218,월세,45.86,1000,55,,단독다가구,2024
성북구,13800,장위동,4.0,20240621,월세,111.83,30000,200,2022.0,아파트,2024
성북구,11400,삼선동4가,4.0,20240709,월세,13.88,1000,42,2010.0,연립다세대,2024
성북구,13600,하월곡동,13.0,20240715,월세,59.754,10000,90,2006.0,아파트,2024
성북구,11300,삼선동3가,,20240815,월세,15.0,500,35,1983.0,단독다가구,2024
성북구,13000,보문동1가,5.0,20240326,월세,39.202,4569,6,2022.0,아파트,2024
성북구,13000,보문동1가,8.0,20240326,월세,39.202,2979,15,2022.0,아파트,2024
성북구,13000,보문동1가,15.0,20240326,월세,39.202,2979,15,2022.0,아파트,2024
성북구,13000,보문동1가,5.0,20240326,월세,39.202,2979,15,2022.0,아파트,2024
성북구,13200,보문동3가,,20240309,월세,32.0,1000,50,,단독다가구,2024
성북구,13300,정릉동,,20240213,월세,33.0,1000,90,,단독다가구,2024
성북구,12800,보문동6가,11.0,20240326,월세,72.97,10000,205,2017.0,아파트,2024
성북구,12800,보문동6가,,20240219,월세,25.3,1000,47,,단독다가구,2024
성북구,13300,정릉동,,20240308,월세,15.0,100,40,,단독다가구,2024
성북구,13300,정릉동,,20240223,월세,18.5,8000,12,,단독다가구,2024
성북구,11800,동선동3가,4.0,20240509,월세,39.72,3000,37,2002.0,연립다세대,2024
성북구,13600,하월곡동,,20240223,월세,20.0,1000,50,,단독다가구,2024
성북구,13300,정릉동,,20240309,월세,33.0,12000,20,,단독다가구,2024
성북구,10200,성북동1가,2.0,20240518,월세,49.47,7000,50,2013.0,연립다세대,2024
성북구,12800,보문동6가,,20240315,월세,25.3,2500,35,,단독다가구,2024
성북구,13600,하월곡동,17.0,20240605,월세,15.54,1000,60,2013.0,아파트,2024
성북구,10300,돈암동,1.0,20241218,월세,59.4,10000,100,1999.0,아파트,2024
성북구,10300,돈암동,13.0,20240902,월세,84.98,30000,80,2005.0,아파트,2024
성북구,13400,길음동,25.0,20240618,월세,59.87,20000,150,2024.0,아파트,2024
성북구,10300,돈암동,6.0,20241218,월세,114.66,5000,220,1999.0,아파트,2024
성북구,13800,장위동,,20240219,월세,29.75,500,39,,단독다가구,2024
성북구,13300,정릉동,,20240223,월세,21.0,4000,42,,단독다가구,2024
성북구,13800,장위동,14.0,20240921,월세,18.03,1000,65,2019.0,오피스텔,2024
성북구,12200,안암동2가,,20240223,월세,21.2,3000,70,,단독다가구,2024
성북구,13900,석관동,,20240815,월세,15.34,1000,30,2017.0,단독다가구,2024
성북구,10900,동소문동6가,20.0,20240608,월세,14.01,1000,82,2015.0,아파트,2024
성북구,10100,성북동,2.0,20240323,월세,68.45,25000,50,2004.0,연립다세대,2024
성북구,12400,안암동4가,,20240216,월세,44.76,7000,50,,단독다가구,2024
성북구,13300,정릉동,1.0,20240329,월세,52.89,3000,71,1977.0,아파트,2024
성북구,10100,성북동,,20240213,월세,37.92,500,35,,단독다가구,2024
성북구,11800,동선동3가,,20240223,월세,23.1,1000,65,,단독다가구,2024
성북구,12500,안암동5가,2.0,20240630,월세,12.21,1000,71,2011.0,연립다세대,2024
성북구,13800,장위동,,20240219,월세,31.57,1000,80,,단독다가구,2024
성북구,11300,삼선동3가,4.0,20240329,월세,35.58,2112,21,2008.0,아파트,2024
성북구,11200,삼선동2가,5.0,20240329,월세,114.65,10000,230,2008.0,아파트,2024
성북구,13500,종암동,2.0,20240824,월세,42.98,33000,15,2024.0,연립다세대,2024
성북구,13400,길음동,2.0,20240709,월세,13.66,500,48,2014.0,연립다세대,2024
성북구,12700,보문동5가,,20240219,월세,33.0,3000,50,,단독다가구,2024
성북구,11700,동선동2가,,20240312,월세,18.0,1000,50,,단독다가구,2024
성북구,13800,장위동,2.0,20240323,월세,29.47,14000,35,2021.0,연립다세대,2024
성북구,13300,정릉동,3.0,20240410,월세,49.77,6000,110,2022.0,연립다세대,2024
성북구,13400,길음동,21.0,20240703,월세,114.98,55000,100,2010.0,아파트,2024
성북구,13400,길음동,20.0,20240703,월세,59.98,4000,180,2010.0,아파트,2024
성북구,11300,삼선동3가,6.0,20240326,월세,35.58,4322,8,2008.0,아파트,2024
성북구,11300,삼선동3가,6.0,20240326,월세,35.58,2112,21,2008.0,아파트,2024
성북구,11900,동선동4가,11.0,20240407,월세,21.05,500,70,2011.0,오피스텔,2024
성북구,11200,삼선동2가,5.0,20240326,월세,84.88,20000,130,2008.0,아파트,2024
성북구,13800,장위동,,20240223,월세,26.26,300,25,,단독다가구,2024
성북구,13400,길음동,34.0,20240703,월세,84.69,30000,200,2024.0,아파트,2024
성북구,13500,종암동,2.0,20240410,월세,49.22,6000,30,1995.0,연립다세대,2024
성북구,13000,보문동1가,4.0,20240404,월세,59.791,22000,150,2022.0,아파트,2024
성북구,13000,보문동1가,16.0,20240404,월세,59.791,23000,150,2022.0,아파트,2024
성북구,13600,하월곡동,11.0,20240515,월세,79.984,20000,100,2004.0,아파트,2024
성북구,13600,하월곡동,13.0,20240323,월세,15.62,1000,65,2013.0,아파트,2024
성북구,13000,보문동1가,,20240223,월세,28.0,1000,55,,단독다가구,2024
성북구,13800,장위동,,20240309,월세,40.0,500,30,,단독다가구,2024
성북구,13300,정릉동,,20240315,월세,33.0,1000,40,,단독다가구,2024
성북구,13800,장위동,,20240229,월세,15.0,500,20,,단독다가구,2024
성북구,11800,동선동3가,,20240213,월세,43.6,5000,55,,단독다가구,2024
성북구,10100,성북동,1.0,20240410,월세,59.92,20000,100,2016.0,연립다세대,2024
성북구,11700,동선동2가,,20240223,월세,29.7,1000,50,,단독다가구,2024
성북구,13600,하월곡동,,20240223,월세,30.0,500,25,,단독다가구,2024
성북구,13300,정릉동,,20240223,월세,30.0,5000,75,,단독다가구,2024
성북구,12700,보문동5가,,20240213,월세,45.95,8000,20,,단독다가구,2024
성북구,12300,안암동3가,4.0,20240805,월세,60.89,13000,10,1971.0,아파트,2024
성북구,13600,하월곡동,4.0,20240512,월세,59.855,15000,95,2003.0,아파트,2024
성북구,13600,하월곡동,,20240815,월세,17.0,5000,38,2021.0,단독다가구,2024
성북구,13500,종암동,,20240219,월세,38.0,1000,55,,단독다가구,2024
성북구,13300,정릉동,,20240229,월세,17.32,1000,40,,단독다가구,2024
성북구,13300,정릉동,,20240226,월세,16.0,3000,41,,단독다가구,2024
성북구,13400,길음동,3.0,20240627,월세,84.64,26100,105,2005.0,아파트,2024
성북구,12200,안암동2가,,20240315,월세,35.0,1000,55,,단독다가구,2024
성북구,13500,종암동,,20240213,월세,49.83,2000,50,,단독다가구,2024
성북구,13400,길음동,,20240312,월세,23.0,500,50,,단독다가구,2024
성북구,12600,보문동4가,2.0,20240410,월세,28.06,5000,42,1972.0,오피스텔,2024
성북구,13300,정릉동,,20240226,월세,17.0,2000,46,,단독다가구,2024
성북구,10900,동소문동6가,,20240219,월세,39.76,7000,28,,단독다가구,2024
성북구,13900,석관동,,20240219,월세,39.98,1000,40,,단독다가구,2024
성북구,11500,삼선동5가,,20240905,월세,55.0,1000,120,1994.0,단독다가구,2024
성북구,11800,동선동3가,,20240226,월세,18.0,1000,45,,단독다가구,2024
성북구,13300,정릉동,,20240229,월세,19.5,2000,46,,단독다가구,2024
성북구,13800,장위동,,20240216,월세,84.07,9000,25,,단독다가구,2024
성북구,13600,하월곡동,,20240216,월세,88.0,1000,40,,단독다가구,2024
성북구,11800,동선동3가,,20240815,월세,18.0,5000,42,2010.0,단독다가구,2024
성북구,12200,안암동2가,,20240309,월세,46.0,3000,85,,단독다가구,2024
성북구,13900,석관동,,20240312,월세,24.22,100,35,,단독다가구,2024
성북구,13300,정릉동,2.0,20240521,월세,56.18,14000,30,2003.0,연립다세대,2024
성북구,13400,길음동,27.0,20240630,월세,59.36,20000,160,2024.0,아파트,2024
성북구,13300,정릉동,,20240226,월세,19.5,5000,31,,단독다가구,2024
성북구,11300,삼선동3가,5.0,20240404,월세,116.86,73500,40,2012.0,아파트,2024
성북구,13500,종암동,2.0,20240410,월세,56.93,3000,85,2002.0,연립다세대,2024
성북구,13100,보문동2가,6.0,20240820,월세,38.08,5000,50,2005.0,연립다세대,2024
성북구,13900,석관동,,20240226,월세,20.0,200,20,,단독다가구,2024
성북구,11600,동선동1가,,20240226,월세,20.0,25,25,,단독다가구,2024
성북구,13500,종암동,,20240219,월세,43.37,5000,55,,단독다가구,2024
성북구,13500,종암동,4.0,20240727,월세,24.9,15000,30,2018.0,연립다세대,2024
성북구,10100,성북동,,20240315,월세,38.3,600,50,,단독다가구,2024
성북구,10900,동소문동6가,,20240303,월세,16.0,300,28,,단독다가구,2024
성북구,13900,석관동,5.0,20240319,월세,49.84,1500,120,2015.0,연립다세대,2024
성북구,10100,성북동,1.0,20240413,월세,76.21,5000,120,2002.0,연립다세대,2024
성북구,13600,하월곡동,6.0,20240630,월세,59.65,35000,45,2010.0,아파트,2024
성북구,11100,삼선동1가,,20240315,월세,39.6,400,40,,단독다가구,2024
성북구,13800,장위동,3.0,20240813,월세,37.26,11600,20,1994.0,연립다세대,2024
성북구,12100,안암동1가,,20240309,월세,50.24,1400,26,,단독다가구,2024
성북구,12100,안암동1가,,20240309,월세,50.24,1200,28,,단독다가구,2024
성북구,13600,하월곡동,3.0,20240930,월세,29.92,3000,95,2023.0,연립다세대,2024
성북구,13500,종암동,,20240229,월세,23.1,500,45,,단독다가구,2024
성북구,13800,장위동,,20240315,월세,40.0,500,45,,단독다가구,2024
성북구,12500,안암동5가,,20240226,월세,21.0,300,35,,단독다가구,2024
성북구,13400,길음동,11.0,20240706,월세,59.781,10000,190,2022.0,아파트,2024
성북구,13800,장위동,12.0,20240709,월세,59.99,10000,175,2020.0,아파트,2024
성북구,13800,장위동,,20240309,월세,53.37,7000,20,,단독다가구,2024
성북구,12900,보문동7가,,20240220,월세,38.0,2000,95,,단독다가구,2024
성북구,13800,장위동,,20240217,월세,65.98,13000,25,,단독다가구,2024
성북구,13300,정릉동,2.0,20240407,월세,29.97,5000,50,2015.0,연립다세대,2024
성북구,10100,성북동,,20240217,월세,66.12,3000,110,,단독다가구,2024
성북구,12800,보문동6가,,20240229,월세,25.3,1000,50,,단독다가구,2024
성북구,12700,보문동5가,,20240306,월세,16.0,500,40,,단독다가구,2024
성북구,12100,안암동1가,,20240309,월세,60.0,5000,70,,단독다가구,2024
성북구,12300,안암동3가,4.0,20240413,월세,98.68,10000,120,1983.0,아파트,2024
성북구,13400,길음동,,20240309,월세,60.9,2000,55,,단독다가구,2024
성북구,11900,동선동4가,12.0,20240416,월세,21.77,4850,51,2011.0,오피스텔,2024
성북구,13500,종암동,8.0,20241212,월세,59.98,10000,130,2011.0,아파트,2024
성북구,13300,정릉동,,20240213,월세,196.2,100,39,,단독다가구,2024
성북구,13900,석관동,2.0,20240703,월세,56.4,500,60,1991.0,연립다세대,2024
성북구,13800,장위동,2.0,20240813,월세,43.68,19500,10,2015.0,연립다세대,2024
성북구,11100,삼선동1가,,20240213,월세,238.83,1000,40,,단독다가구,2024
성북구,13300,정릉동,,20240213,월세,247.56,2000,40,,단독다가구,2024
성북구,12800,보문동6가,,20240226,월세,26.4,500,45,,단독다가구,2024
성북구,13800,장위동,4.0,20240323,월세,18.03,3000,50,2019.0,오피스텔,2024
성북구,13300,정릉동,3.0,20240927,월세,91.89,2300,110,1993.0,연립다세대,2024
성북구,13900,석관동,,20240312,월세,33.0,500,35,,단독다가구,2024
성북구,11100,삼선동1가,,20240312,월세,33.0,300,30,,단독다가구,2024
성북구,13500,종암동,,20240226,월세,28.0,1000,70,,단독다가구,2024
성북구,12800,보문동6가,12.0,20240416,월세,29.96,11639,30,2017.0,아파트,2024
성북구,11900,동선동4가,,20240303,월세,23.04,3000,35,,단독다가구,2024
성북구,13800,장위동,,20240226,월세,28.26,0,30,,단독다가구,2024
성북구,13500,종암동,,20240306,월세,19.8,500,50,,단독다가구,2024
성북구,13500,종암동,,20240226,월세,30.0,1000,60,,단독다가구,2024
성북구,13900,석관동,11.0,20240329,월세,59.9,30000,60,2009.0,아파트,2024
성북구,13100,보문동2가,2.0,20240425,월세,20.08,13000,20,2015.0,연립다세대,2024
성북구,13100,보문동2가,2.0,20240425,월세,21.53,14500,15,2015.0,연립다세대,2024
성북구,10500,동소문동2가,,20240221,월세,26.4,500,45,,단독다가구,2024
성북구,13500,종암동,,20240228,월세,36.0,8000,48,,단독다가구,2024
성북구,13500,종암동,,20240305,월세,16.5,300,50,,단독다가구,2024
성북구,13800,장위동,5.0,20240911,월세,29.39,14800,5,2016.0,연립다세대,2024
성북구,13500,종암동,19.0,20240902,월세,59.98,10000,130,2010.0,아파트,2024
성북구,13500,종암동,11.0,20240608,월세,59.73,5000,130,2004.0,아파트,2024
성북구,13300,정릉동,2.0,20240518,월세,44.1,2000,75,2002.0,연립다세대,2024
성북구,13400,길음동,4.0,20240709,월세,38.017,2869,15,2022.0,아파트,2024
성북구,13800,장위동,2.0,20240422,월세,47.35,2000,50,2002.0,연립다세대,2024
성북구,11900,동선동4가,,20240308,월세,20.0,1000,50,,단독다가구,2024
성북구,12100,안암동1가,,20240815,월세,19.83,1000,48,1994.0,단독다가구,2024
성북구,13300,정릉동,1.0,20240810,월세,14.974,1050,53,2023.0,연립다세대,2024
성북구,13800,장위동,2.0,20240911,월세,28.2,18100,10,2020.0,연립다세대,2024
성북구,13300,정릉동,6.0,20240320,월세,59.94,7000,73,2003.0,아파트,2024
성북구,13900,석관동,,20240305,월세,20.0,300,25,,단독다가구,2024
성북구,13800,장위동,11.0,20240605,월세,14.714,1000,61,2019.0,아파트,2024
성북구,13300,정릉동,5.0,20240320,월세,84.09,5000,140,2005.0,아파트,2024
성북구,13600,하월곡동,8.0,20240518,월세,23.28,2000,80,2020.0,오피스텔,2024
성북구,12800,보문동6가,1.0,20240501,월세,84.99,7000,45,2017.0,아파트,2024
성북구,13800,장위동,4.0,20241018,월세,15.214,1000,65,2019.0,아파트,2024
성북구,10700,동소문동4가,,20240824,월세,13.0,3000,40,2011.0,단독다가구,2024
성북구,13100,보문동2가,2.0,20240317,월세,26.6,1000,52,2002.0,연립다세대,2024
성북구,13900,석관동,3.0,20241025,월세,43.89,1000,70,2008.0,연립다세대,2024
성북구,13900,석관동,3.0,20240605,월세,61.02,15000,55,2009.0,연립다세대,2024
성북구,13300,정릉동,1.0,20240320,월세,49.28,13000,30,2001.0,연립다세대,2024
성북구,13300,정릉동,4.0,20240317,월세,26.39,10718,14,2020.0,연립다세대,2024
성북구,13300,정릉동,10.0,20240703,월세,43.11,300,50,2001.0,아파트,2024
성북구,10900,동소문동6가,10.0,20240911,월세,14.02,1000,80,2015.0,아파트,2024
성북구,13800,장위동,1.0,20240808,월세,59.15,1000,55,2019.0,연립다세대,2024
성북구,13600,하월곡동,,20240228,월세,46.0,5000,20,,단독다가구,2024
성북구,12500,안암동5가,,20240228,월세,46.28,7000,45,,단독다가구,2024
성북구,10800,동소문동5가,19.0,20240605,월세,15.942,1000,100,2018.0,아파트,2024
성북구,11900,동선동4가,,20240221,월세,36.0,1000,60,,단독다가구,2024
성북구,13500,종암동,,20240228,월세,46.67,2000,65,,단독다가구,2024
성북구,10300,돈암동,4.0,20241115,월세,59.4,5000,120,1999.0,아파트,2024
성북구,10300,돈암동,,20240218,월세,171.24,3000,35,,단독다가구,2024
성북구,10900,동소문동6가,,20240302,월세,50.0,7000,70,,단독다가구,2024
성북구,13800,장위동,4.0,20240404,월세,18.03,1000,60,2019.0,오피스텔,2024
성북구,13300,정릉동,,20240302,월세,50.41,500,50,,단독다가구,2024
성북구,13800,장위동,,20240218,월세,246.71,3000,50,,단독다가구,2024
성북구,12700,보문동5가,,20240302,월세,51.92,4000,60,,단독다가구,2024
성북구,12100,안암동1가,,20240226,월세,30.0,300,30,,단독다가구,2024
성북구,13100,보문동2가,4.0,20240422,월세,23.05,2000,55,2009.0,연립다세대,2024
성북구,13900,석관동,,20240312,월세,33.3,1000,35,,단독다가구,2024
성북구,11000,동소문동7가,,20240315,월세,48.69,1000,90,,단독다가구,2024
성북구,13500,종암동,,20240219,월세,45.2,1000,87,,단독다가구,2024
성북구,13300,정릉동,,20240223,월세,49.07,9000,30,,단독다가구,2024
성북구,12300,안암동3가,,20240312,월세,35.0,10000,55,,단독다가구,2024
성북구,13900,석관동,,20240219,월세,48.0,2000,50,,단독다가구,2024
성북구,13600,하월곡동,,20240215,월세,145.14,500,40,,단독다가구,2024
성북구,13900,석관동,,20240226,월세,32.0,300,25,,단독다가구,2024
성북구,10700,동소문동4가,2.0,20240730,월세,61.82,1000,61,2002.0,연립다세대,2024
성북구,10300,돈암동,25.0,20241226,월세,84.59,10000,135,1999.0,아파트,2024
성북구,10700,동소문동4가,4.0,20240802,월세,61.82,500,50,2002.0,연립다세대,2024
성북구,13800,장위동,,20240229,월세,33.74,1000,30,,단독다가구,2024
성북구,10100,성북동,2.0,20240413,월세,37.36,7000,50,1971.0,아파트,2024
성북구,13900,석관동,,20240316,월세,35.64,200,30,,단독다가구,2024
성북구,13300,정릉동,,20240215,월세,247.56,2000,40,,단독다가구,2024
성북구,13300,정릉동,,20240821,월세,15.0,100,38,1971.0,단독다가구,2024
성북구,10300,돈암동,8.0,20240805,월세,39.147,3798,17,2016.0,아파트,2024
성북구,10300,돈암동,8.0,20240805,월세,39.147,5585,7,2016.0,아파트,2024
성북구,11800,동선동3가,,20240306,월세,24.0,1000,50,,단독다가구,2024
성북구,13300,정릉동,,20240914,월세,48.26,1500,55,1960.0,단독다가구,2024
성북구,11700,동선동2가,,20240316,월세,36.32,5000,75,,단독다가구,2024
성북구,13900,석관동,,20240226,월세,35.55,500,40,,단독다가구,2024
성북구,13500,종암동,,20240226,월세,36.0,1000,80,,단독다가구,2024
성북구,10100,성북동,,20240316,월세,36.95,1000,45,,단독다가구,2024
성북구,10100,성북동,,20240316,월세,37.0,2000,40,,단독다가구,2024
성북구,13700,상월곡동,3.0,20241115,월세,43.04,1500,105,2015.0,연립다세대,2024
성북구,13300,정릉동,,20240229,월세,35.26,1000,45,,단독다가구,2024
성북구,13600,하월곡동,,20240815,월세,23.0,500,29,1993.0,단독다가구,2024
성북구,13700,상월곡동,,20240313,월세,36.36,500,50,,단독다가구,2024
성북구,13900,석관동,,20240824,월세,17.0,500,43,2017.0,단독다가구,2024
성북구,11100,삼선동1가,,20240226,월세,38.18,500,40,,단독다가구,2024
성북구,10300,돈암동,,20240226,월세,38.6,3000,50,,단독다가구,2024
성북구,13600,하월곡동,11.0,20240504,월세,15.54,1000,60,2013.0,아파트,2024
성북구,13900,석관동,,20240901,월세,18.0,500,27,1990.0,단독다가구,2024
성북구,11300,삼선동3가,,20240610,월세,47.07,5000,85,1991.0,단독다가구,2024
성북구,13300,정릉동,3.0,20240518,월세,40.2,3000,55,1995.0,연립다세대,2024
성북구,13300,정릉동,,20240303,월세,33.0,400,50,,단독다가구,2024
성북구,12000,동선동5가,,20240821,월세,16.0,500,40,1999.0,단독다가구,2024
성북구,11200,삼선동2가,-1.0,20240329,월세,35.91,7000,20,1995.0,연립다세대,2024
성북구,12500,안암동5가,3.0,20241207,월세,14.13,2000,65,2012.0,연립다세대,2024
성북구,13600,하월곡동,,20240226,월세,40.88,1000,40,,단독다가구,2024
성북구,12800,보문동6가,,20240509,월세,15.0,300,30,1991.0,단독다가구,2024
성북구,13800,장위동,,20240303,월세,33.36,500,35,,단독다가구,2024
성북구,13300,정릉동,4.0,20240518,월세,59.88,6000,80,2005.0,아파트,2024
성북구,13300,정릉동,6.0,20240518,월세,84.09,200,30,2005.0,아파트,2024
성북구,13300,정릉동,,20240815,월세,24.0,1000,55,2002.0,단독다가구,2024
성북구,13300,정릉동,4.0,20240518,월세,22.26,2233,21,2020.0,연립다세대,2024
성북구,13300,정릉동,3.0,20240518,월세,22.26,8774,12,2020.0,연립다세대,2024
성북구,13800,장위동,,20240310,월세,66.0,4500,10,,단독다가구,2024
성북구,13300,정릉동,4.0,20240518,월세,26.39,6343,9,2020.0,연립다세대,2024
성북구,12500,안암동5가,,20240515,월세,23.0,1000,95,2023.0,단독다가구,2024
성북구,11000,동소문동7가,5.0,20240912,월세,13.59,1000,50,2011.0,연립다세대,2024
성북구,13500,종암동,5.0,20240521,월세,59.73,10000,120,2004.0,아파트,2024
성북구,11300,삼선동3가,2.0,20240507,월세,35.58,844,23,2008.0,아파트,2024
성북구,11300,삼선동3가,2.0,20240507,월세,35.58,2112,21,2008.0,아파트,2024
성북구,11300,삼선동3가,9.0,20240507,월세,35.58,2112,21,2008.0,아파트,2024
성북구,13300,정릉동,,20240319,월세,16.0,1000,60,,단독다가구,2024
성북구,13500,종암동,17.0,20240329,월세,59.73,10000,125,2004.0,아파트,2024
성북구,10700,동소문동4가,8.0,20240912,월세,20.87,14000,25,2019.0,오피스텔,2024
성북구,10900,동소문동6가,13.0,20240404,월세,14.02,15000,20,2015.0,아파트,2024
성북구,12700,보문동5가,,20240319,월세,17.0,500,40,,단독다가구,2024
성북구,13900,석관동,,20240229,월세,47.86,12000,5,,단독다가구,2024
성북구,13800,장위동,5.0,20240602,월세,52.665,15000,75,2016.0,연립다세대,2024
성북구,11000,동소문동7가,4.0,20240326,월세,57.2,29400,5,2020.0,연립다세대,2024
성북구,13300,정릉동,1.0,20240712,월세,51.47,100,55,2020.0,연립다세대,2024
성북구,13600,하월곡동,,20240316,월세,50.0,2000,50,,단독다가구,2024
성북구,10700,동소문동4가,4.0,20240805,월세,61.82,500,55,2002.0,연립다세대,2024
성북구,13600,하월곡동,4.0,20241003,월세,32.68,11500,20,2002.0,연립다세대,2024
성북구,13300,정릉동,2.0,20240930,월세,45.0,1000,60,1994.0,연립다세대,2024
성북구,13500,종암동,5.0,20240314,월세,23.84,2000,95,2015.0,연립다세대,2024
성북구,12400,안암동4가,2.0,20240326,월세,52.1,2000,60,1969.0,아파트,2024
성북구,13600,하월곡동,,20240226,월세,59.23,3000,50,,단독다가구,2024
성북구,13500,종암동,,20240824,월세,19.0,1000,50,2011.0,단독다가구,2024
성북구,11500,삼선동5가,4.0,20240326,월세,70.6,24000,30,2002.0,연립다세대,2024
성북구,13300,정릉동,2.0,20240518,월세,58.85,13000,20,1998.0,연립다세대,2024
성북구,10800,동소문동5가,11.0,20241015,월세,14.093,1000,80,2018.0,아파트,2024
성북구,11800,동선동3가,,20240303,월세,45.0,8000,40,,단독다가구,2024
성북구,13000,보문동1가,13.0,20240624,월세,39.202,13616,37,2022.0,아파트,2024
성북구,13600,하월곡동,4.0,20240507,월세,15.62,9900,15,2013.0,아파트,2024
성북구,12800,보문동6가,11.0,20240624,월세,59.81,10000,180,2017.0,아파트,2024
성북구,10300,돈암동,3.0,20240527,월세,48.65,35500,10,2021.0,연립다세대,2024
성북구,11800,동선동3가,,20240229,월세,66.16,5000,70,,단독다가구,2024
성북구,13300,정릉동,,20240226,월세,73.39,3000,100,,단독다가구,2024
성북구,13600,하월곡동,,20240306,월세,40.17,4000,30,,단독다가구,2024
성북구,13500,종암동,,20240303,월세,48.91,1000,50,,단독다가구,2024
성북구,13500,종암동,,20240306,월세,42.0,1000,45,,단독다가구,2024
성북구,10100,성북동,2.0,20241003,월세,54.79,15000,40,1988.0,연립다세대,2024
성북구,12500,안암동5가,,20240818,월세,23.0,1000,80,1998.0,단독다가구,2024
성북구,11900,동선동4가,,20240601,월세,24.0,2000,45,2002.0,단독다가구,2024
성북구,12700,보문동5가,,20240306,월세,43.58,1000,60,,단독다가구,2024
성북구,13600,하월곡동,,20240824,월세,20.0,1000,40,1994.0,단독다가구,2024
성북구,13800,장위동,,20240227,월세,61.65,12000,15,,단독다가구,2024
성북구,11700,동선동2가,,20240815,월세,30.0,1000,70,1994.0,단독다가구,2024
성북구,13900,석관동,20.0,20241221,월세,84.9,13000,150,1998.0,아파트,2024
성북구,13800,장위동,4.0,20240504,월세,18.03,1000,60,2019.0,오피스텔,2024
성북구,13300,정릉동,5.0,20240608,월세,17.92,500,52,2004.0,오피스텔,2024
성북구,13800,장위동,25.0,20240618,월세,46.35,12391,33,2020.0,아파트,2024
성북구,13900,석관동,,20240301,월세,231.46,1000,48,,단독다가구,2024
성북구,13800,장위동,,20240302,월세,56.0,500,45,,단독다가구,2024
성북구,13600,하월곡동,7.0,20240802,월세,59.754,30000,30,2006.0,아파트,2024
성북구,13300,정릉동,4.0,20240314,월세,42.61,5000,65,2003.0,연립다세대,2024
성북구,12700,보문동5가,,20240302,월세,57.57,3000,60,,단독다가구,2024
성북구,13600,하월곡동,,20240311,월세,13.22,300,22,,단독다가구,2024
성북구,13600,하월곡동,,20240311,월세,15.0,300,29,,단독다가구,2024
성북구,10400,동소문동1가,,20240305,월세,30.0,6000,20,,단독다가구,2024
성북구,11500,삼선동5가,,20240305,월세,30.0,3000,60,,단독다가구,2024
성북구,13300,정릉동,,20240827,월세,10.85,1000,51,,단독다가구,2024
성북구,13900,석관동,,20240607,월세,19.0,4500,5,1992.0,단독다가구,2024
성북구,13500,종암동,-1.0,20241115,월세,43.65,8000,10,1997.0,연립다세대,2024
성북구,11800,동선동3가,,20240509,월세,23.0,1000,65,1996.0,단독다가구,2024
성북구,10800,동소문동5가,7.0,20240504,월세,15.424,18000,20,2018.0,아파트,2024
성북구,10800,동소문동5가,,20240311,월세,18.0,500,43,,단독다가구,2024
성북구,13300,정릉동,,20241216,월세,16.0,500,50,1965.0,단독다가구,2024
성북구,13300,정릉동,3.0,20240404,월세,58.98,4000,55,2007.0,연립다세대,2024
성북구,13800,장위동,,20240601,월세,24.1,300,35,1992.0,단독다가구,2024
성북구,11900,동선동4가,,20240821,월세,20.0,1000,50,1995.0,단독다가구,2024
성북구,13500,종암동,,20240305,월세,33.0,500,40,,단독다가구,2024
성북구,13500,종암동,,20240305,월세,33.0,500,90,,단독다가구,2024
성북구,13600,하월곡동,10.0,20240323,월세,59.855,30000,30,2003.0,아파트,2024
성북구,13600,하월곡동,19.0,20240323,월세,59.86,17000,90,2003.0,아파트,2024
성북구,12100,안암동1가,,20240228,월세,85.0,1101,95,,단독다가구,2024
성북구,13900,석관동,,20240228,월세,117.96,2000,30,,단독다가구,2024
성북구,13900,석관동,,20240228,월세,147.07,3000,53,,단독다가구,2024
성북구,10100,성북동,,20240813,월세,17.0,1000,50,,단독다가구,2024
성북구,13600,하월곡동,,20240813,월세,17.0,300,42,1969.0,단독다가구,2024
성북구,12200,안암동2가,,20240610,월세,51.6,10000,55,1992.0,단독다가구,2024
성북구,10300,돈암동,11.0,20240314,월세,152.25,10000,250,1998.0,아파트,2024
성북구,13400,길음동,9.0,20240627,월세,59.97,10000,170,2019.0,아파트,2024
성북구,13600,하월곡동,1.0,20240329,월세,84.88,15000,110,2007.0,아파트,2024
성북구,12800,보문동6가,7.0,20240721,월세,45.81,30000,80,2017.0,아파트,2024
성북구,13800,장위동,,20240815,월세,33.0,1000,55,1995.0,단독다가구,2024
성북구,10700,동소문동4가,18.0,20240422,월세,58.59,14000,70,1998.0,아파트,2024
성북구,10700,동소문동4가,5.0,20240501,월세,58.59,10900,70,1998.0,아파트,2024
성북구,12400,안암동4가,,20240304,월세,53.1,3000,65,,단독다가구,2024
성북구,11700,동선동2가,,20240311,월세,24.84,500,27,,단독다가구,2024
성북구,13800,장위동,2.0,20240329,월세,66.05,6000,70,2006.0,연립다세대,2024
성북구,10100,성북동,4.0,20240527,월세,32.82,7157,8,2018.0,연립다세대,2024
성북구,13800,장위동,13.0,20240507,월세,15.214,500,58,2019.0,아파트,2024
성북구,13900,석관동,12.0,20240805,월세,39.01,10944,41,2019.0,아파트,2024
성북구,13900,석관동,10.0,20240805,월세,39.01,8755,46,2019.0,아파트,2024
성북구,13900,석관동,10.0,20240805,월세,39.01,10944,41,2019.0,아파트,2024
성북구,13400,길음동,4.0,20240730,월세,84.769,1000,70,2022.0,아파트,2024
성북구,10100,성북동,5.0,20240326,월세,29.81,13000,90,2024.0,연립다세대,2024
성북구,13900,석관동,,20240307,월세,50.16,4000,55,,단독다가구,2024
성북구,13300,정릉동,1.0,20240323,월세,67.2,1000,80,1990.0,연립다세대,2024
성북구,13800,장위동,,20240311,월세,27.27,1000,38,,단독다가구,2024
성북구,12100,안암동1가,,20240311,월세,30.0,1000,70,,단독다가구,2024
성북구,13300,정릉동,,20240824,월세,25.0,500,40,1966.0,단독다가구,2024
성북구,13800,장위동,2.0,20240805,월세,36.14,10310,38,2020.0,아파트,2024
성북구,13800,장위동,17.0,20240805,월세,36.14,10310,38,2020.0,아파트,2024
성북구,12700,보문동5가,,20240824,월세,25.0,500,50,1990.0,단독다가구,2024
성북구,13100,보문동2가,2.0,20240329,월세,31.68,10000,23,2001.0,연립다세대,2024
성북구,13500,종암동,10.0,20240805,월세,59.99,25000,60,2004.0,아파트,2024
성북구,13800,장위동,2.0,20240422,월세,49.67,15000,15,2016.0,연립다세대,2024
성북구,13700,상월곡동,,20240827,월세,18.0,300,45,2017.0,단독다가구,2024
성북구,11900,동선동4가,,20240509,월세,31.0,2000,90,2018.0,단독다가구,2024
성북구,13300,정릉동,,20240827,월세,18.0,500,50,1957.0,단독다가구,2024
성북구,13600,하월곡동,,20240827,월세,18.0,2000,60,2019.0,단독다가구,2024
성북구,13800,장위동,7.0,20240805,월세,42.79,2779,17,2021.0,아파트,2024
성북구,11800,동선동3가,5.0,20240401,월세,24.73,3000,50,2001.0,연립다세대,2024
성북구,11400,삼선동4가,,20240311,월세,33.0,3000,55,,단독다가구,2024
성북구,13900,석관동,,20240304,월세,233.84,1000,60,,단독다가구,2024
성북구,13800,장위동,3.0,20240614,월세,49.33,3901,14,2006.0,아파트,2024
성북구,13800,장위동,14.0,20240614,월세,49.33,2069,28,2006.0,아파트,2024
성북구,13500,종암동,,20240305,월세,38.4,500,15,,단독다가구,2024
성북구,13600,하월곡동,8.0,20240401,월세,20.2,1000,60,2020.0,오피스텔,2024
성북구,13300,정릉동,3.0,20240709,월세,29.98,12000,15,2013.0,연립다세대,2024
성북구,11100,삼선동1가,2.0,20240314,월세,68.22,2000,60,2005.0,연립다세대,2024
성북구,11200,삼선동2가,,20240824,월세,26.38,1000,50,1997.0,단독다가구,2024
성북구,13300,정릉동,9.0,20240608,월세,59.92,4000,131,2009.0,아파트,2024
성북구,12100,안암동1가,9.0,20241003,월세,59.698,5000,155,2005.0,아파트,2024
성북구,13600,하월곡동,6.0,20240515,월세,84.88,20000,150,2007.0,아파트,2024
성북구,13600,하월곡동,,20240308,월세,39.58,500,43,,단독다가구,2024
성북구,12200,안암동2가,,20240914,월세,49.88,3000,85,1997.0,단독다가구,2024
성북구,12800,보문동6가,3.0,20240706,월세,59.87,10000,170,2017.0,아파트,2024
성북구,13300,정릉동,4.0,20240507,월세,55.6,10000,60,2015.0,연립다세대,2024
성북구,13500,종암동,,20240914,월세,50.0,1000,48,1993.0,단독다가구,2024
성북구,12800,보문동6가,,20240813,월세,19.83,300,30,1993.0,단독다가구,2024
성북구,13300,정릉동,10.0,20240326,월세,32.76,1543,16,2005.0,아파트,2024
성북구,13300,정릉동,4.0,20240326,월세,32.76,1543,16,2005.0,아파트,2024
성북구,13800,장위동,3.0,20241025,월세,59.52,15000,20,2002.0,연립다세대,2024
성북구,11100,삼선동1가,,20240610,월세,54.88,500,50,1987.0,단독다가구,2024
성북구,12000,동선동5가,,20240311,월세,39.36,1000,55,,단독다가구,2024
성북구,11800,동선동3가,3.0,20240410,월세,26.52,1000,47,2003.0,연립다세대,2024
성북구,10300,돈암동,2.0,20240404,월세,55.14,4000,68,2002.0,연립다세대,2024
성북구,11900,동선동4가,9.0,20240724,월세,48.2,2000,108,2017.0,오피스텔,2024
성북구,12700,보문동5가,,20240818,월세,33.0,500,40,1994.0,단독다가구,2024
성북구,13600,하월곡동,18.0,20240413,월세,84.843,5000,160,2003.0,아파트,2024
성북구,13500,종암동,,20240308,월세,47.89,15000,35,,단독다가구,2024
성북구,11200,삼선동2가,4.0,20240727,월세,84.83,35000,60,2008.0,아파트,2024
성북구,11500,삼선동5가,,20240305,월세,50.0,3000,75,,단독다가구,2024
성북구,13800,장위동,1.0,20240518,월세,56.85,8500,17,2001.0,연립다세대,2024
성북구,13300,정릉동,,20240305,월세,51.9,2000,70,,단독다가구,2024
성북구,13600,하월곡동,10.0,20240524,월세,84.843,5000,160,2003.0,아파트,2024
성북구,12100,안암동1가,,20240314,월세,18.0,1000,45,,단독다가구,2024
성북구,13800,장위동,3.0,20241215,월세,39.9,9856,36,2021.0,아파트,2024
성북구,10300,돈암동,19.0,20240515,월세,59.99,40000,15,2004.0,아파트,2024
성북구,12200,안암동2가,,20240824,월세,30.0,1000,55,1997.0,단독다가구,2024
성북구,13300,정릉동,,20241111,월세,57.54,8000,50,2000.0,단독다가구,2024
성북구,13300,정릉동,4.0,20241031,월세,34.93,23000,10,2022.0,연립다세대,2024
성북구,11300,삼선동3가,6.0,20240715,월세,35.58,2112,21,2008.0,아파트,2024
성북구,13300,정릉동,10.0,20240326,월세,84.95,20000,50,2005.0,아파트,2024
성북구,10100,성북동,,20240314,월세,20.0,500,30,,단독다가구,2024
성북구,13300,정릉동,2.0,20240518,월세,69.76,2000,80,2002.0,연립다세대,2024
성북구,13200,보문동3가,,20240305,월세,65.77,1000,60,,단독다가구,2024
성북구,13000,보문동1가,12.0,20240709,월세,84.905,50000,150,2022.0,아파트,2024
성북구,13300,정릉동,2.0,20240401,월세,84.09,4400,109,2005.0,아파트,2024
성북구,12100,안암동1가,,20240830,월세,19.83,2000,65,2018.0,단독다가구,2024
성북구,13900,석관동,,20241116,월세,35.12,1000,45,1989.0,단독다가구,2024
성북구,11200,삼선동2가,3.0,20240706,월세,84.71,1000,150,2009.0,아파트,2024
성북구,11400,삼선동4가,14.0,20240323,월세,59.94,31500,40,1999.0,아파트,2024
성북구,13800,장위동,3.0,20240416,월세,40.61,270,15,2016.0,연립다세대,2024
성북구,13300,정릉동,3.0,20240521,월세,22.26,5087,10,2020.0,연립다세대,2024
성북구,12500,안암동5가,,20240813,월세,23.0,1000,79,2021.0,단독다가구,2024
성북구,12100,안암동1가,4.0,20240504,월세,59.698,5000,150,2005.0,아파트,2024
성북구,13300,정릉동,19.0,20241009,월세,59.9,5000,130,1999.0,아파트,2024
성북구,13900,석관동,,20240311,월세,58.19,100,36,,단독다가구,2024
성북구,12100,안암동1가,,20240314,월세,25.0,1000,35,,단독다가구,2024
성북구,12100,안암동1가,,20240314,월세,25.0,500,35,,단독다가구,2024
성북구,13800,장위동,,20240311,월세,59.65,6000,50,,단독다가구,2024
성북구,13700,상월곡동,,20240821,월세,30.0,300,45,1991.0,단독다가구,2024
성북구,13500,종암동,,20240314,월세,26.5,1000,55,,단독다가구,2024
성북구,13800,장위동,,20240306,월세,59.76,2000,52,,단독다가구,2024
성북구,13500,종암동,17.0,20240404,월세,59.86,5000,120,1999.0,아파트,2024
성북구,13800,장위동,,20240306,월세,61.78,500,30,,단독다가구,2024
성북구,13900,석관동,,20240320,월세,20.0,200,34,,단독다가구,2024
성북구,13300,정릉동,19.0,20240515,월세,59.94,43000,4,2004.0,아파트,2024
성북구,13900,석관동,4.0,20241009,월세,12.38,5000,30,2010.0,연립다세대,2024
성북구,13500,종암동,2.0,20240521,월세,55.7,3000,130,2015.0,연립다세대,2024
성북구,13300,정릉동,13.0,20240410,월세,59.88,24000,20,2005.0,아파트,2024
성북구,13600,하월곡동,,20240824,월세,33.0,500,35,1992.0,단독다가구,2024
성북구,13600,하월곡동,8.0,20240624,월세,23.11,1000,85,2021.0,연립다세대,2024
성북구,10300,돈암동,,20240311,월세,80.41,13000,15,,단독다가구,2024
성북구,13400,길음동,12.0,20240910,월세,32.36,1235,28,2010.0,아파트,2024
성북구,13300,정릉동,2.0,20240507,월세,66.56,5000,80,2007.0,연립다세대,2024
성북구,13300,정릉동,,20240320,월세,20.87,500,50,,단독다가구,2024
성북구,13800,장위동,1.0,20240518,월세,35.58,11000,20,1993.0,연립다세대,2024
성북구,13300,정릉동,1.0,20240515,월세,75.07,13000,50,2001.0,연립다세대,2024
성북구,13300,정릉동,,20240306,월세,92.3,10000,95,,단독다가구,2024
성북구,13800,장위동,,20241111,월세,59.51,1000,65,2001.0,단독다가구,2024
성북구,13500,종암동,,20240827,월세,23.0,3000,50,2010.0,단독다가구,2024
성북구,13600,하월곡동,3.0,20240504,월세,28.31,13000,55,2021.0,연립다세대,2024
성북구,13400,길음동,10.0,20241218,월세,33.46,2848,5,2019.0,아파트,2024
성북구,13300,정릉동,,20240909,월세,13.0,500,52,2021.0,단독다가구,2024
성북구,11700,동선동2가,,20240319,월세,21.0,6000,30,,단독다가구,2024
성북구,10300,돈암동,2.0,20240902,월세,68.13,5000,130,1998.0,아파트,2024
성북구,11000,동소문동7가,,20240827,월세,23.1,2000,65,2016.0,단독다가구,2024
성북구,13900,석관동,4.0,20240621,월세,46.61,25000,5,2016.0,연립다세대,2024
성북구,13300,정릉동,1.0,20240524,월세,19.7,7660,9,2020.0,연립다세대,2024
성북구,13900,석관동,,20240319,월세,23.1,300,40,,단독다가구,2024
성북구,10200,성북동1가,2.0,20240524,월세,29.86,3000,100,2017.0,연립다세대,2024
성북구,13900,석관동,,20240824,월세,35.0,500,40,1996.0,단독다가구,2024
성북구,13300,정릉동,,20240316,월세,56.68,1000,70,,단독다가구,2024
성북구,13900,석관동,8.0,20240906,월세,29.98,5000,135,2024.0,오피스텔,2024
성북구,11100,삼선동1가,,20240509,월세,55.36,1000,40,1985.0,단독다가구,2024
성북구,11800,동선동3가,,20240827,월세,23.64,300,40,,단독다가구,2024
성북구,13400,길음동,,20240316,월세,59.54,5000,280,,단독다가구,2024
성북구,13500,종암동,16.0,20240507,월세,114.698,5000,166,2005.0,아파트,2024
성북구,11700,동선동2가,,20240813,월세,28.0,1000,65,2016.0,단독다가구,2024
성북구,10700,동소문동4가,,20240813,월세,28.0,1000,65,2001.0,단독다가구,2024
성북구,10900,동소문동6가,3.0,20240910,월세,32.97,30000,5,2023.0,연립다세대,2024
성북구,13800,장위동,3.0,20240323,월세,52.86,2000,55,1992.0,연립다세대,2024
성북구,11000,동소문동7가,5.0,20241106,월세,84.96,40000,100,2010.0,아파트,2024
성북구,12100,안암동1가,6.0,20241012,월세,59.698,22000,95,2005.0,아파트,2024
성북구,11700,동선동2가,3.0,20240515,월세,67.07,300,43,2004.0,연립다세대,2024
성북구,13300,정릉동,13.0,20240527,월세,84.09,10000,100,2005.0,아파트,2024
성북구,13300,정릉동,1.0,20240527,월세,22.26,4087,15,2020.0,연립다세대,2024
성북구,10300,돈암동,,20240314,월세,33.15,12000,25,,단독다가구,2024
성북구,13500,종암동,,20240813,월세,29.0,500,60,1990.0,단독다가구,2024
성북구,13900,석관동,,20240314,월세,33.32,500,35,,단독다가구,2024
성북구,10300,돈암동,13.0,20240602,월세,59.99,10000,140,2004.0,아파트,2024
성북구,13800,장위동,,20240509,월세,66.28,13000,10,1968.0,단독다가구,2024
성북구,12000,동선동5가,3.0,20240608,월세,106.21,35000,65,2004.0,아파트,2024
성북구,13500,종암동,3.0,20241115,월세,84.98,25000,120,2009.0,아파트,2024
성북구,11400,삼선동4가,,20240314,월세,36.0,2000,65,,단독다가구,2024
성북구,13500,종암동,,20240314,월세,36.0,500,45,,단독다가구,2024
성북구,13300,정릉동,,20240314,월세,36.12,500,30,,단독다가구,2024
성북구,10300,돈암동,9.0,20240329,월세,84.87,15000,140,1998.0,아파트,2024
성북구,10300,돈암동,5.0,20240326,월세,132.96,5000,240,1998.0,아파트,2024
성북구,13800,장위동,,20240509,월세,79.71,1000,50,1994.0,단독다가구,2024
성북구,13400,길음동,27.0,20241221,월세,59.99,5000,215,2019.0,아파트,2024
성북구,12000,동선동5가,2.0,20240413,월세,29.99,0,240,2020.0,연립다세대,2024
성북구,13400,길음동,,20240827,월세,27.0,1000,40,1993.0,단독다가구,2024
성북구,13300,정릉동,4.0,20240419,월세,59.09,27000,20,2019.0,연립다세대,2024
성북구,13300,정릉동,4.0,20240419,월세,59.09,26800,20,2019.0,연립다세대,2024
성북구,13500,종암동,5.0,20240323,월세,14.7,1000,52,2011.0,연립다세대,2024
성북구,13900,석관동,,20240314,월세,40.4,700,40,,단독다가구,2024
성북구,11600,동선동1가,7.0,20241109,월세,12.99,5000,45,2014.0,연립다세대,2024
성북구,12500,안암동5가,2.0,20240401,월세,25.24,5000,50,2022.0,연립다세대,2024
성북구,12200,안암동2가,,20240314,월세,44.01,300,43,,단독다가구,2024
성북구,12300,안암동3가,4.0,20240510,월세,17.64,1000,60,2019.0,연립다세대,2024
성북구,13800,장위동,2.0,20240416,월세,49.33,1881,25,2006.0,아파트,2024
성북구,13500,종암동,,20240824,월세,40.0,300,35,1993.0,단독다가구,2024
성북구,13300,정릉동,2.0,20240504,월세,117.02,10000,180,2009.0,아파트,2024
성북구,13300,정릉동,8.0,20240416,월세,59.63,10000,140,2015.0,아파트,2024
성북구,13900,석관동,,20240320,월세,35.0,500,50,,단독다가구,2024
성북구,13300,정릉동,,20240314,월세,48.29,5000,40,,단독다가구,2024
성북구,13300,정릉동,,20240815,월세,63.6,20000,20,1990.0,단독다가구,2024
성북구,13600,하월곡동,,20240827,월세,30.0,1000,60,1990.0,단독다가구,2024
성북구,13300,정릉동,3.0,20240811,월세,72.88,4000,80,2003.0,연립다세대,2024
성북구,10300,돈암동,6.0,20240401,월세,132.96,30000,160,1998.0,아파트,2024
성북구,10300,돈암동,10.0,20240401,월세,132.96,1000,150,1998.0,아파트,2024
성북구,13300,정릉동,3.0,20240425,월세,19.227,1280,77,2023.0,연립다세대,2024
성북구,13900,석관동,2.0,20240419,월세,84.85,20000,70,1994.0,아파트,2024
성북구,13800,장위동,6.0,20240727,월세,14.714,4000,45,2019.0,아파트,2024
성북구,13700,상월곡동,,20240518,월세,19.8,3000,43,2016.0,단독다가구,2024
성북구,13900,석관동,,20240314,월세,54.81,13000,25,,단독다가구,2024
성북구,13300,정릉동,,20240824,월세,40.86,5000,50,1979.0,단독다가구,2024
성북구,13800,장위동,1.0,20240510,월세,44.67,1000,40,1983.0,연립다세대,2024
성북구,13900,석관동,,20240824,월세,42.0,4000,40,1997.0,단독다가구,2024
성북구,13300,정릉동,,20240813,월세,34.06,500,40,1997.0,단독다가구,2024
성북구,13600,하월곡동,12.0,20240927,월세,84.843,10000,107,2003.0,아파트,2024
성북구,12700,보문동5가,,20240824,월세,42.33,9000,30,1993.0,단독다가구,2024
성북구,13800,장위동,4.0,20240524,월세,26.24,12000,10,2020.0,연립다세대,2024
성북구,11400,삼선동4가,4.0,20240510,월세,21.11,1000,60,2008.0,연립다세대,2024
성북구,10300,돈암동,1.0,20240504,월세,114.89,20000,165,2004.0,아파트,2024
성북구,10300,돈암동,16.0,20240608,월세,68.13,20000,90,1998.0,아파트,2024
성북구,10300,돈암동,9.0,20240608,월세,113.67,40000,85,1998.0,아파트,2024
성북구,11200,삼선동2가,4.0,20241118,월세,84.84,15000,90,2008.0,아파트,2024
성북구,13300,정릉동,4.0,20240425,월세,45.6,2000,85,1995.0,연립다세대,2024
성북구,12200,안암동2가,,20240320,월세,44.08,10000,40,,단독다가구,2024
성북구,13500,종암동,3.0,20240413,월세,48.3,6735,60,2002.0,연립다세대,2024
성북구,12500,안암동5가,,20240320,월세,45.0,4000,90,,단독다가구,2024
성북구,12200,안암동2가,3.0,20240730,월세,15.51,1000,70,2018.0,연립다세대,2024
성북구,13300,정릉동,,20240815,월세,99.17,1500,45,,단독다가구,2024
성북구,10300,돈암동,3.0,20240413,월세,152.25,5000,260,1998.0,아파트,2024
성북구,13700,상월곡동,,20241116,월세,36.6,500,45,1990.0,단독다가구,2024
성북구,13500,종암동,,20240320,월세,45.99,13000,35,,단독다가구,2024
성북구,13800,장위동,3.0,20240425,월세,53.56,4000,55,2003.0,연립다세대,2024
성북구,13500,종암동,5.0,20240419,월세,60.32,3000,80,2009.0,연립다세대,2024
성북구,11700,동선동2가,,20240329,월세,18.0,500,40,,단독다가구,2024
성북구,11100,삼선동1가,,20240323,월세,22.0,500,45,,단독다가구,2024
성북구,13600,하월곡동,,20240320,월세,48.02,10000,20,,단독다가구,2024
성북구,13300,정릉동,1.0,20240712,월세,38.34,10000,15,1994.0,연립다세대,2024
성북구,13300,정릉동,2.0,20240419,월세,28.43,4000,70,2019.0,연립다세대,2024
성북구,12800,보문동6가,1.0,20241203,월세,45.81,5000,160,2017.0,아파트,2024
성북구,13800,장위동,3.0,20241028,월세,46.77,4000,65,1997.0,연립다세대,2024
성북구,11200,삼선동2가,,20240315,월세,111.83,10000,80,,단독다가구,2024
성북구,13900,석관동,,20240315,월세,148.13,500,40,,단독다가구,2024
성북구,13900,석관동,,20240315,월세,164.61,1000,30,,단독다가구,2024
성북구,13800,장위동,27.0,20241218,월세,84.94,35000,105,2020.0,아파트,2024
성북구,13500,종암동,,20240319,월세,29.75,5000,45,,단독다가구,2024
성북구,12800,보문동6가,,20240319,월세,29.84,500,50,,단독다가구,2024
성북구,13300,정릉동,,20240319,월세,30.0,500,30,,단독다가구,2024
성북구,13400,길음동,,20240821,월세,42.0,1000,50,1995.0,단독다가구,2024
성북구,10300,돈암동,,20240329,월세,19.83,100,20,,단독다가구,2024
성북구,13500,종암동,,20240326,월세,18.0,300,30,,단독다가구,2024
성북구,11900,동선동4가,,20240326,월세,18.0,1000,60,,단독다가구,2024
성북구,11100,삼선동1가,2.0,20240807,월세,41.42,1000,50,1991.0,연립다세대,2024
성북구,12700,보문동5가,3.0,20240605,월세,49.73,3000,110,2016.0,연립다세대,2024
성북구,13900,석관동,3.0,20240422,월세,16.39,8800,5,2016.0,연립다세대,2024
성북구,13500,종암동,13.0,20241218,월세,84.95,30000,80,2004.0,아파트,2024
성북구,13300,정릉동,4.0,20240621,월세,61.01,1500,87,2002.0,연립다세대,2024
성북구,13900,석관동,1.0,20241221,월세,59.98,30000,70,2019.0,아파트,2024
성북구,11600,동선동1가,5.0,20240410,월세,13.74,4000,45,2012.0,연립다세대,2024
성북구,13300,정릉동,10.0,20240501,월세,59.26,1000,40,1999.0,아파트,2024
성북구,13500,종암동,14.0,20241226,월세,59.98,10000,180,2011.0,아파트,2024
성북구,10900,동소문동6가,,20240824,월세,48.0,2000,57,1994.0,단독다가구,2024
성북구,13500,종암동,5.0,20240902,월세,41.02,28700,30,2024.0,연립다세대,2024
성북구,11900,동선동4가,4.0,20240401,월세,15.3,3000,61,2012.0,연립다세대,2024
성북구,12700,보문동5가,,20240813,월세,38.88,2000,35,1993.0,단독다가구,2024
성북구,11500,삼선동5가,4.0,20241206,월세,22.06,3000,45,2003.0,연립다세대,2024
성북구,13500,종암동,,20240824,월세,49.2,3000,50,1993.0,단독다가구,2024
성북구,12500,안암동5가,,20240518,월세,26.0,1000,72,2018.0,단독다가구,2024
성북구,13800,장위동,4.0,20241118,월세,71.25,22000,10,2003.0,연립다세대,2024
성북구,13900,석관동,,20240320,월세,51.94,13000,30,,단독다가구,2024
성북구,13600,하월곡동,,20240329,월세,24.0,300,35,,단독다가구,2024
성북구,13800,장위동,21.0,20241218,월세,84.97,40000,80,2021.0,아파트,2024
성북구,13800,장위동,11.0,20240709,월세,15.214,1000,65,2019.0,아파트,2024
성북구,12100,안암동1가,,20240326,월세,21.0,1000,48,,단독다가구,2024
성북구,10300,돈암동,3.0,20240730,월세,59.79,25000,30,1998.0,아파트,2024
성북구,11400,삼선동4가,,20240323,월세,31.14,1000,85,,단독다가구,2024
성북구,13500,종암동,2.0,20240504,월세,59.4,5000,110,1996.0,아파트,2024
성북구,13600,하월곡동,,20240813,월세,40.0,3000,22,1994.0,단독다가구,2024
성북구,11900,동선동4가,5.0,20240404,월세,13.0,3000,49,2012.0,연립다세대,2024
성북구,13500,종암동,2.0,20241015,월세,84.73,15000,130,2005.0,아파트,2024
성북구,13800,장위동,,20240827,월세,35.0,1000,15,,단독다가구,2024
성북구,13800,장위동,18.0,20241221,월세,59.99,15000,140,2020.0,아파트,2024
성북구,13300,정릉동,,20240821,월세,44.0,1000,60,1992.0,단독다가구,2024
성북구,13500,종암동,,20240518,월세,30.0,300,35,1997.0,단독다가구,2024
성북구,11900,동선동4가,,20240317,월세,212.43,500,37,,단독다가구,2024
성북구,13600,하월곡동,6.0,20240807,월세,59.98,25000,90,2007.0,아파트,2024
성북구,13500,종암동,,20240515,월세,25.0,300,30,,단독다가구,2024
성북구,12200,안암동2가,,20240401,월세,17.0,3000,15,,단독다가구,2024
성북구,12000,동선동5가,,20240326,월세,26.88,1000,70,,단독다가구,2024
성북구,12500,안암동5가,,20240401,월세,18.0,500,35,,단독다가구,2024
성북구,13900,석관동,10.0,20240712,월세,84.92,20000,100,2011.0,아파트,2024
성북구,13900,석관동,1.0,20240513,월세,33.4,1000,50,1996.0,연립다세대,2024
성북구,10100,성북동,1.0,20240504,월세,28.86,23000,10,2019.0,연립다세대,2024
성북구,13600,하월곡동,10.0,20240527,월세,87.34,15000,120,2010.0,오피스텔,2024
성북구,12800,보문동6가,5.0,20241130,월세,59.81,15000,160,2017.0,아파트,2024
성북구,13500,종암동,3.0,20240822,월세,13.161,1000,66,2023.0,연립다세대,2024
성북구,13300,정릉동,4.0,20240810,월세,59.88,28350,15,2005.0,아파트,2024
성북구,13500,종암동,5.0,20240822,월세,15.91,1000,84,2023.0,연립다세대,2024
성북구,11600,동선동1가,7.0,20240718,월세,14.08,5000,45,2014.0,연립다세대,2024
성북구,13800,장위동,,20240319,월세,48.0,8000,10,,단독다가구,2024
성북구,13800,장위동,,20240824,월세,57.65,1000,45,1968.0,단독다가구,2024
성북구,13300,정릉동,5.0,20240507,월세,31.22,2131,13,2015.0,아파트,2024
성북구,13300,정릉동,5.0,20240507,월세,31.22,852,16,2015.0,아파트,2024
성북구,12500,안암동5가,3.0,20240605,월세,18.85,2000,45,2011.0,연립다세대,2024
성북구,13300,정릉동,1.0,20241121,월세,39.97,8800,20,1994.0,연립다세대,2024
성북구,13900,석관동,,20240401,월세,23.0,200,23,,단독다가구,2024
성북구,11700,동선동2가,,20240404,월세,20.0,1000,46,,단독다가구,2024
성북구,11300,삼선동3가,4.0,20240703,월세,84.95,65000,33,2012.0,아파트,2024
성북구,13500,종암동,,20240830,월세,38.08,3000,55,1994.0,단독다가구,2024
성북구,11700,동선동2가,,20240401,월세,23.1,4000,45,,단독다가구,2024
성북구,10300,돈암동,14.0,20240927,월세,84.98,45000,25,2005.0,아파트,2024
성북구,10300,돈암동,11.0,20240527,월세,84.87,30000,90,1998.0,아파트,2024
성북구,10900,동소문동6가,6.0,20240727,월세,18.3,17500,15,2015.0,오피스텔,2024
성북구,11400,삼선동4가,9.0,20240816,월세,29.53,1000,97,2014.0,오피스텔,2024
성북구,13300,정릉동,,20240319,월세,58.2,3000,60,,단독다가구,2024
성북구,13600,하월곡동,,20240813,월세,45.82,1000,40,1997.0,단독다가구,2024
성북구,13800,장위동,,20240824,월세,63.02,7500,20,1986.0,단독다가구,2024
성북구,13500,종암동,24.0,20240507,월세,84.72,10000,145,1999.0,아파트,2024
성북구,13800,장위동,,20240824,월세,65.36,10000,25,1986.0,단독다가구,2024
성북구,11100,삼선동1가,,20240827,월세,39.89,2000,65,2003.0,단독다가구,2024
성북구,13300,정릉동,,20240827,월세,40.0,1500,100,1978.0,단독다가구,2024
성북구,13600,하월곡동,,20240323,월세,49.6,3000,43,,단독다가구,2024
성북구,13700,상월곡동,,20240827,월세,40.0,500,55,1992.0,단독다가구,2024
성북구,11100,삼선동1가,,20240326,월세,38.0,6000,45,,단독다가구,2024
성북구,13100,보문동2가,,20240830,월세,40.0,500,40,1993.0,단독다가구,2024
성북구,13300,정릉동,,20240319,월세,75.38,10000,30,,단독다가구,2024
성북구,13900,석관동,,20240518,월세,37.72,1000,50,1974.0,단독다가구,2024
성북구,10700,동소문동4가,,20240413,월세,19.8,1000,60,,단독다가구,2024
성북구,13600,하월곡동,14.0,20240627,월세,15.52,3000,50,2013.0,아파트,2024
성북구,13500,종암동,,20240329,월세,41.5,5000,60,,단독다가구,2024
성북구,10900,동소문동6가,,20240323,월세,52.92,6000,95,,단독다가구,2024
성북구,13300,정릉동,,20240404,월세,24.9,1000,55,,단독다가구,2024
성북구,13600,하월곡동,,20240323,월세,54.07,5000,30,,단독다가구,2024
성북구,11200,삼선동2가,,20240404,월세,25.0,300,50,,단독다가구,2024
성북구,13800,장위동,11.0,20240621,월세,18.03,1000,65,2019.0,오피스텔,2024
성북구,11600,동선동1가,,20240410,월세,20.0,1000,50,,단독다가구,2024
성북구,13400,길음동,,20240518,월세,39.0,500,55,2003.0,단독다가구,2024
성북구,13900,석관동,,20240323,월세,56.09,2000,75,,단독다가구,2024
성북구,13900,석관동,,20240323,월세,56.9,15000,10,,단독다가구,2024
성북구,13800,장위동,5.0,20241226,월세,36.14,8787,24,2020.0,아파트,2024
성북구,11000,동소문동7가,11.0,20241130,월세,59.95,36000,25,2010.0,아파트,2024
성북구,13300,정릉동,3.0,20240912,월세,14.07,9380,9,2019.0,연립다세대,2024
성북구,13300,정릉동,2.0,20240527,월세,35.72,0,85,2020.0,연립다세대,2024
성북구,10100,성북동,,20240902,월세,15.0,1000,40,,단독다가구,2024
성북구,10900,동소문동6가,,20240608,월세,16.0,500,28,1973.0,단독다가구,2024
성북구,13700,상월곡동,4.0,20240624,월세,13.64,500,39,2012.0,연립다세대,2024
성북구,11800,동선동3가,3.0,20240906,월세,21.96,7000,25,2002.0,연립다세대,2024
성북구,13400,길음동,2.0,20240516,월세,59.998,1000,200,2003.0,아파트,2024
성북구,13800,장위동,4.0,20240924,월세,54.08,1804,24,2018.0,연립다세대,2024
성북구,13800,장위동,,20240408,월세,48.38,500,35,,단독다가구,2024
성북구,12800,보문동6가,,20240518,월세,40.61,13000,10,1991.0,단독다가구,2024
성북구,13100,보문동2가,4.0,20241001,월세,51.1,7000,60,1940.0,연립다세대,2024
성북구,11800,동선동3가,,20240521,월세,15.0,500,45,,단독다가구,2024
성북구,13800,장위동,13.0,20240516,월세,39.0,1081,19,2022.0,아파트,2024
성북구,10300,돈암동,21.0,20240910,월세,32.49,2305,6,1999.0,아파트,2024
성북구,13900,석관동,,20240821,월세,46.08,200,25,2014.0,단독다가구,2024
성북구,11800,동선동3가,,20240325,월세,23.1,1000,60,,단독다가구,2024
성북구,10100,성북동,,20240813,월세,54.09,4000,100,1997.0,단독다가구,2024
성북구,13800,장위동,13.0,20240415,월세,39.34,3546,9,2006.0,아파트,2024
성북구,10900,동소문동6가,4.0,20240513,월세,33.12,20000,8,2011.0,연립다세대,2024
성북구,13500,종암동,,20240518,월세,44.63,4000,50,1965.0,단독다가구,2024
성북구,13900,석관동,15.0,20240412,월세,59.94,15000,65,1999.0,아파트,2024
성북구,12800,보문동6가,12.0,20240805,월세,29.96,11705,30,2017.0,아파트,2024
성북구,12800,보문동6가,12.0,20240805,월세,29.96,10209,37,2017.0,아파트,2024
성북구,12800,보문동6가,13.0,20240805,월세,29.96,10209,37,2017.0,아파트,2024
성북구,13800,장위동,,20240827,월세,44.19,1500,55,,단독다가구,2024
성북구,12800,보문동6가,12.0,20240808,월세,29.96,9642,35,2017.0,아파트,2024
성북구,12800,보문동6가,6.0,20240808,월세,29.96,10209,37,2017.0,아파트,2024
성북구,11400,삼선동4가,4.0,20240816,월세,31.0,14000,5,2013.0,연립다세대,2024
성북구,13800,장위동,,20240827,월세,45.0,500,30,1993.0,단독다가구,2024
성북구,13600,하월곡동,,20240521,월세,17.0,3700,5,2020.0,단독다가구,2024
성북구,12500,안암동5가,,20240325,월세,26.4,300,42,,단독다가구,2024
성북구,12100,안암동1가,2.0,20240513,월세,27.48,5000,73,2015.0,연립다세대,2024
성북구,13300,정릉동,2.0,20240527,월세,52.29,10000,20,1991.0,연립다세대,2024
성북구,13600,하월곡동,,20240328,월세,25.8,2000,70,,단독다가구,2024
성북구,13500,종암동,21.0,20240415,월세,114.75,50000,20,1999.0,아파트,2024
성북구,13900,석관동,18.0,20240513,월세,134.97,15000,120,1998.0,아파트,2024
성북구,13800,장위동,4.0,20240724,월세,25.43,500,45,2003.0,오피스텔,2024
성북구,12100,안암동1가,,20240813,월세,60.24,29000,9,,단독다가구,2024
성북구,13900,석관동,,20240325,월세,30.0,1000,30,,단독다가구,2024
성북구,13800,장위동,,20240321,월세,75.96,2000,80,,단독다가구,2024
성북구,11800,동선동3가,,20240518,월세,50.0,3000,65,1997.0,단독다가구,2024
성북구,13300,정릉동,7.0,20240927,월세,32.76,1543,16,2005.0,아파트,2024
성북구,13300,정릉동,6.0,20240927,월세,32.76,1543,16,2005.0,아파트,2024
성북구,13300,정릉동,19.0,20240927,월세,32.76,1543,16,2005.0,아파트,2024
성북구,13100,보문동2가,4.0,20240825,월세,75.77,2000,50,2005.0,연립다세대,2024
성북구,11800,동선동3가,4.0,20240831,월세,49.77,3000,94,2012.0,연립다세대,2024
성북구,13500,종암동,,20240321,월세,96.93,5000,100,,단독다가구,2024
성북구,10100,성북동,4.0,20240427,월세,44.11,2000,85,1994.0,연립다세대,2024
성북구,13500,종암동,,20240406,월세,16.0,3000,60,,단독다가구,2024
성북구,11500,삼선동5가,,20240321,월세,139.77,1000,60,,단독다가구,2024
성북구,13500,종암동,,20240331,월세,27.0,500,48,,단독다가구,2024
성북구,11700,동선동2가,,20240608,월세,20.0,2000,37,1994.0,단독다가구,2024
성북구,13300,정릉동,20.0,20240415,월세,84.682,6000,155,2005.0,아파트,2024
성북구,13500,종암동,15.0,20240706,월세,84.73,30000,90,2005.0,아파트,2024
성북구,10100,성북동,,20240813,월세,72.12,25000,30,,단독다가구,2024
성북구,13500,종암동,,20240524,월세,16.5,300,50,2010.0,단독다가구,2024
성북구,13000,보문동1가,,20240406,월세,19.0,1000,50,,단독다가구,2024
성북구,13400,길음동,,20240518,월세,60.31,2000,60,1994.0,단독다가구,2024
성북구,10100,성북동,4.0,20240621,월세,59.56,22000,3,1996.0,연립다세대,2024
성북구,13600,하월곡동,1.0,20240624,월세,59.855,5000,140,2003.0,아파트,2024
성북구,11100,삼선동1가,,20240328,월세,34.46,12000,20,,단독다가구,2024
성북구,11100,삼선동1가,,20240328,월세,34.46,10000,30,,단독다가구,2024
성북구,13300,정릉동,2.0,20240427,월세,29.84,14238,10,2019.0,연립다세대,2024
성북구,13300,정릉동,2.0,20240427,월세,29.84,14328,10,2019.0,연립다세대,2024
성북구,10700,동소문동4가,,20240406,월세,20.0,4000,40,,단독다가구,2024
성북구,13300,정릉동,13.0,20240427,월세,59.88,5000,120,2005.0,아파트,2024
성북구,13300,정릉동,5.0,20240424,월세,49.34,22000,10,2019.0,연립다세대,2024
성북구,13900,석관동,16.0,20240513,월세,39.01,9713,25,2019.0,아파트,2024
성북구,13900,석관동,6.0,20240513,월세,39.01,9827,25,2019.0,아파트,2024
성북구,13800,장위동,,20240813,월세,88.37,500,70,1995.0,단독다가구,2024
성북구,13300,정릉동,,20240328,월세,36.0,500,45,,단독다가구,2024
성북구,13800,장위동,1.0,20240828,월세,58.22,2000,60,1996.0,연립다세대,2024
성북구,13500,종암동,,20240530,월세,14.0,500,40,1992.0,단독다가구,2024
성북구,12800,보문동6가,,20240608,월세,23.0,500,45,1994.0,단독다가구,2024
성북구,13400,길음동,12.0,20240906,월세,30.61,3646,7,2005.0,아파트,2024
성북구,13300,정릉동,,20240527,월세,16.0,1000,50,2018.0,단독다가구,2024
성북구,13500,종암동,8.0,20240424,월세,26.28,927,13,1999.0,아파트,2024
성북구,13400,길음동,,20240325,월세,47.0,300,45,,단독다가구,2024
성북구,11900,동선동4가,,20240608,월세,23.1,4000,25,2002.0,단독다가구,2024
성북구,11800,동선동3가,,20240821,월세,48.72,17000,20,1994.0,단독다가구,2024
성북구,13200,보문동3가,11.0,20240605,월세,59.49,10000,145,2003.0,아파트,2024
성북구,13600,하월곡동,8.0,20240627,월세,23.11,1000,90,2021.0,연립다세대,2024
성북구,12800,보문동6가,,20240821,월세,49.0,1000,50,1996.0,단독다가구,2024
성북구,13500,종암동,5.0,20240828,월세,13.161,1000,69,2023.0,연립다세대,2024
성북구,13500,종암동,,20240406,월세,25.0,1000,35,,단독다가구,2024
성북구,11700,동선동2가,,20240406,월세,25.0,2000,60,,단독다가구,2024
성북구,13900,석관동,,20240406,월세,25.0,500,30,,단독다가구,2024
성북구,12200,안암동2가,,20240518,월세,145.2,8000,55,1993.0,단독다가구,2024
성북구,13300,정릉동,4.0,20240718,월세,23.71,2000,90,2022.0,연립다세대,2024
성북구,11100,삼선동1가,2.0,20240415,월세,42.08,100,40,2018.0,연립다세대,2024
성북구,13700,상월곡동,5.0,20240430,월세,13.64,500,40,2012.0,연립다세대,2024
성북구,13800,장위동,7.0,20240703,월세,18.03,1000,65,2019.0,오피스텔,2024
성북구,13800,장위동,11.0,20241031,월세,15.214,1000,65,2019.0,아파트,2024
성북구,12100,안암동1가,,20240325,월세,52.7,8000,30,,단독다가구,2024
성북구,11900,동선동4가,,20240403,월세,25.16,1000,50,,단독다가구,2024
성북구,13600,하월곡동,,20240521,월세,24.0,1000,70,2015.0,단독다가구,2024
성북구,13700,상월곡동,,20240530,월세,17.0,1000,53,2017.0,단독다가구,2024
성북구,12100,안암동1가,,20240524,월세,20.0,500,55,2016.0,단독다가구,2024
성북구,13400,길음동,14.0,20240820,월세,30.15,3773,1,2005.0,아파트,2024
성북구,13900,석관동,-1.0,20240510,월세,30.96,500,30,1997.0,연립다세대,2024
성북구,12500,안암동5가,4.0,20240814,월세,14.13,1000,75,2012.0,연립다세대,2024
성북구,13800,장위동,,20240325,월세,66.94,2000,65,,단독다가구,2024
성북구,13800,장위동,,20240328,월세,49.38,1000,50,,단독다가구,2024
성북구,13500,종암동,3.0,20240424,월세,41.95,24600,16,2017.0,연립다세대,2024
성북구,11100,삼선동1가,,20240331,월세,45.0,500,55,,단독다가구,2024
성북구,13300,정릉동,3.0,20240522,월세,66.17,5276,54,2021.0,연립다세대,2024
성북구,13900,석관동,3.0,20240418,월세,19.8,500,43,2011.0,연립다세대,2024
성북구,13900,석관동,,20240406,월세,32.0,500,40,,단독다가구,2024
성북구,12000,동선동5가,5.0,20240516,월세,16.53,10000,8,2014.0,연립다세대,2024
성북구,13900,석관동,,20240406,월세,33.06,3000,30,,단독다가구,2024
성북구,13900,석관동,4.0,20240814,월세,42.86,5775,33,2021.0,연립다세대,2024
성북구,13500,종암동,,20240413,월세,23.0,500,40,,단독다가구,2024
성북구,12200,안암동2가,,20240401,월세,33.0,1000,50,,단독다가구,2024
성북구,11000,동소문동7가,3.0,20240416,월세,125.18,28000,30,1991.0,연립다세대,2024
성북구,13500,종암동,,20240410,월세,23.4,1000,60,,단독다가구,2024
성북구,13900,석관동,4.0,20240621,월세,12.38,500,55,2010.0,연립다세대,2024
성북구,13300,정릉동,,20240413,월세,25.0,500,25,,단독다가구,2024
성북구,11300,삼선동3가,,20240329,월세,55.0,2000,87,,단독다가구,2024
성북구,11600,동선동1가,6.0,20240703,월세,14.08,3000,55,2014.0,연립다세대,2024
성북구,11600,동선동1가,8.0,20240703,월세,14.08,1000,65,2014.0,연립다세대,2024
성북구,13500,종암동,2.0,20240820,월세,29.145,1000,122,2023.0,연립다세대,2024
성북구,13500,종암동,5.0,20240820,월세,29.93,1000,144,2023.0,연립다세대,2024
성북구,13800,장위동,3.0,20240814,월세,30.03,1000,40,1991.0,연립다세대,2024
성북구,13500,종암동,,20240326,월세,53.9,1000,80,,단독다가구,2024
성북구,13600,하월곡동,17.0,20240712,월세,33.347,3899,7,2008.0,아파트,2024
성북구,11900,동선동4가,,20240404,월세,33.0,1000,50,,단독다가구,2024
성북구,13900,석관동,12.0,20240516,월세,84.9,15700,100,1998.0,아파트,2024
성북구,10300,돈암동,2.0,20240519,월세,26.02,15500,12,2017.0,연립다세대,2024
성북구,10200,성북동1가,,20240413,월세,27.0,3000,75,,단독다가구,2024
성북구,13500,종암동,12.0,20240810,월세,75.5,300,40,1996.0,아파트,2024
성북구,13300,정릉동,8.0,20241109,월세,52.89,3000,80,1977.0,아파트,2024
성북구,13400,길음동,18.0,20240906,월세,114.98,20000,260,2010.0,아파트,2024
성북구,13500,종암동,,20240515,월세,30.0,300,30,1992.0,단독다가구,2024
성북구,11700,동선동2가,,20240515,월세,30.0,2000,90,,단독다가구,2024
성북구,13300,정릉동,,20240329,월세,70.21,15000,40,,단독다가구,2024
성북구,12800,보문동6가,,20240413,월세,29.75,2000,50,,단독다가구,2024
성북구,13000,보문동1가,3.0,20240422,월세,14.57,5000,23,2013.0,연립다세대,2024
성북구,13500,종암동,,20240419,월세,17.0,500,35,1992.0,단독다가구,2024
성북구,13300,정릉동,-1.0,20240627,월세,13.95,1000,42,2008.0,연립다세대,2024
성북구,13600,하월곡동,,20240413,월세,32.66,1000,60,,단독다가구,2024
성북구,11100,삼선동1가,,20240609,월세,20.0,1000,50,1993.0,단독다가구,2024
성북구,12400,안암동4가,,20240413,월세,32.8,500,40,,단독다가구,2024
성북구,12300,안암동3가,,20240402,월세,37.8,9480,10,,단독다가구,2024
성북구,13600,하월곡동,19.0,20240906,월세,84.96,40950,9,2011.0,아파트,2024
성북구,13300,정릉동,-1.0,20240615,월세,36.94,1000,65,1991.0,연립다세대,2024
성북구,12000,동선동5가,,20240408,월세,51.31,8000,80,,단독다가구,2024
성북구,12100,안암동1가,,20240405,월세,49.28,6000,75,,단독다가구,2024
성북구,10200,성북동1가,10.0,20240615,월세,16.53,1000,85,2015.0,아파트,2024
성북구,13300,정릉동,4.0,20240712,월세,12.294,827,46,2023.0,연립다세대,2024
성북구,13300,정릉동,2.0,20240712,월세,15.849,1102,54,2023.0,연립다세대,2024
성북구,13400,길음동,,20240327,월세,84.69,10000,300,,단독다가구,2024
성북구,11100,삼선동1가,,20240402,월세,41.0,1000,40,,단독다가구,2024
성북구,12200,안암동2가,,20240411,월세,60.0,5000,90,,단독다가구,2024
성북구,12500,안암동5가,,20240609,월세,21.0,1000,60,2001.0,단독다가구,2024
성북구,10500,동소문동2가,,20240405,월세,51.14,1000,80,,단독다가구,2024
성북구,13600,하월곡동,,20240327,월세,136.8,200,20,,단독다가구,2024
성북구,13900,석관동,3.0,20240516,월세,39.01,4837,8,2019.0,아파트,2024
성북구,12300,안암동3가,,20240909,월세,16.89,1000,45,,단독다가구,2024
성북구,13300,정릉동,,20240408,월세,61.56,2000,40,,단독다가구,2024
성북구,13800,장위동,12.0,20240906,월세,59.1,10000,180,2022.0,아파트,2024
성북구,13000,보문동1가,,20240609,월세,22.0,1000,55,1992.0,단독다가구,2024
성북구,13500,종암동,,20240408,월세,64.53,5000,110,,단독다가구,2024
성북구,13800,장위동,,20240405,월세,56.0,1000,55,,단독다가구,2024
성북구,13600,하월곡동,11.0,20240706,월세,84.843,42000,15,2003.0,아파트,2024
성북구,13900,석관동,,20240403,월세,34.05,1000,50,,단독다가구,2024
성북구,13800,장위동,2.0,20240715,월세,59.98,10000,82,2001.0,아파트,2024
성북구,13900,석관동,,20240406,월세,36.0,2000,85,,단독다가구,2024
성북구,11100,삼선동1가,,20240328,월세,130.74,21000,30,,단독다가구,2024
성북구,13900,석관동,,20240827,월세,48.0,2000,65,1993.0,단독다가구,2024
성북구,11200,삼선동2가,,20240612,월세,13.2,300,40,1996.0,단독다가구,2024
성북구,13400,길음동,3.0,20240531,월세,84.96,10000,176,2006.0,아파트,2024
성북구,10300,돈암동,1.0,20240831,월세,58.46,1000,100,2018.0,연립다세대,2024
성북구,13300,정릉동,,20240615,월세,13.0,2000,47,2014.0,단독다가구,2024
성북구,13400,길음동,8.0,20240531,월세,84.844,15000,128,2003.0,아파트,2024
성북구,12200,안암동2가,,20240406,월세,38.5,2000,70,,단독다가구,2024
성북구,13800,장위동,9.0,20240531,월세,32.22,7423,38,2017.0,아파트,2024
성북구,13600,하월곡동,,20240419,월세,19.0,8000,25,2021.0,단독다가구,2024
성북구,13600,하월곡동,7.0,20240516,월세,15.95,2000,75,2019.0,연립다세대,2024
성북구,13900,석관동,,20240410,월세,33.23,500,30,,단독다가구,2024
성북구,10300,돈암동,,20240401,월세,47.11,8000,50,,단독다가구,2024
성북구,13800,장위동,3.0,20240422,월세,44.59,500,40,1993.0,연립다세대,2024
성북구,10400,동소문동1가,,20240612,월세,16.5,500,40,1991.0,단독다가구,2024
성북구,13300,정릉동,2.0,20240712,월세,19.7,7406,10,2020.0,연립다세대,2024
성북구,13300,정릉동,4.0,20240712,월세,19.7,1924,18,2020.0,연립다세대,2024
성북구,13300,정릉동,3.0,20240712,월세,19.7,4772,7,2020.0,연립다세대,2024
성북구,13300,정릉동,3.0,20240712,월세,19.7,7406,10,2020.0,연립다세대,2024
성북구,13300,정릉동,1.0,20240712,월세,19.7,3522,13,2020.0,연립다세대,2024
성북구,13300,정릉동,2.0,20240712,월세,22.26,5537,8,2020.0,연립다세대,2024
성북구,13300,정릉동,3.0,20240712,월세,22.26,5457,8,2020.0,연립다세대,2024
성북구,13300,정릉동,2.0,20240712,월세,22.26,5457,8,2020.0,연립다세대,2024
성북구,13300,정릉동,3.0,20240712,월세,36.33,10200,37,2020.0,연립다세대,2024
성북구,13300,정릉동,2.0,20240712,월세,36.33,9451,13,2020.0,연립다세대,2024
성북구,13300,정릉동,9.0,20240924,월세,32.76,661,18,2005.0,아파트,2024
성북구,13300,정릉동,10.0,20240924,월세,32.76,3298,8,2005.0,아파트,2024
성북구,13300,정릉동,9.0,20240924,월세,32.76,3151,7,2005.0,아파트,2024
성북구,13300,정릉동,1.0,20240924,월세,22.26,5537,8,2020.0,연립다세대,2024
성북구,10100,성북동,,20240407,월세,40.0,2000,60,,단독다가구,2024
성북구,13300,정릉동,3.0,20240418,월세,52.86,12000,40,1995.0,연립다세대,2024
성북구,11900,동선동4가,,20240412,월세,15.0,1000,53,,단독다가구,2024
성북구,12400,안암동4가,,20240413,월세,36.1,1000,65,,단독다가구,2024
성북구,13500,종암동,,20240404,월세,43.66,10000,5,,단독다가구,2024
성북구,13700,상월곡동,1.0,20240525,월세,42.75,300,45,1993.0,연립다세대,2024
성북구,12800,보문동6가,3.0,20240513,월세,84.96,8000,180,2017.0,아파트,2024
성북구,12500,안암동5가,3.0,20240828,월세,28.28,1000,165,2022.0,연립다세대,2024
성북구,13600,하월곡동,,20240407,월세,40.19,500,40,,단독다가구,2024
성북구,10700,동소문동4가,8.0,20240513,월세,22.8,2000,63,2003.0,오피스텔,2024
성북구,13300,정릉동,4.0,20240706,월세,19.041,1113,66,2023.0,연립다세대,2024
성북구,13600,하월곡동,,20240615,월세,17.0,1000,50,2011.0,단독다가구,2024
성북구,10300,돈암동,,20240612,월세,18.0,300,25,,단독다가구,2024
성북구,13400,길음동,4.0,20240603,월세,59.99,15000,120,2010.0,아파트,2024
성북구,13600,하월곡동,10.0,20241203,월세,15.62,1000,65,2013.0,아파트,2024
성북구,13400,길음동,21.0,20240510,월세,59.874,25000,150,2022.0,아파트,2024
성북구,10300,돈암동,3.0,20240603,월세,84.88,10000,220,2014.0,아파트,2024
성북구,12400,안암동4가,,20240416,월세,19.0,2000,35,,단독다가구,2024
성북구,13900,석관동,,20240419,월세,23.0,300,25,1994.0,단독다가구,2024
성북구,13800,장위동,,20240410,월세,39.66,500,35,,단독다가구,2024
성북구,13300,정릉동,,20240419,월세,23.1,500,35,1991.0,단독다가구,2024
성북구,13800,장위동,,20240410,월세,39.96,8000,20,,단독다가구,2024
성북구,13300,정릉동,,20240401,월세,63.35,0,40,,단독다가구,2024
성북구,10300,돈암동,10.0,20240727,월세,84.97,40000,80,2004.0,아파트,2024
성북구,13300,정릉동,2.0,20240804,월세,36.33,10700,31,2020.0,연립다세대,2024
성북구,13300,정릉동,3.0,20240727,월세,16.564,1007,71,2023.0,연립다세대,2024
성북구,13600,하월곡동,7.0,20240709,월세,18.02,1000,70,2020.0,오피스텔,2024
성북구,12700,보문동5가,4.0,20240730,월세,27.42,3000,130,2022.0,연립다세대,2024
성북구,13600,하월곡동,,20240422,월세,10.0,300,25,1971.0,단독다가구,2024
성북구,11200,삼선동2가,,20240425,월세,14.85,2000,35,1969.0,단독다가구,2024
성북구,13500,종암동,,20240407,월세,52.2,100,40,,단독다가구,2024
성북구,13300,정릉동,,20240515,월세,33.0,500,50,,단독다가구,2024
성북구,11400,삼선동4가,15.0,20241031,월세,17.72,5000,85,2024.0,오피스텔,2024
성북구,11400,삼선동4가,13.0,20241031,월세,17.72,23000,5,2024.0,오피스텔,2024
성북구,11400,삼선동4가,7.0,20241031,월세,17.72,3000,95,2024.0,오피스텔,2024
성북구,13300,정릉동,3.0,20240513,월세,29.95,14800,40,2020.0,연립다세대,2024
성북구,10300,돈암동,4.0,20240703,월세,50.04,24300,15,2015.0,연립다세대,2024
성북구,13300,정릉동,5.0,20240805,월세,29.98,15500,25,2019.0,연립다세대,2024
성북구,13800,장위동,-1.0,20240802,월세,39.3,100,45,1994.0,연립다세대,2024
성북구,13800,장위동,,20240411,월세,75.01,12400,50,,단독다가구,2024
성북구,13800,장위동,,20240408,월세,68.63,20000,10,,단독다가구,2024
성북구,12500,안암동5가,,20240615,월세,19.83,500,50,1994.0,단독다가구,2024
성북구,13600,하월곡동,16.0,20240618,월세,59.855,33000,35,2003.0,아파트,2024
성북구,13300,정릉동,-1.0,20240724,월세,49.89,500,50,1991.0,연립다세대,2024
성북구,12000,동선동5가,,20240615,월세,20.0,2000,50,2010.0,단독다가구,2024
성북구,11700,동선동2가,-1.0,20240506,월세,38.42,5000,60,1996.0,연립다세대,2024
성북구,13400,길음동,17.0,20240522,월세,59.99,5000,127,2005.0,아파트,2024
성북구,13800,장위동,10.0,20240712,월세,59.97,15000,100,2006.0,아파트,2024
성북구,13800,장위동,,20240405,월세,72.43,5000,50,,단독다가구,2024
성북구,13300,정릉동,3.0,20240522,월세,84.87,30000,60,1999.0,아파트,2024
성북구,13600,하월곡동,,20240408,월세,144.77,200,27,,단독다가구,2024
성북구,13300,정릉동,1.0,20240430,월세,19.7,7660,9,2020.0,연립다세대,2024
성북구,12100,안암동1가,,20240609,월세,36.6,17000,20,1994.0,단독다가구,2024
성북구,13100,보문동2가,9.0,20241206,월세,66.17,10000,200,2023.0,오피스텔,2024
성북구,13400,길음동,11.0,20240912,월세,84.97,47700,40,2005.0,아파트,2024
성북구,13800,장위동,,20240405,월세,87.59,10000,100,,단독다가구,2024
성북구,13800,장위동,,20240730,월세,74.93,10000,30,1993.0,단독다가구,2024
성북구,13800,장위동,,20240615,월세,21.0,300,20,1995.0,단독다가구,2024
성북구,13300,정릉동,16.0,20240727,월세,84.24,29000,60,2005.0,아파트,2024
성북구,13300,정릉동,3.0,20240709,월세,16.909,1187,60,2023.0,연립다세대,2024
성북구,13300,정릉동,,20240612,월세,22.62,500,45,,단독다가구,2024
성북구,12500,안암동5가,,20240612,월세,23.0,500,55,,단독다가구,2024
성북구,13400,길음동,4.0,20240528,월세,59.99,5000,190,2010.0,아파트,2024
성북구,11900,동선동4가,,20240409,월세,16.0,500,35,,단독다가구,2024
성북구,13500,종암동,1.0,20240724,월세,84.72,30000,38,1999.0,아파트,2024
성북구,11500,삼선동5가,,20240403,월세,46.0,800,60,,단독다가구,2024
성북구,13900,석관동,,20240612,월세,24.0,200,35,1994.0,단독다가구,2024
성북구,13200,보문동3가,2.0,20240621,월세,116.721,25000,130,2013.0,아파트,2024
성북구,13300,정릉동,2.0,20240618,월세,14.54,1019,50,2023.0,연립다세대,2024
성북구,13300,정릉동,,20240406,월세,43.0,1000,100,,단독다가구,2024
성북구,13400,길음동,8.0,20240912,월세,59.99,20000,88,2010.0,아파트,2024
성북구,13300,정릉동,,20240418,월세,17.43,3000,70,2023.0,단독다가구,2024
성북구,12700,보문동5가,,20240406,월세,45.78,2500,95,,단독다가구,2024
성북구,13900,석관동,14.0,20240525,월세,54.55,14000,70,1998.0,아파트,2024
성북구,13900,석관동,3.0,20240522,월세,38.54,4900,19,2018.0,연립다세대,2024
성북구,13400,길음동,,20240409,월세,19.5,400,55,,단독다가구,2024
성북구,11100,삼선동1가,,20240403,월세,52.0,3000,50,,단독다가구,2024
성북구,13300,정릉동,6.0,20240430,월세,59.818,1000,30,2005.0,아파트,2024
성북구,13800,장위동,3.0,20240430,월세,59.82,5000,100,2019.0,연립다세대,2024
성북구,13800,장위동,,20240827,월세,50.77,2000,50,1997.0,단독다가구,2024
성북구,12500,안암동5가,,20240403,월세,60.76,1000,100,,단독다가구,2024
성북구,13500,종암동,,20240406,월세,53.9,1000,80,,단독다가구,2024
성북구,13900,석관동,,20240412,월세,25.0,1000,50,,단독다가구,2024
성북구,13300,정릉동,3.0,20240621,월세,59.88,10000,100,2005.0,아파트,2024
성북구,13300,정릉동,3.0,20240709,월세,22.26,9332,12,2020.0,연립다세대,2024
성북구,13800,장위동,6.0,20240618,월세,39.34,1755,19,2006.0,아파트,2024
성북구,13800,장위동,13.0,20240618,월세,39.34,1395,21,2006.0,아파트,2024
성북구,13800,장위동,12.0,20240618,월세,49.33,2633,36,2006.0,아파트,2024
성북구,13800,장위동,8.0,20240618,월세,49.33,4490,11,2006.0,아파트,2024
성북구,13800,장위동,2.0,20240618,월세,49.33,4490,11,2006.0,아파트,2024
성북구,13800,장위동,3.0,20240618,월세,49.33,6229,1,2006.0,아파트,2024
성북구,13300,정릉동,3.0,20240430,월세,41.32,10000,20,1993.0,연립다세대,2024
성북구,13400,길음동,,20240406,월세,61.1,2000,60,,단독다가구,2024
성북구,10100,성북동,,20240607,월세,19.83,7000,60,,단독다가구,2024
성북구,13500,종암동,4.0,20240706,월세,29.52,3000,90,2017.0,연립다세대,2024
성북구,10100,성북동,2.0,20240513,월세,44.79,1000,55,1971.0,아파트,2024
성북구,13900,석관동,,20240406,월세,65.98,15000,10,,단독다가구,2024
성북구,13800,장위동,,20240403,월세,112.5,0,50,,단독다가구,2024
성북구,12100,안암동1가,,20240615,월세,30.0,1500,80,2017.0,단독다가구,2024
성북구,12000,동선동5가,3.0,20240606,월세,15.11,2000,45,2014.0,연립다세대,2024
성북구,13800,장위동,,20240409,월세,26.24,1000,30,,단독다가구,2024
성북구,13600,하월곡동,6.0,20240724,월세,83.07,25000,30,2003.0,아파트,2024
성북구,13500,종암동,18.0,20240621,월세,59.04,40000,10,1999.0,아파트,2024
성북구,12700,보문동5가,10.0,20240808,월세,32.7,5000,125,2022.0,오피스텔,2024
성북구,13800,장위동,,20240409,월세,27.27,300,30,,단독다가구,2024
성북구,13900,석관동,18.0,20240525,월세,59.98,10000,150,2019.0,아파트,2024
성북구,11000,동소문동7가,5.0,20240507,월세,84.95,49100,10,2004.0,아파트,2024
성북구,13800,장위동,3.0,20240513,월세,35.96,3000,70,2019.0,연립다세대,2024
성북구,13500,종암동,8.0,20240718,월세,59.4,5000,120,1996.0,아파트,2024
성북구,13900,석관동,3.0,20240724,월세,29.94,13000,5,2016.0,연립다세대,2024
성북구,12100,안암동1가,6.0,20240522,월세,28.62,5900,60,2012.0,연립다세대,2024
성북구,10300,돈암동,3.0,20240906,월세,29.21,100,70,2019.0,연립다세대,2024
성북구,11900,동선동4가,,20240425,월세,18.0,1000,50,,단독다가구,2024
성북구,13900,석관동,11.0,20240603,월세,84.9,5000,145,1998.0,아파트,2024
성북구,13300,정릉동,5.0,20240802,월세,29.93,5000,120,2022.0,연립다세대,2024
성북구,10100,성북동,,20240421,월세,19.8,1000,40,2011.0,단독다가구,2024
성북구,10200,성북동1가,,20240615,월세,33.0,2000,75,1997.0,단독다가구,2024
성북구,11900,동선동4가,,20240415,월세,23.1,500,45,1994.0,단독다가구,2024
성북구,13900,석관동,14.0,20240531,월세,39.01,10944,41,2019.0,아파트,2024
성북구,13900,석관동,14.0,20240531,월세,39.01,13248,35,2019.0,아파트,2024
성북구,13800,장위동,13.0,20240531,월세,36.14,10310,38,2020.0,아파트,2024
성북구,13800,장위동,13.0,20240531,월세,36.14,11822,30,2020.0,아파트,2024
성북구,13700,상월곡동,,20240609,월세,66.08,2000,75,1990.0,단독다가구,2024
성북구,11100,삼선동1가,,20240427,월세,16.5,1000,40,1993.0,단독다가구,2024
성북구,13500,종암동,,20240615,월세,35.0,1000,50,1993.0,단독다가구,2024
성북구,13600,하월곡동,,20240418,월세,30.0,10500,10,1993.0,단독다가구,2024
성북구,11800,동선동3가,,20240427,월세,18.0,4000,20,2010.0,단독다가구,2024
성북구,13900,석관동,3.0,20240603,월세,15.4,1000,41,2012.0,연립다세대,2024
성북구,10100,성북동,,20240609,월세,76.51,35000,150,2006.0,단독다가구,2024
성북구,13300,정릉동,,20240606,월세,95.11,500,65,1966.0,단독다가구,2024
성북구,10300,돈암동,3.0,20240528,월세,32.23,1090,15,1999.0,아파트,2024
성북구,10300,돈암동,8.0,20240528,월세,41.58,1500,85,1991.0,아파트,2024
성북구,11500,삼선동5가,3.0,20240718,월세,39.93,1000,51,2002.0,연립다세대,2024
성북구,13500,종암동,2.0,20240822,월세,18.72,1000,75,2018.0,연립다세대,2024
성북구,13700,상월곡동,,20240412,월세,38.0,1000,55,,단독다가구,2024
성북구,13500,종암동,5.0,20240525,월세,28.22,17000,15,2018.0,연립다세대,2024
성북구,11800,동선동3가,2.0,20240703,월세,62.32,1000,80,2001.0,연립다세대,2024
성북구,13300,정릉동,,20240412,월세,38.93,2000,40,,단독다가구,2024
성북구,13400,길음동,11.0,20240531,월세,38.017,4470,6,2022.0,아파트,2024
성북구,13400,길음동,7.0,20240531,월세,38.017,1633,16,2022.0,아파트,2024
성북구,10900,동소문동6가,8.0,20240712,월세,12.7,5000,48,2013.0,아파트,2024
성북구,12000,동선동5가,,20240612,월세,39.0,4000,50,1969.0,단독다가구,2024
성북구,13500,종암동,,20240409,월세,44.0,2500,50,,단독다가구,2024
성북구,10900,동소문동6가,,20240418,월세,33.0,500,36,,단독다가구,2024
성북구,13600,하월곡동,17.0,20240528,월세,59.88,5000,105,1998.0,아파트,2024
성북구,13600,하월곡동,8.0,20240703,월세,84.843,50000,12,2003.0,아파트,2024
성북구,13300,정릉동,,20240424,월세,20.0,5500,25,1985.0,단독다가구,2024
성북구,13900,석관동,14.0,20240603,월세,39.01,11520,43,2019.0,아파트,2024
성북구,13900,석관동,11.0,20240603,월세,39.01,11520,43,2019.0,아파트,2024
성북구,13900,석관동,14.0,20240603,월세,39.01,10944,41,2019.0,아파트,2024
성북구,13900,석관동,17.0,20240603,월세,39.01,10944,41,2019.0,아파트,2024
성북구,13600,하월곡동,8.0,20240603,월세,59.754,13000,120,2006.0,아파트,2024
성북구,13100,보문동2가,5.0,20241214,월세,22.46,9000,18,2002.0,오피스텔,2024
성북구,13400,길음동,1.0,20240621,월세,51.03,2000,60,1988.0,연립다세대,2024
성북구,13800,장위동,23.0,20240603,월세,36.14,10310,38,2020.0,아파트,2024
성북구,12000,동선동5가,,20240612,월세,40.82,6000,30,1995.0,단독다가구,2024
성북구,13800,장위동,,20240606,월세,95.72,3000,95,1996.0,단독다가구,2024
성북구,13300,정릉동,,20240409,월세,51.0,500,75,,단독다가구,2024
성북구,10900,동소문동6가,3.0,20240519,월세,41.67,21600,5,2011.0,연립다세대,2024
성북구,12100,안암동1가,,20240424,월세,23.1,500,50,1993.0,단독다가구,2024
성북구,12700,보문동5가,,20240409,월세,58.4,1000,75,,단독다가구,2024
성북구,11700,동선동2가,,20240424,월세,24.0,1000,50,,단독다가구,2024
성북구,13800,장위동,,20240427,월세,24.75,3000,40,,단독다가구,2024
성북구,13900,석관동,,20240412,월세,50.23,2200,15,,단독다가구,2024
성북구,10300,돈암동,,20240612,월세,46.28,13000,20,1964.0,단독다가구,2024
성북구,13100,보문동2가,,20240427,월세,26.4,1000,60,1993.0,단독다가구,2024
성북구,13800,장위동,1.0,20240522,월세,36.14,8787,24,2020.0,아파트,2024
성북구,13800,장위동,6.0,20240522,월세,36.14,8897,23,2020.0,아파트,2024
성북구,11800,동선동3가,,20240424,월세,26.4,1000,70,2001.0,단독다가구,2024
성북구,13800,장위동,5.0,20240522,월세,46.35,5398,9,2020.0,아파트,2024
성북구,13800,장위동,8.0,20240522,월세,46.35,12390,33,2020.0,아파트,2024
성북구,13800,장위동,5.0,20240522,월세,46.35,12391,33,2020.0,아파트,2024
성북구,13700,상월곡동,,20240412,월세,56.0,2000,70,,단독다가구,2024
성북구,11700,동선동2가,,20240415,월세,40.0,14000,5,1995.0,단독다가구,2024
성북구,10100,성북동,,20240612,월세,49.07,13000,35,1994.0,단독다가구,2024
성북구,11100,삼선동1가,,20240409,월세,95.94,500,35,,단독다가구,2024
성북구,11100,삼선동1가,,20240409,월세,145.8,5250,37,,단독다가구,2024
성북구,11500,삼선동5가,,20240615,월세,48.96,13000,50,1991.0,단독다가구,2024
성북구,11900,동선동4가,2.0,20240814,월세,40.11,1000,100,2012.0,연립다세대,2024
성북구,13900,석관동,5.0,20241103,월세,31.65,12000,25,2009.0,연립다세대,2024
성북구,13600,하월곡동,,20240415,월세,41.6,1000,35,1995.0,단독다가구,2024
성북구,10100,성북동,,20240427,월세,30.0,3000,65,,단독다가구,2024
성북구,13500,종암동,3.0,20240513,월세,13.77,1000,50,2011.0,연립다세대,2024
성북구,13300,정릉동,2.0,20240727,월세,34.2,19650,10,2020.0,연립다세대,2024
성북구,10100,성북동,,20240413,월세,53.69,40000,15,,단독다가구,2024
성북구,13400,길음동,,20240410,월세,59.87,10000,200,,단독다가구,2024
성북구,13300,정릉동,1.0,20240630,월세,84.97,47000,15,2008.0,아파트,2024
성북구,10900,동소문동6가,9.0,20240724,월세,12.7,4000,51,2013.0,아파트,2024
성북구,13400,길음동,23.0,20240522,월세,84.769,10000,270,2022.0,아파트,2024
성북구,13400,길음동,,20240413,월세,59.36,30000,140,,단독다가구,2024
성북구,13900,석관동,,20240422,월세,18.14,100,32,2011.0,단독다가구,2024
성북구,11900,동선동4가,,20240504,월세,15.0,1000,35,2002.0,단독다가구,2024
성북구,12200,안암동2가,,20240416,월세,30.0,300,50,1990.0,단독다가구,2024
성북구,13100,보문동2가,3.0,20240814,월세,21.8,2000,74,2015.0,연립다세대,2024
성북구,13600,하월곡동,,20240425,월세,20.0,300,55,1993.0,단독다가구,2024
성북구,10200,성북동1가,,20240624,월세,18.0,1000,40,1992.0,단독다가구,2024
성북구,11800,동선동3가,,20240422,월세,20.0,500,48,2000.0,단독다가구,2024
성북구,13900,석관동,,20240422,월세,20.0,100,30,1991.0,단독다가구,2024
성북구,12300,안암동3가,1.0,20240703,월세,41.4,6000,40,1997.0,연립다세대,2024
성북구,13500,종암동,,20240413,월세,71.01,10000,50,,단독다가구,2024
성북구,13500,종암동,27.0,20240630,월세,114.75,10000,180,1999.0,아파트,2024
성북구,13600,하월곡동,,20240615,월세,60.0,2000,65,1995.0,단독다가구,2024
성북구,13600,하월곡동,12.0,20240516,월세,79.984,9000,154,2004.0,아파트,2024
성북구,13800,장위동,,20240615,월세,60.36,1000,75,1971.0,단독다가구,2024
성북구,11800,동선동3가,,20240501,월세,18.0,300,40,1993.0,단독다가구,2024
성북구,10300,돈암동,8.0,20240817,월세,59.84,30000,75,2014.0,아파트,2024
성북구,13400,길음동,12.0,20240814,월세,59.99,10000,150,2003.0,아파트,2024
성북구,13400,길음동,4.0,20240814,월세,84.97,10000,160,2005.0,아파트,2024
성북구,13800,장위동,5.0,20240817,월세,39.0,14067,37,2022.0,아파트,2024
성북구,13800,장위동,2.0,20240817,월세,39.0,13366,35,2022.0,아파트,2024
성북구,13400,길음동,,20240415,월세,59.36,30000,120,,단독다가구,2024
성북구,13300,정릉동,12.0,20240814,월세,59.59,5000,130,1999.0,아파트,2024
성북구,13400,길음동,8.0,20240910,월세,59.97,20000,170,2019.0,아파트,2024
성북구,13400,길음동,4.0,20240814,월세,42.05,3499,22,2024.0,아파트,2024
성북구,11500,삼선동5가,13.0,20240831,월세,30.42,1000,60,2003.0,오피스텔,2024
성북구,13900,석관동,3.0,20241226,월세,26.14,18500,15,2020.0,연립다세대,2024
성북구,13500,종암동,2.0,20240709,월세,29.9,10000,60,2022.0,연립다세대,2024
성북구,12300,안암동3가,,20240418,월세,48.29,500,43,1991.0,단독다가구,2024
성북구,11000,동소문동7가,20.0,20240724,월세,59.91,5000,150,2004.0,아파트,2024
성북구,10300,돈암동,18.0,20240621,월세,132.96,40000,120,1998.0,아파트,2024
성북구,13900,석관동,,20240427,월세,33.0,4000,30,1987.0,단독다가구,2024
성북구,13100,보문동2가,,20240624,월세,20.0,300,30,1993.0,단독다가구,2024
성북구,11400,삼선동4가,,20240624,월세,20.0,3000,57,2021.0,단독다가구,2024
성북구,11700,동선동2가,5.0,20241206,월세,61.8,1000,50,2002.0,연립다세대,2024
성북구,10400,동소문동1가,,20240421,월세,41.0,4000,50,2003.0,단독다가구,2024
성북구,13800,장위동,15.0,20240516,월세,14.714,10000,10,2019.0,아파트,2024
성북구,13800,장위동,15.0,20240516,월세,14.714,9400,13,2019.0,아파트,2024
성북구,10400,동소문동1가,,20240902,월세,23.55,4000,26,2002.0,단독다가구,2024
성북구,11200,삼선동2가,,20240427,월세,33.1,1000,50,,단독다가구,2024
성북구,13900,석관동,,20240424,월세,33.27,1000,50,,단독다가구,2024
성북구,13800,장위동,29.0,20240820,월세,59.49,12000,166,2022.0,아파트,2024
성북구,13400,길음동,,20240418,월세,59.87,15000,200,,단독다가구,2024
성북구,10200,성북동1가,,20240827,월세,59.2,5000,120,1996.0,단독다가구,2024
성북구,10300,돈암동,8.0,20240715,월세,84.87,4000,140,1998.0,아파트,2024
성북구,11400,삼선동4가,3.0,20241103,월세,17.72,21000,5,2024.0,오피스텔,2024
성북구,11400,삼선동4가,11.0,20241103,월세,17.72,7000,75,2024.0,오피스텔,2024
성북구,13500,종암동,9.0,20240513,월세,84.98,5000,158,2008.0,아파트,2024
성북구,13200,보문동3가,5.0,20240706,월세,59.49,10000,150,2003.0,아파트,2024
성북구,13900,석관동,,20240501,월세,19.0,8500,20,1968.0,단독다가구,2024
성북구,13400,길음동,8.0,20240622,월세,59.99,36000,75,2010.0,아파트,2024
성북구,13300,정릉동,14.0,20240828,월세,45.77,10000,80,1999.0,아파트,2024
성북구,11100,삼선동1가,,20240422,월세,23.25,500,30,1960.0,단독다가구,2024
성북구,12200,안암동2가,5.0,20240831,월세,17.32,1000,42,2013.0,연립다세대,2024
성북구,13800,장위동,10.0,20240622,월세,84.48,20000,180,2022.0,아파트,2024
성북구,13800,장위동,2.0,20241224,월세,42.79,11810,31,2021.0,아파트,2024
성북구,13600,하월곡동,10.0,20240622,월세,84.73,5000,155,2010.0,아파트,2024
성북구,13600,하월곡동,17.0,20240822,월세,59.88,5000,100,1998.0,아파트,2024
성북구,11400,삼선동4가,8.0,20240627,월세,59.94,5000,140,1999.0,아파트,2024
성북구,12700,보문동5가,,20240419,월세,42.97,500,60,1993.0,단독다가구,2024
성북구,10100,성북동,2.0,20240510,월세,99.54,25000,70,1997.0,연립다세대,2024
성북구,13800,장위동,1.0,20240613,월세,31.14,500,30,1981.0,연립다세대,2024
성북구,13800,장위동,14.0,20240828,월세,84.48,20000,147,2022.0,아파트,2024
성북구,12800,보문동6가,,20240801,월세,71.28,5000,85,1989.0,단독다가구,2024
성북구,13300,정릉동,,20240902,월세,25.0,1000,70,,단독다가구,2024
성북구,13800,장위동,,20240419,월세,45.0,1000,50,1997.0,단독다가구,2024
성북구,13000,보문동1가,4.0,20240531,월세,39.202,11432,41,2022.0,아파트,2024
성북구,12800,보문동6가,6.0,20240531,월세,29.96,9642,35,2017.0,아파트,2024
성북구,13900,석관동,,20240422,월세,28.0,4000,15,1995.0,단독다가구,2024
성북구,13500,종암동,,20240624,월세,24.0,500,48,1996.0,단독다가구,2024
성북구,11400,삼선동4가,,20240501,월세,22.0,1000,50,,단독다가구,2024
성북구,13800,장위동,,20240501,월세,22.38,200,20,1975.0,단독다가구,2024
성북구,12100,안암동1가,,20240501,월세,23.0,400,29,1995.0,단독다가구,2024
성북구,13300,정릉동,6.0,20240930,월세,59.26,13500,45,1999.0,아파트,2024
성북구,13300,정릉동,,20240422,월세,30.0,1000,60,1981.0,단독다가구,2024
성북구,10900,동소문동6가,,20240419,월세,49.5,2000,73,,단독다가구,2024
성북구,13600,하월곡동,,20240419,월세,49.65,9000,30,1990.0,단독다가구,2024
성북구,13600,하월곡동,,20240416,월세,45.0,2000,70,1996.0,단독다가구,2024
성북구,13900,석관동,1.0,20240622,월세,54.4,1000,40,1993.0,연립다세대,2024
성북구,13500,종암동,2.0,20240510,월세,13.77,500,53,2011.0,연립다세대,2024
성북구,13300,정릉동,,20240416,월세,49.49,1200,70,1979.0,단독다가구,2024
성북구,10700,동소문동4가,4.0,20240510,월세,58.19,22000,15,2001.0,연립다세대,2024
성북구,13300,정릉동,2.0,20240730,월세,15.849,1057,54,2023.0,연립다세대,2024
성북구,13900,석관동,,20240416,월세,50.0,1000,70,2012.0,단독다가구,2024
성북구,13800,장위동,5.0,20240510,월세,24.62,13000,10,2021.0,연립다세대,2024
성북구,12500,안암동5가,,20240712,월세,16.0,3000,60,2018.0,단독다가구,2024
성북구,13800,장위동,,20240428,월세,31.9,200,29,,단독다가구,2024
성북구,11900,동선동4가,,20240422,월세,34.0,2000,60,2002.0,단독다가구,2024
성북구,13400,길음동,16.0,20240831,월세,84.97,10000,180,2005.0,아파트,2024
성북구,13300,정릉동,,20240422,월세,35.0,1000,30,1988.0,단독다가구,2024
성북구,12800,보문동6가,4.0,20240603,월세,45.81,32800,23,2017.0,아파트,2024
성북구,13300,정릉동,20.0,20240831,월세,59.59,5000,130,1999.0,아파트,2024
성북구,13300,정릉동,,20240712,월세,16.52,1000,49,2019.0,단독다가구,2024
성북구,13600,하월곡동,4.0,20240613,월세,55.87,5204,12,2018.0,연립다세대,2024
성북구,13300,정릉동,,20240419,월세,92.29,10000,20,1974.0,단독다가구,2024
성북구,13800,장위동,,20240422,월세,38.33,500,30,1989.0,단독다가구,2024
성북구,13300,정릉동,4.0,20240513,월세,22.26,4087,15,2020.0,연립다세대,2024
성북구,11200,삼선동2가,,20240419,월세,194.28,1000,60,1997.0,단독다가구,2024
성북구,12300,안암동3가,,20240507,월세,20.0,1000,55,2019.0,단독다가구,2024
성북구,13300,정릉동,,20240706,월세,15.0,1000,59,2019.0,단독다가구,2024
성북구,13300,정릉동,,20240502,월세,34.0,1000,73,1995.0,단독다가구,2024
성북구,13300,정릉동,,20240712,월세,18.0,500,55,2003.0,단독다가구,2024
성북구,13500,종암동,,20240416,월세,76.3,5000,80,1987.0,단독다가구,2024
성북구,13200,보문동3가,,20240502,월세,34.08,12000,30,1994.0,단독다가구,2024
성북구,12400,안암동4가,,20240502,월세,34.28,500,70,2013.0,단독다가구,2024
성북구,13500,종암동,,20240505,월세,38.24,1000,40,1996.0,단독다가구,2024
성북구,10900,동소문동6가,,20240512,월세,30.0,500,60,1994.0,단독다가구,2024
성북구,11300,삼선동3가,,20240508,월세,30.0,1000,80,1990.0,단독다가구,2024
성북구,10100,성북동,,20240426,월세,38.8,8000,22,1996.0,단독다가구,2024
성북구,13700,상월곡동,,20240423,월세,36.0,300,40,1994.0,단독다가구,2024
성북구,11400,삼선동4가,2.0,20240528,월세,14.8,1000,55,2013.0,연립다세대,2024
성북구,10300,돈암동,3.0,20240825,월세,21.32,500,30,1965.0,연립다세대,2024
성북구,13500,종암동,,20240706,월세,16.5,2000,40,,단독다가구,2024
성북구,13300,정릉동,3.0,20240730,월세,36.33,6280,57,2020.0,연립다세대,2024
성북구,13400,길음동,5.0,20240610,월세,55.62,5000,170,2023.0,연립다세대,2024
성북구,13600,하월곡동,,20240706,월세,16.52,1000,55,2016.0,단독다가구,2024
성북구,12800,보문동6가,,20240424,월세,37.74,3000,60,1993.0,단독다가구,2024
성북구,11700,동선동2가,,20240909,월세,18.0,1000,40,1991.0,단독다가구,2024
성북구,13700,상월곡동,,20240427,월세,38.21,15000,20,2019.0,단독다가구,2024
성북구,13300,정릉동,,20240424,월세,38.3,1500,40,1990.0,단독다가구,2024
성북구,11700,동선동2가,,20240724,월세,13.0,500,40,2012.0,단독다가구,2024
성북구,11500,삼선동5가,3.0,20240730,월세,50.3,28500,21,2014.0,연립다세대,2024
성북구,10100,성북동,,20240427,월세,39.66,1000,70,,단독다가구,2024
성북구,11800,동선동3가,,20240427,월세,40.0,10000,10,1995.0,단독다가구,2024
성북구,13600,하월곡동,17.0,20240525,월세,84.69,20000,95,2007.0,아파트,2024
성북구,11500,삼선동5가,9.0,20240610,월세,27.69,1000,60,2003.0,오피스텔,2024
성북구,11700,동선동2가,,20240706,월세,18.0,1000,53,2016.0,단독다가구,2024
성북구,13300,정릉동,,20240706,월세,18.0,2000,48,2020.0,단독다가구,2024
성북구,13500,종암동,,20240430,월세,16.0,300,30,1978.0,단독다가구,2024
성북구,12000,동선동5가,,20240430,월세,16.0,500,40,2008.0,단독다가구,2024
성북구,13500,종암동,3.0,20240730,월세,55.7,20000,40,2015.0,연립다세대,2024
성북구,13900,석관동,,20240712,월세,19.8,5000,20,2019.0,단독다가구,2024
성북구,12100,안암동1가,,20240727,월세,14.0,500,35,1992.0,단독다가구,2024
성북구,10300,돈암동,10.0,20240814,월세,59.4,4000,115,1999.0,아파트,2024
성북구,12900,보문동7가,,20240430,월세,16.5,1000,50,2023.0,단독다가구,2024
성북구,11800,동선동3가,,20240721,월세,18.0,3000,35,2010.0,단독다가구,2024
성북구,12500,안암동5가,,20240721,월세,18.0,1000,45,2007.0,단독다가구,2024
성북구,13700,상월곡동,,20240727,월세,15.0,500,40,2008.0,단독다가구,2024
성북구,13300,정릉동,,20240712,월세,20.0,1000,40,2007.0,단독다가구,2024
성북구,12700,보문동5가,,20240712,월세,20.0,2000,30,2017.0,단독다가구,2024
성북구,13500,종암동,5.0,20240801,월세,42.28,2000,90,2014.0,연립다세대,2024
성북구,10300,돈암동,8.0,20240506,월세,68.13,5000,120,1998.0,아파트,2024
성북구,13100,보문동2가,,20240724,월세,16.0,3000,57,2010.0,단독다가구,2024
성북구,13600,하월곡동,,20240504,월세,31.74,1000,50,1960.0,단독다가구,2024
성북구,13700,상월곡동,11.0,20240622,월세,59.95,29000,20,2003.0,아파트,2024
성북구,13800,장위동,6.0,20240822,월세,46.35,12390,33,2020.0,아파트,2024
성북구,10200,성북동1가,,20240827,월세,66.9,5000,85,1994.0,단독다가구,2024
성북구,10900,동소문동6가,6.0,20240703,월세,13.2,6000,32,2013.0,아파트,2024
성북구,13300,정릉동,6.0,20240528,월세,52.89,3000,80,1977.0,아파트,2024
성북구,11600,동선동1가,,20240501,월세,33.98,11400,15,1979.0,단독다가구,2024
성북구,11700,동선동2가,,20240428,월세,40.0,10500,2,,단독다가구,2024
성북구,11200,삼선동2가,,20240422,월세,53.22,1000,73,1990.0,단독다가구,2024
성북구,13800,장위동,,20240624,월세,40.63,300,32,1993.0,단독다가구,2024
성북구,13600,하월곡동,9.0,20240510,월세,59.855,10000,100,2003.0,아파트,2024
성북구,13500,종암동,,20240706,월세,19.8,500,58,2012.0,단독다가구,2024
성북구,11200,삼선동2가,,20240507,월세,23.0,500,60,2010.0,단독다가구,2024
성북구,12700,보문동5가,,20240507,월세,23.0,1000,70,2014.0,단독다가구,2024
성북구,13600,하월곡동,,20240709,월세,13.0,1000,35,2017.0,단독다가구,2024
성북구,13800,장위동,,20240425,월세,46.0,3000,55,1996.0,단독다가구,2024
성북구,11400,삼선동4가,2.0,20240516,월세,25.04,21500,25,2019.0,연립다세대,2024
성북구,11500,삼선동5가,3.0,20240730,월세,39.27,1000,51,2002.0,연립다세대,2024
성북구,12500,안암동5가,,20240721,월세,19.5,5000,30,2009.0,단독다가구,2024
성북구,11800,동선동3가,,20240706,월세,20.0,1000,52,1973.0,단독다가구,2024
성북구,11500,삼선동5가,,20240706,월세,20.0,1000,50,2002.0,단독다가구,2024
성북구,12500,안암동5가,,20240706,월세,20.0,500,48,2007.0,단독다가구,2024
성북구,11400,삼선동4가,,20240425,월세,48.68,2000,60,1992.0,단독다가구,2024
성북구,13300,정릉동,,20240624,월세,43.64,14000,10,1992.0,단독다가구,2024
성북구,13500,종암동,,20240501,월세,38.02,5500,35,1967.0,단독다가구,2024
성북구,10300,돈암동,9.0,20240820,월세,80.54,10000,175,2003.0,아파트,2024
성북구,13500,종암동,,20240507,월세,25.0,500,30,1994.0,단독다가구,2024
성북구,10100,성북동,,20240727,월세,18.0,500,29,2016.0,단독다가구,2024
성북구,10700,동소문동4가,3.0,20240528,월세,67.5,5000,20,2001.0,연립다세대,2024
성북구,13500,종암동,5.0,20240814,월세,19.05,3000,50,2021.0,연립다세대,2024
성북구,10900,동소문동6가,5.0,20240610,월세,32.1,30000,9,2023.0,연립다세대,2024
성북구,13300,정릉동,3.0,20240525,월세,76.71,10000,100,1991.0,연립다세대,2024
성북구,10100,성북동,,20240501,월세,40.0,10000,15,,단독다가구,2024
성북구,12800,보문동6가,,20240504,월세,39.35,1000,50,1992.0,단독다가구,2024
성북구,13600,하월곡동,17.0,20240603,월세,79.248,10000,140,2004.0,아파트,2024
성북구,13300,정릉동,5.0,20240820,월세,50.11,1500,23,2007.0,연립다세대,2024
성북구,11500,삼선동5가,,20240504,월세,40.0,1000,80,1993.0,단독다가구,2024
성북구,13300,정릉동,,20240422,월세,90.72,2000,80,1991.0,단독다가구,2024
성북구,11400,삼선동4가,2.0,20240814,월세,12.25,7000,3,2010.0,연립다세대,2024
성북구,11100,삼선동1가,3.0,20240808,월세,79.02,0,55,2008.0,연립다세대,2024
성북구,12200,안암동2가,,20240706,월세,20.5,1000,55,2020.0,단독다가구,2024
성북구,13300,정릉동,2.0,20240627,월세,23.9,11600,10,2020.0,연립다세대,2024
성북구,13200,보문동3가,4.0,20240808,월세,84.904,25000,100,2013.0,아파트,2024
성북구,12700,보문동5가,,20240727,월세,19.0,2000,35,2009.0,단독다가구,2024
성북구,13800,장위동,,20240505,월세,40.48,500,50,1991.0,단독다가구,2024
성북구,12500,안암동5가,,20240429,월세,38.0,1000,84,1994.0,단독다가구,2024
성북구,13700,상월곡동,,20240706,월세,23.0,3000,60,2019.0,단독다가구,2024
성북구,13700,상월곡동,,20240706,월세,23.0,5000,50,2019.0,단독다가구,2024
성북구,13800,장위동,13.0,20240603,월세,18.03,500,55,2019.0,오피스텔,2024
성북구,13400,길음동,,20240508,월세,33.0,500,55,1992.0,단독다가구,2024
성북구,12500,안암동5가,,20240724,월세,20.0,1000,50,2001.0,단독다가구,2024
성북구,11700,동선동2가,3.0,20240525,월세,26.39,1000,55,2001.0,연립다세대,2024
성북구,13300,정릉동,,20240423,월세,41.62,3000,40,1967.0,단독다가구,2024
성북구,13800,장위동,12.0,20240622,월세,59.92,20000,118,2021.0,아파트,2024
성북구,11200,삼선동2가,,20240426,월세,44.0,1500,33,1990.0,단독다가구,2024
성북구,12500,안암동5가,,20240727,월세,20.0,3000,55,2019.0,단독다가구,2024
성북구,12000,동선동5가,3.0,20240619,월세,115.35,500,20,1999.0,연립다세대,2024
성북구,13400,길음동,6.0,20240817,월세,59.97,30000,135,2019.0,아파트,2024
성북구,11100,삼선동1가,,20240505,월세,47.82,2000,55,1990.0,단독다가구,2024
성북구,13400,길음동,,20240715,월세,19.0,500,40,2011.0,단독다가구,2024
성북구,13500,종암동,,20240712,월세,30.0,500,55,2003.0,단독다가구,2024
성북구,11700,동선동2가,,20240712,월세,30.0,8000,55,2016.0,단독다가구,2024
성북구,11800,동선동3가,,20240712,월세,30.0,3000,50,2001.0,단독다가구,2024
성북구,13300,정릉동,3.0,20240805,월세,22.26,6528,23,2020.0,연립다세대,2024
성북구,13300,정릉동,3.0,20240805,월세,22.26,8808,11,2020.0,연립다세대,2024
성북구,13300,정릉동,1.0,20240805,월세,22.26,6912,24,2020.0,연립다세대,2024
성북구,10200,성북동1가,4.0,20240805,월세,24.86,1500,59,2002.0,연립다세대,2024
성북구,13900,석관동,,20240624,월세,67.8,300,35,1991.0,단독다가구,2024
성북구,12200,안암동2가,,20240724,월세,21.0,2000,69,2015.0,단독다가구,2024
성북구,13500,종암동,3.0,20240802,월세,29.85,5500,120,2024.0,연립다세대,2024
성북구,13900,석관동,,20240429,월세,44.0,1000,60,1996.0,단독다가구,2024
성북구,11500,삼선동5가,,20240505,월세,52.31,5000,65,,단독다가구,2024
성북구,12000,동선동5가,3.0,20240828,월세,45.18,1000,84,2003.0,연립다세대,2024
성북구,12500,안암동5가,,20240715,월세,20.0,300,50,1994.0,단독다가구,2024
성북구,12500,안암동5가,,20240715,월세,20.0,300,48,,단독다가구,2024
성북구,11100,삼선동1가,,20240502,월세,48.84,1000,60,1986.0,단독다가구,2024
성북구,11500,삼선동5가,,20240502,월세,49.02,3000,105,1993.0,단독다가구,2024
성북구,13300,정릉동,4.0,20240613,월세,62.1,8000,30,2007.0,연립다세대,2024
성북구,11600,동선동1가,8.0,20240606,월세,14.08,2000,60,2014.0,연립다세대,2024
성북구,12500,안암동5가,,20240709,월세,20.0,1000,47,2002.0,단독다가구,2024
성북구,13500,종암동,,20240508,월세,40.0,6000,63,1993.0,단독다가구,2024
성북구,13400,길음동,,20240423,월세,59.54,5000,210,,단독다가구,2024
성북구,13500,종암동,,20240426,월세,60.3,15000,40,,단독다가구,2024
성북구,11800,동선동3가,2.0,20240619,월세,47.71,1000,59,2008.0,연립다세대,2024
성북구,12500,안암동5가,,20240727,월세,23.0,1000,60,2000.0,단독다가구,2024
성북구,12500,안암동5가,,20240508,월세,40.1,10000,40,1994.0,단독다가구,2024
성북구,13400,길음동,,20240423,월세,69.89,2500,155,2015.0,단독다가구,2024
성북구,13400,길음동,7.0,20240613,월세,30.61,5215,3,2005.0,아파트,2024
성북구,13400,길음동,14.0,20240613,월세,30.15,1712,16,2005.0,아파트,2024
성북구,13400,길음동,10.0,20240613,월세,30.15,4669,4,2005.0,아파트,2024
성북구,13800,장위동,,20240423,월세,79.8,100,30,1970.0,단독다가구,2024
성북구,13800,장위동,,20240508,월세,44.19,1000,25,1995.0,단독다가구,2024
성북구,13300,정릉동,-1.0,20240603,월세,65.47,0,30,2014.0,연립다세대,2024
성북구,10700,동소문동4가,3.0,20240625,월세,18.58,1000,73,2019.0,오피스텔,2024
성북구,13400,길음동,35.0,20240613,월세,59.87,35000,100,2024.0,아파트,2024
성북구,13300,정릉동,,20240505,월세,94.5,7000,65,1993.0,단독다가구,2024
성북구,13800,장위동,,20240423,월세,112.41,5000,75,1983.0,단독다가구,2024
성북구,13800,장위동,,20240426,월세,194.52,200,30,1990.0,단독다가구,2024
성북구,13500,종암동,1.0,20240704,월세,32.64,10000,25,1994.0,연립다세대,2024
성북구,10400,동소문동1가,,20240718,월세,19.83,5000,15,1988.0,단독다가구,2024
성북구,12500,안암동5가,4.0,20240625,월세,18.54,1000,61,2012.0,연립다세대,2024
성북구,13900,석관동,,20240712,월세,36.0,1000,50,1996.0,단독다가구,2024
성북구,10900,동소문동6가,5.0,20240606,월세,18.44,5000,68,2015.0,오피스텔,2024
성북구,13400,길음동,2.0,20240817,월세,38.017,2869,15,2022.0,아파트,2024
성북구,13300,정릉동,18.0,20240805,월세,59.98,10000,79,2004.0,아파트,2024
성북구,13400,길음동,38.0,20240619,월세,120.64,50000,280,2019.0,아파트,2024
성북구,13600,하월곡동,,20240727,월세,26.44,1000,80,2015.0,단독다가구,2024
성북구,10100,성북동,2.0,20240805,월세,39.53,27000,5,2018.0,연립다세대,2024
성북구,13400,길음동,12.0,20240814,월세,84.769,30000,170,2022.0,아파트,2024
성북구,13800,장위동,,20240427,월세,46.0,500,30,1993.0,단독다가구,2024
성북구,12800,보문동6가,,20240727,월세,27.74,5500,85,2019.0,단독다가구,2024
성북구,13300,정릉동,12.0,20240730,월세,94.59,30000,50,2004.0,아파트,2024
성북구,13900,석관동,5.0,20240619,월세,30.0,6550,1,2009.0,아파트,2024
성북구,13900,석관동,6.0,20240814,월세,20.62,14700,17,2020.0,연립다세대,2024
성북구,13300,정릉동,8.0,20240510,월세,32.76,3230,6,2005.0,아파트,2024
성북구,13900,석관동,5.0,20240619,월세,39.01,4934,7,2019.0,아파트,2024
성북구,12500,안암동5가,,20240724,월세,29.75,1000,65,2001.0,단독다가구,2024
성북구,11700,동선동2가,,20240503,월세,23.1,500,42,2005.0,단독다가구,2024
성북구,13400,길음동,13.0,20240704,월세,59.99,10000,140,2003.0,아파트,2024
성북구,11400,삼선동4가,,20240427,월세,51.0,7000,80,1994.0,단독다가구,2024
성북구,10900,동소문동6가,5.0,20240730,월세,13.27,7000,33,2013.0,아파트,2024
성북구,13800,장위동,,20240727,월세,30.0,1000,30,1992.0,단독다가구,2024
성북구,13300,정릉동,,20240424,월세,66.05,500,55,,단독다가구,2024
성북구,13500,종암동,,20240503,월세,25.0,1000,70,,단독다가구,2024
성북구,13600,하월곡동,,20240715,월세,26.0,10000,20,2016.0,단독다가구,2024
성북구,12300,안암동3가,1.0,20240613,월세,54.45,1000,55,1971.0,아파트,2024
성북구,12200,안암동2가,,20240503,월세,25.8,5000,25,2016.0,단독다가구,2024
성북구,13700,상월곡동,,20240715,월세,28.0,200,40,1994.0,단독다가구,2024
성북구,10300,돈암동,,20240424,월세,225.0,3500,30,,단독다가구,2024
성북구,11500,삼선동5가,,20240424,월세,226.2,1000,50,1993.0,단독다가구,2024
성북구,11100,삼선동1가,,20240727,월세,31.8,1000,60,1985.0,단독다가구,2024
성북구,12700,보문동5가,,20240712,월세,44.37,2000,70,1992.0,단독다가구,2024
성북구,10300,돈암동,2.0,20240730,월세,132.96,30000,160,1998.0,아파트,2024
성북구,12200,안암동2가,,20240712,월세,44.72,6000,50,1994.0,단독다가구,2024
성북구,12800,보문동6가,,20240501,월세,44.72,2000,80,1994.0,단독다가구,2024
성북구,13500,종암동,,20240718,월세,23.65,5000,60,2022.0,단독다가구,2024
성북구,13600,하월곡동,,20240715,월세,29.75,7000,20,2002.0,단독다가구,2024
성북구,13500,종암동,3.0,20240704,월세,29.14,1000,90,2018.0,연립다세대,2024
성북구,13900,석관동,,20240715,월세,30.0,2000,30,1994.0,단독다가구,2024
성북구,12100,안암동1가,,20240712,월세,46.2,4000,100,1992.0,단독다가구,2024
성북구,13500,종암동,9.0,20240831,월세,50.9,14000,80,2017.0,연립다세대,2024
성북구,13600,하월곡동,10.0,20240610,월세,114.678,58000,30,2006.0,아파트,2024
성북구,13900,석관동,,20240425,월세,164.76,500,40,1994.0,단독다가구,2024
성북구,13300,정릉동,2.0,20240625,월세,50.56,2000,135,2023.0,연립다세대,2024
성북구,13500,종암동,,20240501,월세,50.0,1000,135,2002.0,단독다가구,2024
성북구,11200,삼선동2가,,20240507,월세,33.0,2000,40,1989.0,단독다가구,2024
성북구,11100,삼선동1가,,20240712,월세,49.88,1000,50,1993.0,단독다가구,2024
성북구,11700,동선동2가,,20240715,월세,31.0,500,40,1994.0,단독다가구,2024
성북구,10100,성북동,,20240718,월세,26.45,3000,80,,단독다가구,2024
성북구,10300,돈암동,2.0,20240516,월세,59.99,20000,45,2004.0,아파트,2024
성북구,12200,안암동2가,,20240715,월세,33.0,1500,65,1991.0,단독다가구,2024
성북구,13100,보문동2가,3.0,20240525,월세,27.0,9000,34,2001.0,연립다세대,2024
성북구,10300,돈암동,17.0,20240613,월세,59.4,4000,95,1999.0,아파트,2024
성북구,13300,정릉동,,20240506,월세,12.0,300,50,,단독다가구,2024
성북구,13300,정릉동,3.0,20240610,월세,28.36,15400,25,2018.0,연립다세대,2024
성북구,13500,종암동,14.0,20240831,월세,59.97,5000,165,2009.0,아파트,2024
성북구,10100,성북동,,20240712,월세,56.89,15000,100,1969.0,단독다가구,2024
성북구,11500,삼선동5가,,20240724,월세,38.13,2000,75,1989.0,단독다가구,2024
성북구,13600,하월곡동,3.0,20240610,월세,34.29,1000,85,2016.0,연립다세대,2024
성북구,13400,길음동,5.0,20240628,월세,84.94,10000,190,2010.0,아파트,2024
성북구,13700,상월곡동,,20240712,월세,60.11,12000,50,1993.0,단독다가구,2024
성북구,13300,정릉동,,20240715,월세,33.33,200,40,1975.0,단독다가구,2024
성북구,13600,하월곡동,16.0,20240831,월세,84.589,5000,180,2006.0,아파트,2024
성북구,11900,동선동4가,7.0,20240513,월세,19.83,8000,20,2012.0,오피스텔,2024
성북구,13300,정릉동,,20240712,월세,62.42,12000,27,1967.0,단독다가구,2024
성북구,13300,정릉동,,20240914,월세,62.01,500,85,1992.0,단독다가구,2024
성북구,12300,안암동3가,,20240724,월세,40.0,500,50,1989.0,단독다가구,2024
성북구,13600,하월곡동,4.0,20240628,월세,59.65,0,167,2010.0,아파트,2024
성북구,12700,보문동5가,,20240614,월세,21.0,3000,35,2008.0,단독다가구,2024
성북구,12000,동선동5가,,20240530,월세,18.0,1000,50,,단독다가구,2024
성북구,10100,성북동,,20240430,월세,38.15,5000,100,1974.0,단독다가구,2024
성북구,11700,동선동2가,,20240712,월세,66.49,3000,100,2003.0,단독다가구,2024
성북구,13600,하월곡동,,20240430,월세,40.0,2000,40,1966.0,단독다가구,2024
성북구,12200,안암동2가,,20240430,월세,40.0,500,45,1993.0,단독다가구,2024
성북구,13300,정릉동,5.0,20240606,월세,28.08,18770,15,2022.0,연립다세대,2024
성북구,13700,상월곡동,,20240506,월세,19.0,500,45,2014.0,단독다가구,2024
성북구,10300,돈암동,11.0,20240531,월세,59.99,10000,140,2004.0,아파트,2024
성북구,12500,안암동5가,,20240503,월세,41.0,500,100,,단독다가구,2024
성북구,13800,장위동,,20240712,월세,92.05,3010,55,1993.0,단독다가구,2024
성북구,13600,하월곡동,,20240727,월세,41.98,3000,60,1994.0,단독다가구,2024
성북구,13300,정릉동,,20240430,월세,43.8,500,57,,단독다가구,2024
성북구,13900,석관동,5.0,20240628,월세,49.58,100,55,2018.0,연립다세대,2024
성북구,13900,석관동,,20240724,월세,43.31,200,32,1997.0,단독다가구,2024
성북구,10900,동소문동6가,3.0,20240704,월세,30.3,8000,40,2003.0,오피스텔,2024
성북구,13900,석관동,,20240712,월세,188.04,100,23,1970.0,단독다가구,2024
성북구,13500,종암동,,20240724,월세,45.0,1000,70,1996.0,단독다가구,2024
성북구,13500,종암동,2.0,20240808,월세,29.9,5500,100,2022.0,연립다세대,2024
성북구,13700,상월곡동,,20240430,월세,46.7,500,30,1983.0,단독다가구,2024
성북구,13400,길음동,3.0,20240725,월세,55.89,5000,160,2023.0,연립다세대,2024
성북구,11000,동소문동7가,1.0,20240713,월세,79.89,1000,35,2018.0,연립다세대,2024
성북구,13100,보문동2가,,20240513,월세,18.0,3000,32,1999.0,단독다가구,2024
성북구,12100,안암동1가,,20240430,월세,49.83,2000,80,1993.0,단독다가구,2024
성북구,13800,장위동,,20240506,월세,22.0,300,20,,단독다가구,2024
성북구,13800,장위동,,20240430,월세,52.73,5000,60,1973.0,단독다가구,2024
성북구,12000,동선동5가,,20240430,월세,53.18,2000,75,1992.0,단독다가구,2024
성북구,13900,석관동,,20240503,월세,53.21,9000,40,1990.0,단독다가구,2024
성북구,13800,장위동,,20240503,월세,54.68,13000,30,2002.0,단독다가구,2024
성북구,12500,안암동5가,4.0,20240713,월세,22.89,1000,74,2012.0,연립다세대,2024
성북구,13300,정릉동,4.0,20240531,월세,59.09,26800,20,2019.0,연립다세대,2024
성북구,13300,정릉동,3.0,20240531,월세,22.26,6912,24,2020.0,연립다세대,2024
성북구,13300,정릉동,1.0,20240531,월세,22.26,9332,12,2020.0,연립다세대,2024
성북구,13300,정릉동,1.0,20240531,월세,22.26,6912,24,2020.0,연립다세대,2024
성북구,13300,정릉동,3.0,20240531,월세,36.33,12560,44,2020.0,연립다세대,2024
성북구,10300,돈암동,14.0,20240628,월세,84.93,30000,120,2009.0,아파트,2024
성북구,13800,장위동,3.0,20240525,월세,35.65,1050,35,1993.0,연립다세대,2024
성북구,13400,길음동,,20240503,월세,59.54,4939,31,,단독다가구,2024
성북구,13400,길음동,4.0,20240622,월세,59.94,30000,45,1998.0,아파트,2024
성북구,13300,정릉동,,20240513,월세,20.0,1000,50,2021.0,단독다가구,2024
성북구,12600,보문동4가,5.0,20240701,월세,18.16,3000,48,2016.0,연립다세대,2024
성북구,12100,안암동1가,4.0,20240701,월세,17.06,9000,2,2012.0,연립다세대,2024
성북구,13300,정릉동,,20240513,월세,21.0,500,27,,단독다가구,2024
성북구,13800,장위동,12.0,20240522,월세,39.34,1395,21,2006.0,아파트,2024
성북구,10100,성북동,,20240503,월세,91.77,4000,90,,단독다가구,2024
성북구,13300,정릉동,2.0,20240606,월세,105.32,5000,120,1994.0,연립다세대,2024
성북구,12100,안암동1가,,20240430,월세,125.62,4000,40,1991.0,단독다가구,2024
성북구,13900,석관동,6.0,20240713,월세,25.0,500,50,2002.0,오피스텔,2024
성북구,13900,석관동,5.0,20240716,월세,28.32,5000,100,2022.0,연립다세대,2024
성북구,13300,정릉동,3.0,20240522,월세,22.26,5537,8,2020.0,연립다세대,2024
성북구,13300,정릉동,3.0,20240522,월세,26.39,6343,9,2020.0,연립다세대,2024
성북구,13300,정릉동,1.0,20240522,월세,26.39,6343,9,2020.0,연립다세대,2024
성북구,13500,종암동,,20240513,월세,23.3,100,45,1997.0,단독다가구,2024
성북구,13800,장위동,1.0,20240801,월세,54.72,4000,50,1988.0,연립다세대,2024
성북구,10300,돈암동,3.0,20240603,월세,59.99,20000,100,2004.0,아파트,2024
성북구,13400,길음동,9.0,20240710,월세,30.61,1809,17,2005.0,아파트,2024
성북구,13400,길음동,11.0,20240710,월세,30.61,1809,17,2005.0,아파트,2024
성북구,13400,길음동,8.0,20240710,월세,33.28,1195,28,2010.0,아파트,2024
성북구,10400,동소문동1가,,20240504,월세,49.9,5000,53,,단독다가구,2024
성북구,13400,길음동,8.0,20240710,월세,33.28,2989,25,2010.0,아파트,2024
성북구,12700,보문동5가,,20240727,월세,49.68,6000,60,1993.0,단독다가구,2024
성북구,13400,길음동,20.0,20240710,월세,59.99,30000,50,2010.0,아파트,2024
성북구,13500,종암동,24.0,20240522,월세,84.72,30000,65,1999.0,아파트,2024
성북구,13500,종암동,2.0,20240522,월세,84.72,33010,70,1999.0,아파트,2024
성북구,13400,길음동,14.0,20240710,월세,30.876,2345,26,2008.0,아파트,2024
성북구,13400,길음동,,20240501,월세,59.87,40000,90,,단독다가구,2024
성북구,10900,동소문동6가,3.0,20240713,월세,31.79,2000,70,2001.0,연립다세대,2024
성북구,13500,종암동,8.0,20240704,월세,59.98,12000,139,2011.0,아파트,2024
성북구,13500,종암동,2.0,20240628,월세,31.71,9900,25,1993.0,연립다세대,2024
성북구,13800,장위동,14.0,20240710,월세,39.0,2703,16,2022.0,아파트,2024
성북구,13800,장위동,,20240510,월세,12.54,300,25,1996.0,단독다가구,2024
성북구,11700,동선동2가,,20240516,월세,20.0,1000,55,2011.0,단독다가구,2024
성북구,13300,정릉동,3.0,20240519,월세,19.7,3522,13,2020.0,연립다세대,2024
성북구,13300,정릉동,2.0,20240519,월세,22.26,2287,19,2020.0,연립다세대,2024
성북구,13300,정릉동,2.0,20240519,월세,26.39,6343,9,2020.0,연립다세대,2024
성북구,10100,성북동,,20240504,월세,58.24,20000,35,1998.0,단독다가구,2024
성북구,13400,길음동,,20240504,월세,59.87,40000,80,,단독다가구,2024
성북구,13400,길음동,9.0,20240722,월세,114.912,49000,50,2003.0,아파트,2024
성북구,13400,길음동,1.0,20240722,월세,30.876,4993,11,2008.0,아파트,2024
성북구,13400,길음동,2.0,20240722,월세,30.876,4993,11,2008.0,아파트,2024
성북구,13400,길음동,10.0,20240722,월세,30.876,2882,23,2008.0,아파트,2024
성북구,13300,정릉동,,20240504,월세,64.52,1000,70,1994.0,단독다가구,2024
성북구,13600,하월곡동,7.0,20240525,월세,81.37,2000,150,2010.0,오피스텔,2024
성북구,13600,하월곡동,10.0,20240704,월세,114.678,36000,139,2006.0,아파트,2024
성북구,13300,정릉동,1.0,20240729,월세,66.36,5000,60,2001.0,연립다세대,2024
성북구,13800,장위동,4.0,20240722,월세,59.988,30000,50,2008.0,아파트,2024
성북구,13800,장위동,19.0,20240707,월세,84.47,10000,220,2022.0,아파트,2024
성북구,10700,동소문동4가,2.0,20240628,월세,61.82,500,53,2002.0,연립다세대,2024
성북구,13700,상월곡동,-1.0,20240713,월세,53.36,1000,40,1987.0,연립다세대,2024
성북구,13300,정릉동,1.0,20240603,월세,22.26,9332,12,2020.0,연립다세대,2024
성북구,13300,정릉동,1.0,20240603,월세,22.26,6912,24,2020.0,연립다세대,2024
성북구,13300,정릉동,4.0,20240603,월세,22.26,6912,24,2020.0,연립다세대,2024
성북구,13300,정릉동,,20240504,월세,83.84,20000,100,2022.0,단독다가구,2024
성북구,12300,안암동3가,2.0,20240725,월세,51.0,17000,50,2005.0,연립다세대,2024
성북구,13400,길음동,15.0,20240725,월세,84.97,13000,150,2005.0,아파트,2024
성북구,13900,석관동,,20240502,월세,158.79,2000,38,1990.0,단독다가구,2024
성북구,13100,보문동2가,6.0,20240814,월세,66.17,15000,170,2023.0,오피스텔,2024
성북구,13400,길음동,3.0,20240725,월세,113.226,30000,169,2007.0,아파트,2024
성북구,10300,돈암동,1.0,20240525,월세,84.87,3000,150,1998.0,아파트,2024
성북구,11700,동선동2가,3.0,20240719,월세,23.04,6000,60,2014.0,연립다세대,2024
성북구,13900,석관동,4.0,20240619,월세,33.15,500,70,2003.0,오피스텔,2024
성북구,13300,정릉동,3.0,20240817,월세,63.58,1000,50,2010.0,연립다세대,2024
성북구,13600,하월곡동,5.0,20240704,월세,18.36,3000,80,2019.0,연립다세대,2024
성북구,13300,정릉동,4.0,20240528,월세,19.7,5780,19,2020.0,연립다세대,2024
성북구,13300,정릉동,1.0,20240528,월세,22.26,4087,15,2020.0,연립다세대,2024
성북구,13400,길음동,10.0,20240625,월세,84.97,5000,180,2005.0,아파트,2024
성북구,13400,길음동,11.0,20240625,월세,84.97,7000,180,2005.0,아파트,2024
성북구,13400,길음동,4.0,20240625,월세,59.86,15000,80,2005.0,아파트,2024
성북구,13900,석관동,4.0,20240817,월세,33.15,2000,65,2003.0,오피스텔,2024
성북구,13000,보문동1가,7.0,20240610,월세,39.202,12598,33,2022.0,아파트,2024
성북구,13000,보문동1가,16.0,20240610,월세,39.202,10960,41,2022.0,아파트,2024
성북구,13000,보문동1가,10.0,20240610,월세,39.202,12520,33,2022.0,아파트,2024
성북구,13900,석관동,,20240727,월세,58.29,14000,20,1989.0,단독다가구,2024
성북구,13400,길음동,15.0,20240625,월세,34.883,1587,19,2003.0,아파트,2024
성북구,10300,돈암동,,20240513,월세,33.12,1000,60,1964.0,단독다가구,2024
성북구,13400,길음동,22.0,20240625,월세,59.36,40000,60,2024.0,아파트,2024
성북구,13600,하월곡동,,20240513,월세,33.76,0,35,2005.0,단독다가구,2024
성북구,13600,하월곡동,5.0,20240625,월세,59.65,35000,40,2010.0,아파트,2024
성북구,13800,장위동,6.0,20240622,월세,18.03,1000,65,2019.0,오피스텔,2024
성북구,11900,동선동4가,2.0,20240820,월세,22.69,3000,55,2011.0,오피스텔,2024
성북구,13400,길음동,4.0,20240719,월세,59.97,5000,170,2005.0,아파트,2024
성북구,12100,안암동1가,,20240510,월세,23.0,1000,35,,단독다가구,2024
성북구,13300,정릉동,,20240715,월세,41.63,1000,40,1994.0,단독다가구,2024
성북구,13500,종암동,,20240516,월세,20.0,500,35,1992.0,단독다가구,2024
성북구,13800,장위동,2.0,20240719,월세,34.26,1000,140,2022.0,연립다세대,2024
성북구,13800,장위동,22.0,20240701,월세,59.92,20000,50,2021.0,아파트,2024
성북구,13200,보문동3가,6.0,20240516,월세,59.49,25000,90,2003.0,아파트,2024
성북구,11300,삼선동3가,13.0,20240814,월세,84.94,10000,200,2012.0,아파트,2024
성북구,11200,삼선동2가,,20240510,월세,25.0,3000,55,1984.0,단독다가구,2024
성북구,12400,안암동4가,,20240730,월세,16.0,1000,55,2016.0,단독다가구,2024
성북구,10700,동소문동4가,8.0,20240820,월세,25.89,2000,66,2003.0,오피스텔,2024
성북구,13900,석관동,,20240513,월세,41.68,13000,20,1993.0,단독다가구,2024
성북구,13900,석관동,,20240506,월세,52.48,3000,50,1990.0,단독다가구,2024
성북구,13500,종암동,,20240513,월세,42.0,1000,48,1993.0,단독다가구,2024
성북구,10300,돈암동,18.0,20240531,월세,68.13,4000,145,1998.0,아파트,2024
성북구,10900,동소문동6가,8.0,20240522,월세,13.27,3000,52,2013.0,아파트,2024
성북구,13500,종암동,,20240513,월세,45.7,1000,45,1994.0,단독다가구,2024
성북구,13400,길음동,16.0,20240628,월세,84.975,6000,250,2022.0,아파트,2024
성북구,13500,종암동,2.0,20240613,월세,37.13,100,36,2023.0,연립다세대,2024
성북구,10900,동소문동6가,4.0,20240628,월세,19.68,1000,75,2015.0,연립다세대,2024
성북구,12500,안암동5가,4.0,20240716,월세,12.0,1000,60,2011.0,연립다세대,2024
성북구,13300,정릉동,12.0,20240722,월세,43.11,3000,80,2001.0,아파트,2024
성북구,11300,삼선동3가,,20240513,월세,49.0,8000,23,1993.0,단독다가구,2024
성북구,10300,돈암동,7.0,20240710,월세,84.817,20000,103,2006.0,아파트,2024
성북구,10100,성북동,,20240727,월세,85.0,35000,105,2018.0,단독다가구,2024
성북구,13900,석관동,5.0,20240805,월세,22.65,1000,50,2013.0,연립다세대,2024
성북구,10700,동소문동4가,3.0,20240814,월세,63.21,1500,55,2001.0,연립다세대,2024
성북구,13400,길음동,3.0,20240625,월세,46.84,500,40,,연립다세대,2024
성북구,13900,석관동,4.0,20240808,월세,22.65,1000,50,2013.0,연립다세대,2024
성북구,10300,돈암동,4.0,20240707,월세,41.58,1500,100,1991.0,아파트,2024
성북구,12200,안암동2가,,20240513,월세,57.95,3000,80,,단독다가구,2024
성북구,10900,동소문동6가,20.0,20240622,월세,14.01,1000,82,2015.0,아파트,2024
성북구,12000,동선동5가,,20240525,월세,16.91,500,45,1988.0,단독다가구,2024
성북구,10700,동소문동4가,3.0,20240710,월세,61.82,1000,61,2002.0,연립다세대,2024
성북구,13000,보문동1가,15.0,20240613,월세,39.202,4494,6,2022.0,아파트,2024
성북구,13000,보문동1가,17.0,20240613,월세,39.202,4494,6,2022.0,아파트,2024
성북구,13000,보문동1가,13.0,20240613,월세,39.202,12520,33,2022.0,아파트,2024
성북구,13000,보문동1가,10.0,20240613,월세,39.202,12520,33,2022.0,아파트,2024
성북구,13000,보문동1가,11.0,20240613,월세,39.202,1276,18,2022.0,아파트,2024
성북구,13000,보문동1가,7.0,20240613,월세,39.202,12520,33,2022.0,아파트,2024
성북구,13000,보문동1가,13.0,20240613,월세,39.202,11896,32,2022.0,아파트,2024
성북구,13000,보문동1가,4.0,20240613,월세,39.202,12520,33,2022.0,아파트,2024
성북구,13000,보문동1가,16.0,20240613,월세,39.202,12520,33,2022.0,아파트,2024
성북구,13000,보문동1가,14.0,20240613,월세,39.202,4494,6,2022.0,아파트,2024
성북구,13000,보문동1가,18.0,20240613,월세,39.202,4494,6,2022.0,아파트,2024
성북구,13900,석관동,2.0,20240710,월세,59.97,20000,80,1998.0,아파트,2024
성북구,11300,삼선동3가,,20240516,월세,18.0,1000,55,,단독다가구,2024
성북구,13500,종암동,,20240528,월세,30.0,500,30,1993.0,단독다가구,2024
성북구,13800,장위동,4.0,20240619,월세,18.03,11500,10,2019.0,오피스텔,2024
성북구,10800,동소문동5가,,20240730,월세,18.0,500,45,1995.0,단독다가구,2024
성북구,11800,동선동3가,,20240730,월세,18.0,1000,60,2010.0,단독다가구,2024
성북구,13800,장위동,,20240802,월세,16.53,1000,25,1972.0,단독다가구,2024
성북구,11400,삼선동4가,3.0,20240710,월세,13.88,3000,32,2010.0,연립다세대,2024
성북구,12100,안암동1가,,20240510,월세,40.0,500,75,1988.0,단독다가구,2024
성북구,10200,성북동1가,5.0,20240619,월세,27.92,1000,65,2002.0,연립다세대,2024
성북구,11100,삼선동1가,,20240507,월세,53.51,8000,30,1996.0,단독다가구,2024
성북구,13600,하월곡동,,20240513,월세,179.67,100,32,1994.0,단독다가구,2024
성북구,12300,안암동3가,,20240525,월세,20.0,1000,55,2019.0,단독다가구,2024
성북구,13500,종암동,,20240525,월세,20.0,1500,80,2018.0,단독다가구,2024
성북구,13300,정릉동,1.0,20240719,월세,64.26,16700,40,2002.0,연립다세대,2024
성북구,13600,하월곡동,6.0,20240822,월세,20.32,1000,85,2021.0,연립다세대,2024
성북구,13600,하월곡동,9.0,20240822,월세,24.09,2000,130,2021.0,연립다세대,2024
성북구,13800,장위동,,20240507,월세,56.0,500,45,1997.0,단독다가구,2024
성북구,13800,장위동,12.0,20240610,월세,14.714,1000,65,2019.0,아파트,2024
성북구,13500,종암동,,20240510,월세,42.84,500,50,1992.0,단독다가구,2024
성북구,13400,길음동,,20240507,월세,59.87,35000,100,,단독다가구,2024
성북구,13800,장위동,,20240718,월세,38.82,3000,30,1993.0,단독다가구,2024
성북구,11900,동선동4가,7.0,20240522,월세,20.44,10000,16,2012.0,오피스텔,2024
성북구,12100,안암동1가,,20240525,월세,20.88,300,39,1995.0,단독다가구,2024
성북구,13900,석관동,,20240510,월세,47.55,9000,20,1974.0,단독다가구,2024
성북구,10900,동소문동6가,,20240525,월세,23.0,1000,55,,단독다가구,2024
성북구,13400,길음동,,20240507,월세,84.69,50000,140,,단독다가구,2024
성북구,13300,정릉동,2.0,20240729,월세,50.57,1000,110,2007.0,연립다세대,2024
성북구,13700,상월곡동,,20240531,월세,18.0,100,40,1993.0,단독다가구,2024
성북구,10300,돈암동,3.0,20240719,월세,41.58,1000,70,1991.0,아파트,2024
성북구,10300,돈암동,4.0,20240719,월세,84.54,40000,72,2007.0,아파트,2024
성북구,13300,정릉동,,20240802,월세,17.0,500,45,2013.0,단독다가구,2024
성북구,13600,하월곡동,,20240525,월세,27.0,1000,30,1993.0,단독다가구,2024
성북구,11200,삼선동2가,6.0,20240729,월세,43.98,2000,74,2003.0,연립다세대,2024
성북구,13600,하월곡동,,20240724,월세,145.44,100,23,1992.0,단독다가구,2024
성북구,13500,종암동,,20240515,월세,18.18,1000,40,2010.0,단독다가구,2024
성북구,11300,삼선동3가,3.0,20240810,월세,50.23,8000,90,2007.0,연립다세대,2024
성북구,13500,종암동,3.0,20240710,월세,20.16,500,48,2015.0,오피스텔,2024
성북구,13500,종암동,2.0,20240713,월세,23.6,3000,70,2017.0,연립다세대,2024
성북구,13900,석관동,,20240508,월세,64.74,1000,80,1996.0,단독다가구,2024
성북구,10100,성북동,,20240525,월세,30.0,500,60,2002.0,단독다가구,2024
성북구,10700,동소문동4가,2.0,20240719,월세,21.2,1000,42,2002.0,연립다세대,2024
성북구,13500,종암동,,20240508,월세,69.0,3000,60,1991.0,단독다가구,2024
성북구,13500,종암동,,20240531,월세,20.0,2000,35,2017.0,단독다가구,2024
성북구,13400,길음동,5.0,20240710,월세,38.017,4470,6,2022.0,아파트,2024
성북구,11800,동선동3가,,20240515,월세,20.0,1000,45,1992.0,단독다가구,2024
성북구,13400,길음동,16.0,20240713,월세,59.99,5000,145,2005.0,아파트,2024
성북구,12300,안암동3가,9.0,20240810,월세,49.56,30000,85,2024.0,아파트,2024
성북구,13400,길음동,15.0,20240713,월세,59.373,20000,120,2007.0,아파트,2024
성북구,13400,길음동,15.0,20240713,월세,84.049,30000,140,2007.0,아파트,2024
성북구,13500,종암동,,20240512,월세,71.04,6000,73,2001.0,단독다가구,2024
성북구,13000,보문동1가,16.0,20240704,월세,59.791,25000,200,2022.0,아파트,2024
성북구,13800,장위동,9.0,20240814,월세,18.03,1000,65,2019.0,오피스텔,2024
성북구,13400,길음동,27.0,20240713,월세,84.69,20000,280,2024.0,아파트,2024
성북구,11900,동선동4가,4.0,20240528,월세,15.3,3400,49,2012.0,연립다세대,2024
성북구,13500,종암동,5.0,20240817,월세,70.48,8000,50,2006.0,연립다세대,2024
성북구,13600,하월곡동,,20240525,월세,33.0,1000,50,1993.0,단독다가구,2024
성북구,11700,동선동2가,,20240531,월세,21.0,1000,40,1994.0,단독다가구,2024
성북구,13600,하월곡동,10.0,20240713,월세,84.73,5000,160,2010.0,아파트,2024
성북구,13800,장위동,3.0,20240801,월세,57.7,18500,15,2004.0,연립다세대,2024
성북구,13300,정릉동,3.0,20240828,월세,29.61,15800,20,2018.0,연립다세대,2024
성북구,13700,상월곡동,,20240531,월세,25.0,1000,60,1994.0,단독다가구,2024
성북구,12500,안암동5가,,20240603,월세,15.0,1000,65,1993.0,단독다가구,2024
성북구,12900,보문동7가,,20240603,월세,15.0,500,40,2007.0,단독다가구,2024
성북구,13600,하월곡동,,20240522,월세,21.3,300,37,1983.0,단독다가구,2024
성북구,13800,장위동,16.0,20240722,월세,84.98,27000,120,2021.0,아파트,2024
성북구,11300,삼선동3가,4.0,20240704,월세,35.58,4218,9,2008.0,아파트,2024
성북구,13800,장위동,-1.0,20240801,월세,42.52,500,40,1991.0,연립다세대,2024
성북구,12800,보문동6가,,20240516,월세,30.0,1000,50,1994.0,단독다가구,2024
성북구,13300,정릉동,4.0,20240701,월세,74.3,500,40,2022.0,연립다세대,2024
성북구,10200,성북동1가,,20240903,월세,15.0,500,45,2012.0,단독다가구,2024
성북구,11300,삼선동3가,,20240531,월세,27.09,500,50,1992.0,단독다가구,2024
성북구,13500,종암동,,20240603,월세,16.5,1000,50,2018.0,단독다가구,2024
성북구,13900,석관동,,20240531,월세,28.0,500,35,1994.0,단독다가구,2024
성북구,13600,하월곡동,6.0,20240831,월세,15.62,1000,65,2013.0,아파트,2024
성북구,13500,종암동,8.0,20240725,월세,59.98,5000,150,2011.0,아파트,2024
성북구,13300,정릉동,,20240606,월세,16.5,2000,41,2019.0,단독다가구,2024
성북구,13800,장위동,11.0,20240719,월세,40.99,914,38,2022.0,아파트,2024
성북구,12500,안암동5가,,20240606,월세,17.0,300,30,1998.0,단독다가구,2024
성북구,12600,보문동4가,3.0,20240628,월세,23.1,1000,64,1972.0,오피스텔,2024
성북구,13500,종암동,17.0,20240725,월세,84.92,30000,110,2009.0,아파트,2024
성북구,13400,길음동,12.0,20240716,월세,34.883,1587,19,2003.0,아파트,2024
성북구,10300,돈암동,15.0,20240716,월세,84.88,5000,170,2014.0,아파트,2024
성북구,13400,길음동,28.0,20240716,월세,59.36,5000,220,2024.0,아파트,2024
성북구,13900,석관동,12.0,20240725,월세,59.96,30000,100,2019.0,아파트,2024
성북구,13600,하월곡동,,20240522,월세,28.0,300,38,1992.0,단독다가구,2024
성북구,13200,보문동3가,,20240516,월세,34.08,12000,30,,단독다가구,2024
성북구,11100,삼선동1가,,20240522,월세,28.88,500,45,1998.0,단독다가구,2024
성북구,13800,장위동,14.0,20240820,월세,18.03,10000,10,2019.0,오피스텔,2024
성북구,13900,석관동,7.0,20240719,월세,30.01,6551,1,2009.0,아파트,2024
성북구,13100,보문동2가,,20240525,월세,47.0,2500,60,1993.0,단독다가구,2024
성북구,13600,하월곡동,6.0,20240622,월세,18.02,1000,57,2020.0,오피스텔,2024
성북구,13900,석관동,,20240525,월세,49.08,6000,20,1990.0,단독다가구,2024
성북구,13900,석관동,,20240516,월세,37.0,2000,65,1993.0,단독다가구,2024
성북구,11800,동선동3가,,20240603,월세,20.0,2000,40,2007.0,단독다가구,2024
성북구,13800,장위동,,20240531,월세,33.33,500,35,1991.0,단독다가구,2024
성북구,13500,종암동,,20240525,월세,50.0,6000,80,1997.0,단독다가구,2024
성북구,13600,하월곡동,,20240516,월세,39.2,1700,70,2002.0,단독다가구,2024
성북구,13600,하월곡동,,20240522,월세,33.0,300,32,1991.0,단독다가구,2024
성북구,12900,보문동7가,,20240729,월세,17.0,500,35,2019.0,단독다가구,2024
성북구,13500,종암동,,20240528,월세,21.0,500,55,2003.0,단독다가구,2024
성북구,13800,장위동,3.0,20240725,월세,47.48,15000,20,2002.0,연립다세대,2024
성북구,13300,정릉동,5.0,20240716,월세,22.74,500,65,2016.0,연립다세대,2024
성북구,13300,정릉동,1.0,20240713,월세,55.28,2000,85,1996.0,연립다세대,2024
성북구,11300,삼선동3가,,20240516,월세,42.0,1000,70,1993.0,단독다가구,2024
성북구,13700,상월곡동,,20240525,월세,62.87,2000,65,1997.0,단독다가구,2024
성북구,13800,장위동,4.0,20240719,월세,49.0,26000,7,2016.0,연립다세대,2024
성북구,11900,동선동4가,,20240531,월세,39.42,5010,40,2003.0,단독다가구,2024
성북구,13600,하월곡동,14.0,20240701,월세,15.55,1000,60,2013.0,아파트,2024
성북구,12100,안암동1가,3.0,20240820,월세,48.84,2500,63,2001.0,연립다세대,2024
성북구,11700,동선동2가,,20240603,월세,23.1,500,45,1993.0,단독다가구,2024
성북구,11900,동선동4가,,20240606,월세,21.46,1000,55,1994.0,단독다가구,2024
성북구,12500,안암동5가,,20240606,월세,22.0,1000,75,2015.0,단독다가구,2024
성북구,12500,안암동5가,,20240801,월세,16.0,1000,50,2023.0,단독다가구,2024
성북구,12000,동선동5가,,20240801,월세,16.0,500,35,2008.0,단독다가구,2024
성북구,13800,장위동,,20240525,월세,90.03,1000,30,1958.0,단독다가구,2024
성북구,10100,성북동,,20240516,월세,48.2,6000,50,1961.0,단독다가구,2024
성북구,13500,종암동,,20240603,월세,26.0,2000,30,1994.0,단독다가구,2024
성북구,13300,정릉동,,20240603,월세,26.0,500,50,,단독다가구,2024
성북구,12100,안암동1가,,20240528,월세,27.0,1500,40,,단독다가구,2024
성북구,13900,석관동,5.0,20240822,월세,53.85,2503,30,2023.0,연립다세대,2024
성북구,13700,상월곡동,,20240522,월세,40.0,300,45,1992.0,단독다가구,2024
성북구,13600,하월곡동,,20240603,월세,27.0,300,50,1991.0,단독다가구,2024
성북구,12700,보문동5가,,20240603,월세,27.15,500,40,1991.0,단독다가구,2024
성북구,13900,석관동,,20240522,월세,40.66,1500,30,1994.0,단독다가구,2024
성북구,13800,장위동,9.0,20240704,월세,18.03,10000,10,2019.0,오피스텔,2024
성북구,13500,종암동,,20240810,월세,13.2,300,40,2016.0,단독다가구,2024
성북구,13600,하월곡동,13.0,20240628,월세,79.248,10000,128,2004.0,아파트,2024
성북구,12100,안암동1가,,20240801,월세,18.0,500,42,2008.0,단독다가구,2024
성북구,13300,정릉동,,20240810,월세,15.0,1000,54,2018.0,단독다가구,2024
성북구,13500,종암동,,20240601,월세,30.0,500,46,2008.0,단독다가구,2024
성북구,13800,장위동,,20240529,월세,26.0,300,25,1973.0,단독다가구,2024
성북구,13300,정릉동,4.0,20240809,월세,58.66,4000,60,1994.0,연립다세대,2024
성북구,13300,정릉동,,20240729,월세,20.0,500,45,1969.0,단독다가구,2024
성북구,13800,장위동,,20240718,월세,42.0,1000,45,1996.0,단독다가구,2024
성북구,13300,정릉동,,20240601,월세,33.0,2000,50,2018.0,단독다가구,2024
성북구,13500,종암동,,20240810,월세,16.5,1000,45,1992.0,단독다가구,2024
성북구,13300,정릉동,,20240801,월세,19.0,400,50,,단독다가구,2024
성북구,13500,종암동,,20240519,월세,50.0,1000,80,,단독다가구,2024
성북구,12300,안암동3가,,20240529,월세,30.8,1000,60,1990.0,단독다가구,2024
성북구,12500,안암동5가,,20240602,월세,10.0,200,35,,단독다가구,2024
성북구,13600,하월곡동,,20240810,월세,17.0,5000,38,2021.0,단독다가구,2024
성북구,10100,성북동,,20240517,월세,137.08,10000,450,1966.0,단독다가구,2024
성북구,12300,안암동3가,,20240527,월세,19.0,500,37,,단독다가구,2024
성북구,11900,동선동4가,13.0,20240625,월세,21.69,1000,70,2011.0,오피스텔,2024
성북구,10800,동소문동5가,14.0,20240828,월세,14.093,1000,85,2018.0,아파트,2024
성북구,13800,장위동,14.0,20240701,월세,18.03,1000,60,2019.0,오피스텔,2024
성북구,13500,종암동,21.0,20240713,월세,59.97,20000,57,2009.0,아파트,2024
성북구,13500,종암동,8.0,20240713,월세,59.97,10000,155,2009.0,아파트,2024
성북구,11800,동선동3가,,20240810,월세,18.0,3000,50,2010.0,단독다가구,2024
성북구,13300,정릉동,,20240530,월세,19.8,500,40,1970.0,단독다가구,2024
성북구,13700,상월곡동,,20240801,월세,20.0,200,35,2017.0,단독다가구,2024
성북구,13000,보문동1가,18.0,20240707,월세,59.791,20000,170,2022.0,아파트,2024
성북구,12400,안암동4가,,20240527,월세,20.0,1000,60,2017.0,단독다가구,2024
성북구,11400,삼선동4가,,20240527,월세,20.0,500,45,,단독다가구,2024
성북구,12800,보문동6가,6.0,20240707,월세,59.87,10000,200,2017.0,아파트,2024
성북구,13300,정릉동,,20240530,월세,20.0,500,29,2012.0,단독다가구,2024
성북구,12100,안암동1가,,20240604,월세,21.38,300,33,1994.0,단독다가구,2024
성북구,12800,보문동6가,,20240521,월세,29.96,1000,50,1992.0,단독다가구,2024
성북구,12100,안암동1가,,20240521,월세,30.0,300,40,1993.0,단독다가구,2024
성북구,12500,안암동5가,,20240521,월세,30.0,1000,75,1994.0,단독다가구,2024
성북구,10700,동소문동4가,6.0,20240710,월세,22.8,1000,63,2003.0,오피스텔,2024
성북구,13200,보문동3가,3.0,20240621,월세,84.57,30000,54,2003.0,아파트,2024
성북구,12500,안암동5가,,20240527,월세,21.0,500,65,1997.0,단독다가구,2024
성북구,12500,안암동5가,,20240729,월세,24.0,500,52,1995.0,단독다가구,2024
성북구,11100,삼선동1가,,20240530,월세,21.0,2000,25,1981.0,단독다가구,2024
성북구,11000,동소문동7가,,20240527,월세,21.46,3000,60,2016.0,단독다가구,2024
성북구,13900,석관동,,20240605,월세,16.0,7000,5,2019.0,단독다가구,2024
성북구,10700,동소문동4가,14.0,20240831,월세,58.59,10000,100,1998.0,아파트,2024
성북구,13300,정릉동,,20240530,월세,24.0,1000,65,,단독다가구,2024
성북구,10900,동소문동6가,11.0,20240704,월세,14.02,1000,78,2015.0,아파트,2024
성북구,12100,안암동1가,,20240611,월세,20.0,500,45,1993.0,단독다가구,2024
성북구,13600,하월곡동,,20240611,월세,20.0,500,40,1995.0,단독다가구,2024
성북구,13400,길음동,10.0,20240713,월세,38.017,4470,6,2022.0,아파트,2024
성북구,13400,길음동,10.0,20240713,월세,38.017,2869,15,2022.0,아파트,2024
성북구,13800,장위동,,20240729,월세,25.5,100,35,1993.0,단독다가구,2024
성북구,12500,안암동5가,,20240804,월세,19.0,500,55,2001.0,단독다가구,2024
성북구,13800,장위동,,20240608,월세,37.18,1000,40,1995.0,단독다가구,2024
성북구,13600,하월곡동,,20240801,월세,22.3,500,53,2019.0,단독다가구,2024
성북구,13900,석관동,,20240807,월세,12.0,300,30,1998.0,단독다가구,2024
성북구,13400,길음동,,20240614,월세,31.5,2000,15,1990.0,단독다가구,2024
성북구,11800,동선동3가,,20240605,월세,18.0,500,52,2001.0,단독다가구,2024
성북구,11900,동선동4가,8.0,20240618,월세,19.95,3000,57,2012.0,오피스텔,2024
성북구,13700,상월곡동,,20240810,월세,20.0,5000,25,2018.0,단독다가구,2024
성북구,12500,안암동5가,,20240810,월세,20.0,1000,70,2019.0,단독다가구,2024
성북구,11300,삼선동3가,,20240614,월세,33.0,500,60,1991.0,단독다가구,2024
성북구,11400,삼선동4가,,20240801,월세,23.14,1000,46,1967.0,단독다가구,2024
성북구,12500,안암동5가,,20240801,월세,23.14,3000,85,2024.0,단독다가구,2024
성북구,12900,보문동7가,,20240530,월세,27.0,1000,70,1992.0,단독다가구,2024
성북구,13600,하월곡동,,20240807,월세,15.0,3000,20,2010.0,단독다가구,2024
성북구,13500,종암동,,20240530,월세,28.0,1000,40,1965.0,단독다가구,2024
성북구,12500,안암동5가,,20240804,월세,20.0,3000,60,2018.0,단독다가구,2024
성북구,12600,보문동4가,,20240729,월세,29.0,1000,55,1993.0,단독다가구,2024
성북구,13300,정릉동,4.0,20240628,월세,39.34,12000,30,1997.0,연립다세대,2024
성북구,12500,안암동5가,,20240801,월세,24.79,2000,61,1994.0,단독다가구,2024
성북구,11100,삼선동1가,,20240527,월세,30.0,500,35,,단독다가구,2024
성북구,12200,안암동2가,,20240608,월세,40.61,0,20,1994.0,단독다가구,2024
성북구,11800,동선동3가,,20240530,월세,30.0,2000,60,2001.0,단독다가구,2024
성북구,11500,삼선동5가,,20240530,월세,30.0,500,65,2017.0,단독다가구,2024
성북구,13900,석관동,,20240715,월세,56.36,2000,65,1969.0,단독다가구,2024
성북구,12200,안암동2가,,20240602,월세,23.0,1000,80,2021.0,단독다가구,2024
성북구,13900,석관동,,20240801,월세,25.84,200,20,1993.0,단독다가구,2024
성북구,12100,안암동1가,,20240810,월세,21.0,3000,60,2018.0,단독다가구,2024
성북구,13800,장위동,,20240810,월세,21.0,4000,10,2000.0,단독다가구,2024
성북구,13100,보문동2가,3.0,20240701,월세,31.115,2000,75,2002.0,연립다세대,2024
성북구,11500,삼선동5가,,20240715,월세,57.0,6300,80,1990.0,단독다가구,2024
성북구,13700,상월곡동,5.0,20240701,월세,28.56,2000,80,2019.0,연립다세대,2024
성북구,13900,석관동,4.0,20240817,월세,27.56,3000,85,2021.0,연립다세대,2024
성북구,10100,성북동,,20240614,월세,37.92,500,35,1966.0,단독다가구,2024
성북구,13700,상월곡동,,20240521,월세,44.68,9000,35,1994.0,단독다가구,2024
성북구,10900,동소문동6가,14.0,20240831,월세,14.01,4000,60,2015.0,아파트,2024
성북구,13900,석관동,,20240810,월세,22.5,1000,60,2016.0,단독다가구,2024
성북구,13600,하월곡동,,20240605,월세,20.52,200,30,1992.0,단독다가구,2024
성북구,13300,정릉동,,20240621,월세,17.0,1000,30,2009.0,단독다가구,2024
성북구,11300,삼선동3가,11.0,20240722,월세,35.58,6005,2,2008.0,아파트,2024
성북구,13500,종암동,20.0,20240716,월세,84.99,20000,150,2011.0,아파트,2024
성북구,11400,삼선동4가,,20240608,월세,48.68,17000,40,,단독다가구,2024
성북구,13500,종암동,,20240807,월세,18.0,500,30,2018.0,단독다가구,2024
성북구,13600,하월곡동,,20240618,월세,16.52,500,45,2018.0,단독다가구,2024
성북구,13900,석관동,,20240608,월세,50.0,500,34,1996.0,단독다가구,2024
성북구,13400,길음동,,20240618,월세,17.0,500,33,2016.0,단독다가구,2024
성북구,13900,석관동,7.0,20240716,월세,30.0,6550,1,2009.0,아파트,2024
성북구,13900,석관동,9.0,20240716,월세,30.0,2478,24,2009.0,아파트,2024
성북구,13900,석관동,6.0,20240716,월세,30.0,4922,10,2009.0,아파트,2024
성북구,12200,안암동2가,,20240524,월세,39.6,1000,55,1993.0,단독다가구,2024
성북구,10900,동소문동6가,,20240524,월세,39.76,1000,56,1999.0,단독다가구,2024
성북구,13900,석관동,,20240524,월세,40.84,4000,40,1995.0,단독다가구,2024
성북구,13800,장위동,,20240729,월세,34.16,300,35,1992.0,단독다가구,2024
성북구,13300,정릉동,,20240621,월세,18.78,500,50,2018.0,단독다가구,2024
성북구,13500,종암동,13.0,20240716,월세,39.0,2637,24,2009.0,아파트,2024
성북구,10800,동소문동5가,,20240527,월세,37.92,7000,20,,단독다가구,2024
성북구,12100,안암동1가,,20240810,월세,26.0,1000,50,1994.0,단독다가구,2024
성북구,13900,석관동,6.0,20240628,월세,12.38,8800,3,2010.0,연립다세대,2024
성북구,11200,삼선동2가,,20240614,월세,46.68,1000,60,1996.0,단독다가구,2024
성북구,12500,안암동5가,,20240527,월세,40.0,500,60,1994.0,단독다가구,2024
성북구,12600,보문동4가,3.0,20240725,월세,28.06,12000,30,1972.0,오피스텔,2024
성북구,13300,정릉동,,20240810,월세,27.0,500,45,1995.0,단독다가구,2024
성북구,13600,하월곡동,,20240729,월세,36.0,500,35,1993.0,단독다가구,2024
성북구,13900,석관동,,20240605,월세,28.0,1000,20,,단독다가구,2024
성북구,12100,안암동1가,,20240521,월세,65.88,6000,80,2002.0,단독다가구,2024
성북구,13600,하월곡동,,20240608,월세,72.93,2000,75,1994.0,단독다가구,2024
성북구,13800,장위동,,20240618,월세,20.0,300,30,1974.0,단독다가구,2024
성북구,13600,하월곡동,,20240605,월세,30.0,1000,75,,단독다가구,2024
성북구,13900,석관동,,20240605,월세,30.0,200,25,1992.0,단독다가구,2024
성북구,13800,장위동,,20240524,월세,50.4,5250,42,1988.0,단독다가구,2024
성북구,10100,성북동,,20240530,월세,42.78,5000,150,1973.0,단독다가구,2024
성북구,13800,장위동,,20240521,월세,93.6,21900,40,,단독다가구,2024
성북구,13500,종암동,,20240621,월세,21.0,1000,70,1997.0,단독다가구,2024
성북구,10100,성북동,1.0,20240704,월세,27.46,22000,20,2019.0,연립다세대,2024
성북구,13400,길음동,6.0,20240809,월세,55.89,5000,180,2023.0,연립다세대,2024
성북구,13900,석관동,5.0,20240701,월세,54.03,2318,43,2023.0,연립다세대,2024
성북구,13900,석관동,2.0,20240701,월세,56.2,2373,43,2023.0,연립다세대,2024
성북구,13900,석관동,3.0,20240701,월세,56.2,2398,32,2023.0,연립다세대,2024
성북구,13800,장위동,,20240521,월세,181.71,500,25,1984.0,단독다가구,2024
성북구,12800,보문동6가,14.0,20240719,월세,59.19,5000,205,2017.0,아파트,2024
성북구,10900,동소문동6가,,20240801,월세,33.7,2000,49,1991.0,단독다가구,2024
성북구,12500,안암동5가,,20240804,월세,30.0,500,44,1997.0,단독다가구,2024
성북구,11500,삼선동5가,,20240801,월세,35.0,1700,40,1997.0,단독다가구,2024
성북구,13700,상월곡동,4.0,20240814,월세,111.4,30000,42,1994.0,아파트,2024
성북구,11500,삼선동5가,,20240605,월세,33.0,2000,60,1993.0,단독다가구,2024
성북구,13300,정릉동,2.0,20240619,월세,14.974,1050,53,2023.0,연립다세대,2024
성북구,11200,삼선동2가,,20240801,월세,36.0,2000,70,1996.0,단독다가구,2024
성북구,13300,정릉동,,20240530,월세,48.98,1000,67,1993.0,단독다가구,2024
성북구,13700,상월곡동,3.0,20240831,월세,29.93,21000,10,2019.0,연립다세대,2024
성북구,13800,장위동,2.0,20240701,월세,42.32,5000,90,2021.0,연립다세대,2024
성북구,13300,정릉동,,20240729,월세,41.32,1400,55,1967.0,단독다가구,2024
성북구,13600,하월곡동,,20240603,월세,30.0,500,40,1992.0,단독다가구,2024
성북구,11500,삼선동5가,,20240606,월세,28.0,1000,63,1993.0,단독다가구,2024
성북구,13500,종암동,5.0,20240710,월세,66.84,25000,25,2003.0,아파트,2024
성북구,11400,삼선동4가,,20240531,월세,50.0,1000,75,1994.0,단독다가구,2024
성북구,13800,장위동,14.0,20240619,월세,49.33,4621,10,2006.0,아파트,2024
성북구,13800,장위동,4.0,20240619,월세,49.96,6377,15,2016.0,연립다세대,2024
성북구,11400,삼선동4가,,20240531,월세,51.04,2000,60,1993.0,단독다가구,2024
성북구,13500,종암동,,20240528,월세,54.0,2500,85,1997.0,단독다가구,2024
성북구,13300,정릉동,4.0,20240619,월세,59.88,5000,80,2005.0,아파트,2024
성북구,13900,석관동,,20240729,월세,45.0,1000,65,1997.0,단독다가구,2024
성북구,13300,정릉동,2.0,20240622,월세,29.99,1000,100,2021.0,연립다세대,2024
성북구,12100,안암동1가,,20240810,월세,33.74,1000,60,1994.0,단독다가구,2024
성북구,12200,안암동2가,,20240810,월세,33.81,6000,30,1992.0,단독다가구,2024
성북구,13800,장위동,8.0,20240722,월세,18.03,1000,65,2019.0,오피스텔,2024
성북구,13800,장위동,10.0,20240722,월세,18.03,1000,44,2019.0,오피스텔,2024
성북구,13300,정릉동,2.0,20240610,월세,84.92,20000,60,2004.0,아파트,2024
성북구,13600,하월곡동,,20240531,월세,55.38,1000,60,1994.0,단독다가구,2024
성북구,12100,안암동1가,,20240603,월세,32.0,500,50,1989.0,단독다가구,2024
성북구,13500,종암동,,20240807,월세,24.84,500,50,2012.0,단독다가구,2024
성북구,13900,석관동,,20240531,월세,57.75,1000,65,1996.0,단독다가구,2024
성북구,13300,정릉동,1.0,20240820,월세,47.45,1000,90,2012.0,연립다세대,2024
성북구,13800,장위동,,20240729,월세,46.89,1500,35,1993.0,단독다가구,2024
성북구,13900,석관동,5.0,20240831,월세,29.42,17800,20,2018.0,연립다세대,2024
성북구,13600,하월곡동,6.0,20240726,월세,59.855,33000,30,2003.0,아파트,2024
성북구,13600,하월곡동,,20240531,월세,61.18,2000,45,1996.0,단독다가구,2024
성북구,13100,보문동2가,,20240528,월세,66.78,3000,100,1993.0,단독다가구,2024
성북구,13600,하월곡동,7.0,20240610,월세,16.08,1000,68,2022.0,오피스텔,2024
성북구,13500,종암동,,20240531,월세,65.0,500,65,1994.0,단독다가구,2024
성북구,12700,보문동5가,,20240603,월세,33.5,500,40,1992.0,단독다가구,2024
성북구,13800,장위동,3.0,20240710,월세,29.84,3000,90,2022.0,연립다세대,2024
성북구,12700,보문동5가,,20240603,월세,35.71,1000,60,2012.0,단독다가구,2024
성북구,12600,보문동4가,,20240807,월세,28.0,5000,55,2018.0,단독다가구,2024
성북구,11100,삼선동1가,,20240606,월세,35.0,1000,70,1996.0,단독다가구,2024
성북구,11300,삼선동3가,,20240810,월세,37.38,8000,50,1990.0,단독다가구,2024
성북구,12500,안암동5가,,20240810,월세,38.54,500,85,1994.0,단독다가구,2024
성북구,13300,정릉동,4.0,20240817,월세,20.51,1360,68,2023.0,연립다세대,2024
성북구,12100,안암동1가,,20240807,월세,29.7,1000,40,1991.0,단독다가구,2024
성북구,10200,성북동1가,,20240718,월세,48.17,4000,60,1993.0,단독다가구,2024
성북구,10900,동소문동6가,,20240529,월세,35.26,2000,80,1996.0,단독다가구,2024
성북구,13600,하월곡동,,20240529,월세,36.0,1000,50,1994.0,단독다가구,2024
성북구,10700,동소문동4가,9.0,20240722,월세,58.59,10000,100,1998.0,아파트,2024
성북구,13300,정릉동,2.0,20240817,월세,57.25,500,70,1979.0,연립다세대,2024
성북구,13600,하월곡동,,20240810,월세,40.0,5000,40,1993.0,단독다가구,2024
성북구,10900,동소문동6가,,20240729,월세,58.18,5000,100,1991.0,단독다가구,2024
성북구,13600,하월곡동,,20240810,월세,40.0,1000,40,1996.0,단독다가구,2024
성북구,13300,정릉동,,20240601,월세,39.67,1000,40,1991.0,단독다가구,2024
성북구,13300,정릉동,,20240601,월세,39.8,4500,50,1963.0,단독다가구,2024
성북구,13500,종암동,,20240607,월세,33.0,2000,72,2019.0,단독다가구,2024
성북구,10300,돈암동,14.0,20240622,월세,68.13,5000,135,1998.0,아파트,2024
성북구,13800,장위동,13.0,20240616,월세,49.33,6229,1,2006.0,아파트,2024
성북구,13300,정릉동,,20240601,월세,42.0,1500,55,2000.0,단독다가구,2024
성북구,13400,길음동,4.0,20240619,월세,42.57,12000,10,2000.0,연립다세대,2024
성북구,10100,성북동,,20240601,월세,42.97,30000,10,,단독다가구,2024
성북구,11100,삼선동1가,,20240604,월세,30.0,500,65,1993.0,단독다가구,2024
성북구,13300,정릉동,3.0,20240628,월세,16.564,1000,71,2023.0,연립다세대,2024
성북구,10800,동소문동5가,12.0,20240725,월세,14.093,15000,32,2018.0,아파트,2024
성북구,13000,보문동1가,2.0,20240622,월세,23.65,8000,35,2013.0,연립다세대,2024
성북구,13500,종암동,1.0,20240625,월세,59.61,30000,60,2005.0,아파트,2024
성북구,10100,성북동,,20240807,월세,33.0,10000,10,1965.0,단독다가구,2024
성북구,12100,안암동1가,,20240601,월세,46.73,5500,30,1994.0,단독다가구,2024
성북구,13100,보문동2가,,20240810,월세,42.51,1500,70,1989.0,단독다가구,2024
성북구,11700,동선동2가,,20240729,월세,76.4,1000,57,2000.0,단독다가구,2024
성북구,12100,안암동1가,,20240604,월세,33.0,500,60,1992.0,단독다가구,2024
성북구,10100,성북동,,20240729,월세,80.54,10000,50,1985.0,단독다가구,2024
성북구,13600,하월곡동,2.0,20240820,월세,26.96,4000,110,2022.0,오피스텔,2024
성북구,13300,정릉동,3.0,20240817,월세,84.89,30000,75,2005.0,아파트,2024
성북구,13300,정릉동,,20240810,월세,45.0,1000,70,2002.0,단독다가구,2024
성북구,11700,동선동2가,,20240729,월세,88.2,3000,115,2002.0,단독다가구,2024
성북구,10800,동소문동5가,,20240607,월세,39.6,2000,65,1969.0,단독다가구,2024
성북구,13300,정릉동,2.0,20240613,월세,53.53,4071,10,2016.0,연립다세대,2024
성북구,11500,삼선동5가,,20240801,월세,59.98,1500,50,1996.0,단독다가구,2024
성북구,11500,삼선동5가,,20240807,월세,34.0,1000,45,1997.0,단독다가구,2024
성북구,13900,석관동,,20240801,월세,60.78,3000,70,1990.0,단독다가구,2024
성북구,13500,종암동,,20240529,월세,50.6,11000,40,2005.0,단독다가구,2024
성북구,13300,정릉동,3.0,20240701,월세,14.974,1050,53,2023.0,연립다세대,2024
성북구,13300,정릉동,3.0,20240701,월세,14.974,1009,50,2023.0,연립다세대,2024
성북구,11100,삼선동1가,,20240810,월세,46.15,2000,60,1997.0,단독다가구,2024
성북구,13800,장위동,,20240729,월세,248.58,500,40,1994.0,단독다가구,2024
성북구,12700,보문동5가,,20240607,월세,44.56,1000,52,1994.0,단독다가구,2024
성북구,11700,동선동2가,3.0,20240610,월세,27.45,10000,50,2017.0,연립다세대,2024
성북구,10700,동소문동4가,,20240601,월세,70.0,8000,59,2004.0,단독다가구,2024
성북구,13700,상월곡동,,20240802,월세,18.0,3000,40,2016.0,단독다가구,2024
성북구,10300,돈암동,,20240607,월세,45.88,1000,50,1984.0,단독다가구,2024
성북구,13900,석관동,,20240604,월세,39.99,4500,5,,단독다가구,2024
성북구,11400,삼선동4가,2.0,20240822,월세,41.58,1000,45,2001.0,연립다세대,2024
성북구,13300,정릉동,5.0,20240725,월세,29.82,1000,80,2013.0,연립다세대,2024
성북구,11900,동선동4가,,20240730,월세,19.0,1000,45,2002.0,단독다가구,2024
성북구,13300,정릉동,,20240607,월세,52.5,400,80,1990.0,단독다가구,2024
성북구,11100,삼선동1가,,20240529,월세,138.15,2000,80,1988.0,단독다가구,2024
성북구,13600,하월곡동,,20240605,월세,35.1,1500,60,1995.0,단독다가구,2024
성북구,13600,하월곡동,15.0,20240831,월세,84.992,10000,139,2003.0,아파트,2024
성북구,11900,동선동4가,15.0,20240716,월세,21.77,5000,53,2011.0,오피스텔,2024
성북구,13600,하월곡동,,20240730,월세,20.0,10000,10,2021.0,단독다가구,2024
성북구,13600,하월곡동,,20240622,월세,13.22,200,25,1990.0,단독다가구,2024
성북구,13300,정릉동,2.0,20240825,월세,28.49,1000,70,2019.0,연립다세대,2024
성북구,13800,장위동,,20240530,월세,81.3,25000,20,,단독다가구,2024
성북구,13900,석관동,,20240802,월세,20.0,200,20,1992.0,단독다가구,2024
성북구,12800,보문동6가,11.0,20240716,월세,51.58,6655,9,2017.0,아파트,2024
성북구,12300,안암동3가,,20240605,월세,40.04,1000,51,2004.0,단독다가구,2024
성북구,11900,동선동4가,4.0,20240710,월세,12.7,1000,63,2014.0,연립다세대,2024
성북구,13800,장위동,7.0,20240820,월세,39.34,3187,11,2006.0,아파트,2024
성북구,13800,장위동,9.0,20240820,월세,39.34,3725,8,2006.0,아파트,2024
성북구,13800,장위동,4.0,20240820,월세,39.34,1395,21,2006.0,아파트,2024
성북구,13800,장위동,13.0,20240820,월세,49.33,5441,6,2006.0,아파트,2024
성북구,13800,장위동,11.0,20240820,월세,49.33,1881,25,2006.0,아파트,2024
성북구,13800,장위동,9.0,20240820,월세,49.33,6229,1,2006.0,아파트,2024
성북구,12700,보문동5가,,20240605,월세,42.98,20000,20,1940.0,단독다가구,2024
성북구,13800,장위동,5.0,20240610,월세,48.13,6000,50,2004.0,연립다세대,2024
성북구,13300,정릉동,2.0,20240828,월세,24.494,1644,86,2023.0,연립다세대,2024
성북구,12200,안암동2가,,20240606,월세,39.8,1000,80,1984.0,단독다가구,2024
성북구,13600,하월곡동,,20240606,월세,40.0,300,45,,단독다가구,2024
성북구,12700,보문동5가,,20240802,월세,23.0,2000,62,2020.0,단독다가구,2024
성북구,12100,안암동1가,,20240622,월세,19.0,4000,40,2019.0,단독다가구,2024
성북구,11900,동선동4가,8.0,20240716,월세,17.45,1000,57,2017.0,오피스텔,2024
성북구,11100,삼선동1가,4.0,20240713,월세,28.38,3000,82,2016.0,연립다세대,2024
성북구,10100,성북동,,20240606,월세,42.0,1000,50,1990.0,단독다가구,2024
성북구,13500,종암동,,20240606,월세,42.0,1000,65,1992.0,단독다가구,2024
성북구,11400,삼선동4가,12.0,20240814,월세,59.94,10000,125,1999.0,아파트,2024
성북구,12500,안암동5가,4.0,20240817,월세,12.0,2000,66,2012.0,연립다세대,2024
성북구,11400,삼선동4가,,20240802,월세,26.03,5000,50,2013.0,단독다가구,2024
성북구,10100,성북동,,20240730,월세,27.08,4000,32,1996.0,단독다가구,2024
성북구,11900,동선동4가,7.0,20240722,월세,12.12,1000,54,2014.0,연립다세대,2024
성북구,13800,장위동,,20240802,월세,27.41,100,20,1992.0,단독다가구,2024
성북구,11500,삼선동5가,,20240606,월세,50.0,4000,75,1994.0,단독다가구,2024
성북구,10900,동소문동6가,,20240808,월세,16.51,5000,20,1994.0,단독다가구,2024
성북구,13600,하월곡동,,20240730,월세,29.75,1000,40,1943.0,단독다가구,2024
성북구,13300,정릉동,3.0,20240831,월세,66.21,200,20,1989.0,연립다세대,2024
성북구,10200,성북동1가,,20240730,월세,30.0,2500,75,1996.0,단독다가구,2024
성북구,12500,안암동5가,,20240622,월세,22.5,3000,90,2023.0,단독다가구,2024
성북구,13800,장위동,,20240622,월세,23.0,1000,80,2021.0,단독다가구,2024
성북구,13300,정릉동,3.0,20240701,월세,44.2,56,21,2014.0,연립다세대,2024
성북구,13500,종암동,,20240805,월세,17.16,1000,40,,단독다가구,2024
성북구,10900,동소문동6가,9.0,20240704,월세,13.27,6000,31,2013.0,아파트,2024
성북구,13500,종암동,,20240805,월세,18.0,300,42,1997.0,단독다가구,2024
성북구,13900,석관동,,20240805,월세,18.0,3000,35,2017.0,단독다가구,2024
성북구,13300,정릉동,,20240619,월세,15.0,1000,50,2018.0,단독다가구,2024
성북구,13800,장위동,5.0,20240803,월세,24.57,2000,60,2021.0,연립다세대,2024
성북구,13300,정릉동,9.0,20240625,월세,59.77,20000,50,2006.0,아파트,2024
성북구,10300,돈암동,20.0,20240613,월세,32.49,1788,1,1998.0,아파트,2024
성북구,10300,돈암동,20.0,20240628,월세,68.13,10000,110,1998.0,아파트,2024
성북구,12900,보문동7가,,20240610,월세,18.0,1000,45,2007.0,단독다가구,2024
성북구,10900,동소문동6가,7.0,20240613,월세,34.03,1000,70,2003.0,오피스텔,2024
성북구,13300,정릉동,,20240619,월세,16.5,500,42,2018.0,단독다가구,2024
성북구,13900,석관동,2.0,20240719,월세,59.93,37900,13,2011.0,아파트,2024
성북구,13600,하월곡동,,20240802,월세,33.0,500,30,1961.0,단독다가구,2024
성북구,13300,정릉동,2.0,20240725,월세,55.35,1000,80,2002.0,연립다세대,2024
성북구,12000,동선동5가,,20240604,월세,49.58,1500,80,1947.0,단독다가구,2024
성북구,10400,동소문동1가,,20240610,월세,19.8,3000,30,,단독다가구,2024
성북구,13800,장위동,,20240730,월세,34.0,300,30,1988.0,단독다가구,2024
성북구,13300,정릉동,,20240730,월세,34.01,5000,33,1991.0,단독다가구,2024
성북구,13900,석관동,15.0,20240831,월세,84.85,20000,100,1994.0,아파트,2024
성북구,12500,안암동5가,,20240805,월세,20.0,500,60,2003.0,단독다가구,2024
성북구,13300,정릉동,3.0,20240707,월세,46.72,2000,60,2012.0,연립다세대,2024
성북구,13900,석관동,,20240604,월세,55.0,5000,50,1971.0,단독다가구,2024
성북구,13500,종암동,,20240622,월세,32.0,1000,45,1989.0,단독다가구,2024
성북구,13300,정릉동,4.0,20240828,월세,27.91,3000,26,2014.0,연립다세대,2024
성북구,13700,상월곡동,,20240619,월세,20.0,300,37,1991.0,단독다가구,2024
성북구,12500,안암동5가,,20240619,월세,20.0,500,50,1997.0,단독다가구,2024
성북구,13300,정릉동,8.0,20240710,월세,31.22,2131,13,2015.0,아파트,2024
성북구,13900,석관동,5.0,20240719,월세,47.24,2048,38,2023.0,연립다세대,2024
성북구,13900,석관동,2.0,20240719,월세,51.42,2135,40,2023.0,연립다세대,2024
성북구,10100,성북동,,20240610,월세,21.1,100,60,2020.0,단독다가구,2024
성북구,12200,안암동2가,,20240622,월세,34.96,1000,67,1993.0,단독다가구,2024
성북구,12700,보문동5가,,20240619,월세,20.37,300,35,1993.0,단독다가구,2024
성북구,13500,종암동,3.0,20240710,월세,30.23,1795,23,2020.0,연립다세대,2024
성북구,11700,동선동2가,,20240604,월세,76.03,2500,180,2018.0,단독다가구,2024
성북구,11200,삼선동2가,,20240622,월세,36.89,1000,45,1996.0,단독다가구,2024
성북구,13600,하월곡동,,20240808,월세,23.0,300,32,1992.0,단독다가구,2024
성북구,13500,종암동,,20240811,월세,16.5,500,42,2006.0,단독다가구,2024
성북구,13800,장위동,2.0,20240625,월세,24.58,1000,75,2021.0,연립다세대,2024
성북구,13900,석관동,,20240619,월세,25.0,300,33,1996.0,단독다가구,2024
성북구,10300,돈암동,5.0,20240814,월세,59.58,16000,55,1998.0,아파트,2024
성북구,10300,돈암동,19.0,20240814,월세,32.49,541,6,1998.0,아파트,2024
성북구,10100,성북동,,20240805,월세,25.0,4000,25,1996.0,단독다가구,2024
성북구,12700,보문동5가,,20240610,월세,30.0,1000,50,2002.0,단독다가구,2024
성북구,13800,장위동,12.0,20240722,월세,39.975,20000,50,2022.0,아파트,2024
성북구,10200,성북동1가,,20240605,월세,59.36,15000,30,1997.0,단독다가구,2024
성북구,12200,안암동2가,,20240622,월세,42.18,1000,60,1993.0,단독다가구,2024
성북구,13300,정릉동,15.0,20240722,월세,32.76,2431,11,2005.0,아파트,2024
성북구,13300,정릉동,7.0,20240722,월세,32.76,3326,6,2005.0,아파트,2024
성북구,13900,석관동,,20240622,월세,43.46,5000,60,2002.0,단독다가구,2024
성북구,13500,종암동,,20240613,월세,18.0,3000,45,1997.0,단독다가구,2024
성북구,11300,삼선동3가,,20240613,월세,18.0,1000,50,1983.0,단독다가구,2024
성북구,13500,종암동,,20240628,월세,15.0,100,50,2010.0,단독다가구,2024
성북구,12500,안암동5가,,20240730,월세,45.2,500,80,1993.0,단독다가구,2024
성북구,11100,삼선동1가,,20240802,월세,44.89,11000,40,2006.0,단독다가구,2024
성북구,12200,안암동2가,,20240622,월세,47.58,1000,75,1997.0,단독다가구,2024
성북구,11800,동선동3가,,20240805,월세,27.41,3000,35,2001.0,단독다가구,2024
성북구,13300,정릉동,2.0,20240710,월세,52.71,12000,20,1996.0,연립다세대,2024
성북구,10400,동소문동1가,3.0,20240828,월세,71.96,27000,6,2003.0,연립다세대,2024
성북구,13500,종암동,,20240730,월세,47.5,2000,75,1992.0,단독다가구,2024
성북구,10300,돈암동,3.0,20240725,월세,59.99,5000,160,2004.0,아파트,2024
성북구,13900,석관동,,20240802,월세,47.17,13000,20,1968.0,단독다가구,2024
성북구,13300,정릉동,,20240619,월세,31.44,6000,40,1972.0,단독다가구,2024
성북구,13400,길음동,4.0,20240710,월세,43.56,8000,30,2000.0,연립다세대,2024
성북구,12700,보문동5가,,20240808,월세,30.0,500,33,1993.0,단독다가구,2024
성북구,13300,정릉동,,20240808,월세,30.0,1000,50,1991.0,단독다가구,2024
성북구,13500,종암동,,20240622,월세,54.35,3000,53,1960.0,단독다가구,2024
성북구,13700,상월곡동,,20240808,월세,30.0,2000,35,1997.0,단독다가구,2024
성북구,12500,안암동5가,3.0,20240710,월세,12.12,3000,56,2019.0,연립다세대,2024
성북구,10100,성북동,4.0,20240831,월세,75.16,26500,11,2003.0,연립다세대,2024
성북구,11700,동선동2가,,20240610,월세,37.48,5000,45,1995.0,단독다가구,2024
성북구,12500,안암동5가,,20240811,월세,20.0,1000,70,2019.0,단독다가구,2024
성북구,13300,정릉동,,20240701,월세,15.0,1000,42,2004.0,단독다가구,2024
성북구,13500,종암동,4.0,20240814,월세,42.98,34000,10,2024.0,연립다세대,2024
성북구,10800,동소문동5가,,20240628,월세,20.0,500,43,,단독다가구,2024
성북구,13300,정릉동,,20240613,월세,36.0,500,45,1992.0,단독다가구,2024
성북구,13300,정릉동,,20240622,월세,85.77,3000,95,1997.0,단독다가구,2024
성북구,13800,장위동,,20240730,월세,63.99,1000,40,1997.0,단독다가구,2024
성북구,11200,삼선동2가,,20240802,월세,61.35,6000,70,1996.0,단독다가구,2024
성북구,13300,정릉동,4.0,20240725,월세,14.425,3000,45,2012.0,연립다세대,2024
성북구,13800,장위동,,20240802,월세,62.64,500,20,1970.0,단독다가구,2024
성북구,12100,안암동1가,,20240805,월세,33.4,5000,70,1994.0,단독다가구,2024
성북구,13500,종암동,,20240628,월세,21.0,3000,30,2012.0,단독다가구,2024
성북구,13600,하월곡동,18.0,20240910,월세,84.589,20000,110,2006.0,아파트,2024
성북구,13900,석관동,,20240730,월세,89.0,200,30,1992.0,단독다가구,2024
성북구,13300,정릉동,1.0,20240720,월세,12.294,825,48,2023.0,연립다세대,2024
성북구,13600,하월곡동,,20240808,월세,35.87,13000,10,1992.0,단독다가구,2024
성북구,11900,동선동4가,,20240613,월세,39.61,7000,30,1992.0,단독다가구,2024
성북구,12500,안암동5가,,20240730,월세,100.1,1000,50,1991.0,단독다가구,2024
성북구,11700,동선동2가,,20240616,월세,33.0,500,45,1993.0,단독다가구,2024
성북구,12700,보문동5가,,20240629,월세,32.0,1000,84,2019.0,단독다가구,2024
성북구,13900,석관동,,20240730,월세,156.3,500,30,1991.0,단독다가구,2024
성북구,11100,삼선동1가,,20240629,월세,33.0,1000,60,1986.0,단독다가구,2024
성북구,13500,종암동,,20240627,월세,30.0,3000,45,2004.0,단독다가구,2024
성북구,13300,정릉동,,20240627,월세,30.0,1000,60,1981.0,단독다가구,2024
성북구,11700,동선동2가,,20240822,월세,19.0,500,60,1991.0,단독다가구,2024
성북구,13500,종암동,,20240822,월세,19.0,1000,75,2021.0,단독다가구,2024
성북구,13500,종암동,15.0,20240910,월세,31.05,2434,22,2011.0,아파트,2024
성북구,13500,종암동,3.0,20240910,월세,31.05,1044,25,2011.0,아파트,2024
성북구,10900,동소문동6가,3.0,20240731,월세,25.86,5000,77,2014.0,연립다세대,2024
성북구,13300,정릉동,4.0,20240809,월세,47.48,11000,40,1995.0,연립다세대,2024
성북구,11300,삼선동3가,,20240613,월세,45.0,6000,31,1988.0,단독다가구,2024
성북구,11800,동선동3가,,20240811,월세,26.4,10000,20,1996.0,단독다가구,2024
성북구,13500,종암동,,20240808,월세,38.49,4000,60,1993.0,단독다가구,2024
성북구,13400,길음동,8.0,20240809,월세,59.99,34000,18,2003.0,아파트,2024
성북구,13300,정릉동,,20240626,월세,39.0,500,45,1989.0,단독다가구,2024
성북구,12300,안암동3가,2.0,20241207,월세,118.22,25000,40,1992.0,연립다세대,2024
성북구,13300,정릉동,4.0,20240726,월세,17.088,1140,65,2023.0,연립다세대,2024
성북구,13400,길음동,11.0,20240806,월세,84.97,10000,160,2005.0,아파트,2024
성북구,13300,정릉동,20.0,20240803,월세,59.59,1500,142,1999.0,아파트,2024
성북구,12500,안암동5가,,20240822,월세,20.0,1000,90,2023.0,단독다가구,2024
성북구,13400,길음동,9.0,20240806,월세,84.844,43000,26,2003.0,아파트,2024
성북구,11500,삼선동5가,,20240613,월세,47.7,3000,65,1990.0,단독다가구,2024
성북구,13700,상월곡동,,20240728,월세,13.2,500,39,2017.0,단독다가구,2024
성북구,13600,하월곡동,1.0,20240803,월세,59.65,5000,140,2010.0,아파트,2024
성북구,13600,하월곡동,,20240619,월세,52.22,1000,50,1991.0,단독다가구,2024
성북구,12200,안암동2가,,20240613,월세,49.4,8000,55,1993.0,단독다가구,2024
성북구,10900,동소문동6가,8.0,20240708,월세,12.7,5000,45,2013.0,아파트,2024
성북구,13900,석관동,,20240623,월세,29.0,300,33,1993.0,단독다가구,2024
성북구,13800,장위동,,20240626,월세,40.06,1000,40,1995.0,단독다가구,2024
성북구,10200,성북동1가,4.0,20240720,월세,24.86,5000,43,2002.0,연립다세대,2024
성북구,11000,동소문동7가,1.0,20240831,월세,59.91,3000,155,2004.0,아파트,2024
성북구,13800,장위동,,20240613,월세,50.06,300,30,1996.0,단독다가구,2024
성북구,11100,삼선동1가,,20240825,월세,16.5,3000,25,1976.0,단독다가구,2024
성북구,13400,길음동,3.0,20240731,월세,59.99,30000,95,2010.0,아파트,2024
성북구,13300,정릉동,3.0,20240731,월세,59.59,10000,100,1999.0,아파트,2024
성북구,13300,정릉동,2.0,20240723,월세,15.889,1103,58,2023.0,연립다세대,2024
성북구,13400,길음동,7.0,20240731,월세,59.87,25000,160,2024.0,아파트,2024
성북구,10900,동소문동6가,3.0,20240812,월세,40.75,5000,187,2023.0,연립다세대,2024
성북구,12300,안암동3가,,20240902,월세,28.8,1000,60,2011.0,단독다가구,2024
성북구,10100,성북동,,20241111,월세,80.0,20000,45,1998.0,단독다가구,2024
성북구,13800,장위동,,20240626,월세,43.5,10000,12,1967.0,단독다가구,2024
성북구,11400,삼선동4가,16.0,20241106,월세,17.72,5000,85,2024.0,오피스텔,2024
성북구,13700,상월곡동,,20240825,월세,18.0,300,40,,단독다가구,2024
성북구,10300,돈암동,15.0,20240828,월세,84.87,20000,61,1998.0,아파트,2024
성북구,10300,돈암동,15.0,20240828,월세,84.87,20000,68,1998.0,아파트,2024
성북구,10100,성북동,,20240821,월세,72.12,25000,30,2003.0,단독다가구,2024
성북구,11500,삼선동5가,,20240613,월세,68.82,2000,145,1993.0,단독다가구,2024
성북구,13900,석관동,5.0,20240809,월세,49.58,5740,22,2018.0,연립다세대,2024
성북구,13600,하월곡동,,20240626,월세,49.39,4000,95,1967.0,단독다가구,2024
성북구,12500,안암동5가,,20240702,월세,15.0,3000,30,1995.0,단독다가구,2024
성북구,12200,안암동2가,,20240629,월세,45.0,1000,75,2001.0,단독다가구,2024
성북구,13600,하월곡동,3.0,20240719,월세,20.2,3000,55,2020.0,오피스텔,2024
성북구,10200,성북동1가,,20240822,월세,23.0,2000,62,2007.0,단독다가구,2024
성북구,12300,안암동3가,,20240705,월세,17.0,1000,45,2010.0,단독다가구,2024
성북구,13300,정릉동,1.0,20240717,월세,19.7,5124,8,2020.0,연립다세대,2024
성북구,13900,석관동,,20240614,월세,164.57,1000,30,1993.0,단독다가구,2024
성북구,13700,상월곡동,,20240626,월세,58.26,7000,20,1986.0,단독다가구,2024
성북구,12200,안암동2가,,20240825,월세,20.0,3000,65,2005.0,단독다가구,2024
성북구,12500,안암동5가,,20240825,월세,20.0,500,50,1997.0,단독다가구,2024
성북구,13400,길음동,8.0,20240816,월세,59.99,25000,60,2005.0,아파트,2024
성북구,13400,길음동,7.0,20240816,월세,84.82,20000,160,2010.0,아파트,2024
성북구,13400,길음동,11.0,20240816,월세,79.87,15000,70,1988.0,아파트,2024
성북구,13400,길음동,7.0,20240816,월세,34.883,5404,8,2003.0,아파트,2024
성북구,13500,종암동,4.0,20240720,월세,23.84,1000,90,2015.0,연립다세대,2024
성북구,13400,길음동,4.0,20240816,월세,42.05,1399,26,2024.0,아파트,2024
성북구,13800,장위동,11.0,20240816,월세,39.0,12343,45,2022.0,아파트,2024
성북구,13800,장위동,2.0,20240816,월세,39.0,13366,35,2022.0,아파트,2024
성북구,13800,장위동,10.0,20240816,월세,39.0,14067,37,2022.0,아파트,2024
성북구,13800,장위동,5.0,20240816,월세,39.0,15301,41,2022.0,아파트,2024
성북구,13800,장위동,11.0,20240816,월세,40.47,13845,35,2022.0,아파트,2024
성북구,13800,장위동,10.0,20240816,월세,84.48,50000,70,2022.0,아파트,2024
성북구,13800,장위동,13.0,20240816,월세,84.48,40000,120,2022.0,아파트,2024
성북구,13600,하월곡동,,20240629,월세,59.2,13000,26,,단독다가구,2024
성북구,13500,종암동,5.0,20240828,월세,41.02,30000,25,2024.0,연립다세대,2024
성북구,13300,정릉동,2.0,20240725,월세,60.28,2000,60,2009.0,연립다세대,2024
성북구,13300,정릉동,,20240621,월세,30.0,1000,50,2010.0,단독다가구,2024
성북구,13500,종암동,,20240621,월세,30.0,500,45,1992.0,단독다가구,2024
성북구,12100,안암동1가,,20240701,월세,19.8,4000,40,2017.0,단독다가구,2024
성북구,10300,돈암동,18.0,20240803,월세,59.4,5000,130,1999.0,아파트,2024
성북구,10300,돈암동,9.0,20240803,월세,59.4,5000,120,1999.0,아파트,2024
성북구,12500,안암동5가,,20240701,월세,20.0,1000,66,,단독다가구,2024
성북구,10100,성북동,,20240628,월세,28.0,10000,20,1996.0,단독다가구,2024
성북구,13900,석관동,,20240704,월세,23.0,200,20,1995.0,단독다가구,2024
성북구,10900,동소문동6가,,20240618,월세,35.26,1000,90,1996.0,단독다가구,2024
성북구,12300,안암동3가,,20240621,월세,33.0,1000,77,1990.0,단독다가구,2024
성북구,13500,종암동,,20240618,월세,38.0,1000,40,1993.0,단독다가구,2024
성북구,13600,하월곡동,,20240704,월세,25.0,200,35,1993.0,단독다가구,2024
성북구,12500,안암동5가,,20240701,월세,21.0,1000,55,1992.0,단독다가구,2024
성북구,11700,동선동2가,,20240701,월세,21.0,1000,55,2000.0,단독다가구,2024
성북구,13300,정릉동,,20240817,월세,16.5,1000,25,1988.0,단독다가구,2024
성북구,13500,종암동,,20240618,월세,40.0,6000,35,1969.0,단독다가구,2024
성북구,12500,안암동5가,,20240704,월세,26.0,1000,62,1997.0,단독다가구,2024
성북구,13800,장위동,,20240628,월세,33.0,2000,50,1993.0,단독다가구,2024
성북구,11800,동선동3가,,20240618,월세,42.88,10000,60,1997.0,단독다가구,2024
성북구,11800,동선동3가,4.0,20240707,월세,47.17,1000,130,1993.0,연립다세대,2024
성북구,13300,정릉동,2.0,20240713,월세,26.39,5990,9,2020.0,연립다세대,2024
성북구,13500,종암동,,20240831,월세,13.64,300,38,1998.0,단독다가구,2024
성북구,11800,동선동3가,,20240621,월세,40.0,11000,10,1995.0,단독다가구,2024
성북구,13300,정릉동,,20240831,월세,15.0,500,48,1996.0,단독다가구,2024
성북구,12700,보문동5가,,20240628,월세,35.66,10000,60,2017.0,단독다가구,2024
성북구,13900,석관동,,20240625,월세,16.0,5000,25,2019.0,단독다가구,2024
성북구,10900,동소문동6가,,20240822,월세,33.7,2000,55,1991.0,단독다가구,2024
성북구,10300,돈암동,,20240828,월세,15.0,1000,30,,단독다가구,2024
성북구,13300,정릉동,,20240828,월세,15.0,340,35,,단독다가구,2024
성북구,12500,안암동5가,,20240625,월세,16.5,1000,65,2021.0,단독다가구,2024
성북구,13300,정릉동,,20240828,월세,15.0,330,35,,단독다가구,2024
성북구,13400,길음동,2.0,20240809,월세,14.2,4000,34,2014.0,연립다세대,2024
성북구,13300,정릉동,,20240618,월세,50.0,1000,70,1958.0,단독다가구,2024
성북구,13300,정릉동,,20240817,월세,18.0,1000,45,2011.0,단독다가구,2024
성북구,13500,종암동,,20240704,월세,33.0,1000,50,1985.0,단독다가구,2024
성북구,11900,동선동4가,,20240704,월세,33.0,1000,80,1997.0,단독다가구,2024
성북구,11100,삼선동1가,,20240625,월세,18.0,1000,45,2002.0,단독다가구,2024
성북구,13800,장위동,,20240628,월세,40.63,150,38,,단독다가구,2024
성북구,12100,안암동1가,,20240628,월세,41.0,1000,58,1995.0,단독다가구,2024
성북구,11500,삼선동5가,,20240621,월세,48.96,12000,25,1991.0,단독다가구,2024
성북구,13600,하월곡동,,20240621,월세,49.32,14000,10,1995.0,단독다가구,2024
성북구,13600,하월곡동,,20240625,월세,18.18,500,35,1978.0,단독다가구,2024
성북구,13500,종암동,,20240621,월세,50.0,2000,60,1997.0,단독다가구,2024
성북구,10400,동소문동1가,,20240625,월세,19.0,1500,65,2001.0,단독다가구,2024
성북구,11500,삼선동5가,2.0,20240713,월세,39.27,1000,57,2002.0,연립다세대,2024
성북구,13400,길음동,,20240831,월세,18.0,300,31,2011.0,단독다가구,2024
성북구,11800,동선동3가,,20240831,월세,18.0,500,45,,단독다가구,2024
성북구,13400,길음동,2.0,20240816,월세,47.19,4000,50,1993.0,연립다세대,2024
성북구,13600,하월곡동,2.0,20240803,월세,84.589,7000,112,2006.0,아파트,2024
성북구,13300,정릉동,,20240621,월세,50.88,1000,75,1989.0,단독다가구,2024
성북구,13900,석관동,,20240621,월세,51.67,2000,55,1967.0,단독다가구,2024
성북구,13800,장위동,1.0,20240713,월세,38.71,9000,48,2003.0,연립다세대,2024
성북구,11500,삼선동5가,,20240701,월세,32.64,1000,45,1997.0,단독다가구,2024
성북구,13300,정릉동,,20240828,월세,17.53,500,36,1991.0,단독다가구,2024
성북구,13900,석관동,,20240701,월세,33.0,500,38,1992.0,단독다가구,2024
성북구,13100,보문동2가,,20240828,월세,18.0,500,45,2007.0,단독다가구,2024
성북구,13900,석관동,,20240621,월세,53.39,13000,40,1996.0,단독다가구,2024
성북구,13800,장위동,11.0,20240806,월세,36.14,10310,38,2020.0,아파트,2024
성북구,13800,장위동,3.0,20240809,월세,59.99,8000,159,2020.0,아파트,2024
성북구,13800,장위동,,20240701,월세,33.33,500,35,1991.0,단독다가구,2024
성북구,13600,하월곡동,1.0,20240731,월세,84.589,39000,50,2006.0,아파트,2024
성북구,12200,안암동2가,,20240831,월세,19.0,1000,45,2010.0,단독다가구,2024
성북구,13300,정릉동,,20240618,월세,163.82,1000,50,2017.0,단독다가구,2024
성북구,10100,성북동,,20240701,월세,35.54,2000,90,1958.0,단독다가구,2024
성북구,12200,안암동2가,,20240828,월세,19.0,4500,5,1995.0,단독다가구,2024
성북구,13200,보문동3가,5.0,20240711,월세,59.65,35000,50,2003.0,아파트,2024
성북구,13600,하월곡동,,20240831,월세,20.0,1000,50,1991.0,단독다가구,2024
성북구,12700,보문동5가,,20240702,월세,19.0,3000,35,2008.0,단독다가구,2024
성북구,13400,길음동,3.0,20240809,월세,84.769,1000,70,2022.0,아파트,2024
성북구,11200,삼선동2가,,20240822,월세,42.54,5000,80,1990.0,단독다가구,2024
성북구,11700,동선동2가,,20240828,월세,20.0,1000,50,1997.0,단독다가구,2024
성북구,13600,하월곡동,,20240620,월세,73.57,10000,80,,단독다가구,2024
성북구,12300,안암동3가,,20240822,월세,45.0,3000,60,1990.0,단독다가구,2024
성북구,13500,종암동,,20240822,월세,45.2,17000,10,2012.0,단독다가구,2024
성북구,13700,상월곡동,,20240822,월세,46.21,9000,30,1992.0,단독다가구,2024
성북구,13300,정릉동,,20240706,월세,34.08,300,50,1975.0,단독다가구,2024
성북구,13300,정릉동,,20240817,월세,19.8,500,40,2012.0,단독다가구,2024
성북구,13500,종암동,,20240627,월세,19.0,500,48,1997.0,단독다가구,2024
성북구,13500,종암동,5.0,20240812,월세,14.93,300,40,2010.0,연립다세대,2024
성북구,13300,정릉동,,20240822,월세,49.25,1000,70,1996.0,단독다가구,2024
성북구,10200,성북동1가,5.0,20240722,월세,22.47,1000,75,2015.0,오피스텔,2024
성북구,11100,삼선동1가,,20240710,월세,11.67,300,40,1994.0,단독다가구,2024
성북구,10100,성북동,,20240814,월세,20.0,1000,45,,단독다가구,2024
성북구,13700,상월곡동,5.0,20240713,월세,28.33,22500,20,2019.0,연립다세대,2024
성북구,13900,석관동,,20240817,월세,20.0,100,20,1993.0,단독다가구,2024
성북구,11200,삼선동2가,,20240710,월세,14.0,1000,40,2010.0,단독다가구,2024
성북구,12500,안암동5가,,20240817,월세,20.0,3000,75,2024.0,단독다가구,2024
성북구,12500,안암동5가,,20240707,월세,17.0,500,47,1993.0,단독다가구,2024
성북구,13300,정릉동,,20240709,월세,24.6,1000,40,1990.0,단독다가구,2024
성북구,13300,정릉동,,20240627,월세,20.0,4000,60,1985.0,단독다가구,2024
성북구,12500,안암동5가,,20240831,월세,26.0,3000,75,,단독다가구,2024
성북구,12200,안암동2가,,20240722,월세,13.2,1000,25,1995.0,단독다가구,2024
성북구,13300,정릉동,,20240706,월세,40.0,1000,45,1995.0,단독다가구,2024
성북구,12200,안암동2가,,20240831,월세,27.0,500,70,2002.0,단독다가구,2024
성북구,10100,성북동,,20240822,월세,59.93,7000,10,1988.0,단독다가구,2024
성북구,13500,종암동,,20240625,월세,61.15,13000,20,1969.0,단독다가구,2024
성북구,13800,장위동,,20240807,월세,37.0,1000,40,1997.0,단독다가구,2024
성북구,11400,삼선동4가,,20240625,월세,67.65,3000,80,1993.0,단독다가구,2024
성북구,11400,삼선동4가,,20240722,월세,16.5,1000,40,2011.0,단독다가구,2024
성북구,13800,장위동,,20240625,월세,71.49,1000,50,1992.0,단독다가구,2024
성북구,13800,장위동,4.0,20240803,월세,56.64,1000,80,2001.0,연립다세대,2024
성북구,13900,석관동,,20240701,월세,43.23,500,29,1994.0,단독다가구,2024
성북구,13700,상월곡동,,20240701,월세,43.86,500,60,1990.0,단독다가구,2024
성북구,13700,상월곡동,,20240722,월세,16.52,3000,30,2016.0,단독다가구,2024
성북구,12800,보문동6가,,20240625,월세,80.89,3000,90,2003.0,단독다가구,2024
성북구,13900,석관동,,20240722,월세,17.0,0,35,1991.0,단독다가구,2024
성북구,13500,종암동,,20240831,월세,30.0,1000,130,2002.0,단독다가구,2024
성북구,10800,동소문동5가,,20240822,월세,68.86,5000,50,1970.0,단독다가구,2024
성북구,12500,안암동5가,,20240702,월세,20.0,1000,58,1977.0,단독다가구,2024
성북구,13600,하월곡동,,20240828,월세,30.0,500,40,1992.0,단독다가구,2024
성북구,12500,안암동5가,,20240722,월세,18.0,1000,75,1993.0,단독다가구,2024
성북구,13800,장위동,,20240822,월세,80.22,1000,40,1961.0,단독다가구,2024
성북구,11300,삼선동3가,,20240703,월세,16.5,1000,45,2001.0,단독다가구,2024
성북구,13500,종암동,,20240709,월세,27.73,10000,45,2022.0,단독다가구,2024
성북구,13500,종암동,3.0,20240713,월세,29.23,1000,80,2012.0,연립다세대,2024
성북구,13900,석관동,,20240831,월세,31.08,1000,43,1992.0,단독다가구,2024
성북구,11500,삼선동5가,,20240630,월세,20.0,4000,40,2002.0,단독다가구,2024
성북구,12500,안암동5가,,20240627,월세,24.0,1000,63,1997.0,단독다가구,2024
성북구,13800,장위동,,20240706,월세,40.71,1000,45,1994.0,단독다가구,2024
성북구,11100,삼선동1가,,20240709,월세,29.62,2000,60,1993.0,단독다가구,2024
성북구,13300,정릉동,10.0,20240716,월세,59.98,5000,120,2005.0,아파트,2024
성북구,11400,삼선동4가,,20240709,월세,30.0,1000,70,1993.0,단독다가구,2024
성북구,10100,성북동,,20240828,월세,30.96,5000,70,2017.0,단독다가구,2024
성북구,10100,성북동,,20240828,월세,30.96,5000,60,,단독다가구,2024
성북구,13900,석관동,,20240831,월세,32.79,300,45,1991.0,단독다가구,2024
성북구,13300,정릉동,,20240820,월세,16.0,500,30,1965.0,단독다가구,2024
성북구,11600,동선동1가,,20240722,월세,18.15,300,32,1968.0,단독다가구,2024
성북구,13500,종암동,,20240722,월세,19.0,300,35,2018.0,단독다가구,2024
성북구,12200,안암동2가,,20240722,월세,19.0,3000,40,2014.0,단독다가구,2024
성북구,10900,동소문동6가,,20240828,월세,33.0,1000,65,1990.0,단독다가구,2024
성북구,13500,종암동,4.0,20240826,월세,26.0,1000,60,2013.0,연립다세대,2024
성북구,12500,안암동5가,,20240722,월세,20.0,1000,75,1998.0,단독다가구,2024
성북구,12500,안암동5가,,20240703,월세,19.0,1000,88,2022.0,단독다가구,2024
성북구,11600,동선동1가,8.0,20240803,월세,12.99,4000,45,2014.0,연립다세대,2024
성북구,13900,석관동,,20240706,월세,50.0,4500,55,2014.0,단독다가구,2024
성북구,13600,하월곡동,,20240817,월세,25.0,500,30,1993.0,단독다가구,2024
성북구,13700,상월곡동,,20240817,월세,25.0,500,35,1994.0,단독다가구,2024
성북구,12100,안암동1가,,20240703,월세,19.8,1000,40,1995.0,단독다가구,2024
성북구,12200,안암동2가,,20240706,월세,51.12,4000,75,1993.0,단독다가구,2024
성북구,12100,안암동1가,,20240706,월세,54.4,13000,28,1992.0,단독다가구,2024
성북구,13900,석관동,,20240722,월세,21.0,300,40,2012.0,단독다가구,2024
성북구,12300,안암동3가,,20240817,월세,26.4,700,56,1995.0,단독다가구,2024
성북구,11700,동선동2가,,20240831,월세,36.32,5000,75,2016.0,단독다가구,2024
성북구,11800,동선동3가,,20240725,월세,18.0,1000,60,2010.0,단독다가구,2024
성북구,13600,하월곡동,,20240725,월세,18.0,5000,40,2017.0,단독다가구,2024
성북구,13900,석관동,,20240725,월세,18.0,2000,45,2018.0,단독다가구,2024
성북구,11200,삼선동2가,,20240828,월세,36.3,1000,70,1991.0,단독다가구,2024
성북구,11300,삼선동3가,,20240709,월세,37.22,5000,30,1997.0,단독다가구,2024
성북구,10100,성북동,,20240709,월세,38.4,1000,120,2016.0,단독다가구,2024
성북구,11600,동선동1가,,20240820,월세,18.0,2000,45,2010.0,단독다가구,2024
성북구,11200,삼선동2가,,20240706,월세,67.7,3000,95,2002.0,단독다가구,2024
성북구,12700,보문동5가,,20240814,월세,27.0,1000,65,2018.0,단독다가구,2024
성북구,13900,석관동,,20240722,월세,24.0,200,20,1991.0,단독다가구,2024
성북구,13500,종암동,,20240722,월세,24.0,500,48,1996.0,단독다가구,2024
성북구,10200,성북동1가,,20240828,월세,38.0,1000,55,1994.0,단독다가구,2024
성북구,12500,안암동5가,,20240722,월세,24.79,500,56,1994.0,단독다가구,2024
성북구,11800,동선동3가,,20240703,월세,24.0,5000,40,2000.0,단독다가구,2024
성북구,10300,돈암동,5.0,20240719,월세,54.78,22882,34,2019.0,연립다세대,2024
성북구,13000,보문동1가,13.0,20240731,월세,59.791,52500,30,2022.0,아파트,2024
성북구,12800,보문동6가,9.0,20240806,월세,29.96,10209,37,2017.0,아파트,2024
성북구,12800,보문동6가,4.0,20240806,월세,29.96,10209,37,2017.0,아파트,2024
성북구,10700,동소문동4가,7.0,20240731,월세,25.31,2000,66,2003.0,오피스텔,2024
성북구,12800,보문동6가,12.0,20240809,월세,29.96,10209,37,2017.0,아파트,2024
성북구,12800,보문동6가,11.0,20240809,월세,59.19,10000,180,2017.0,아파트,2024
성북구,12600,보문동4가,5.0,20240803,월세,23.22,12000,10,1972.0,오피스텔,2024
성북구,12600,보문동4가,2.0,20240803,월세,23.22,1000,65,1972.0,오피스텔,2024
성북구,12600,보문동4가,2.0,20240803,월세,23.22,5000,47,1972.0,오피스텔,2024
성북구,13500,종암동,,20240722,월세,27.5,1000,40,2003.0,단독다가구,2024
성북구,11800,동선동3가,,20240703,월세,26.4,3000,45,1996.0,단독다가구,2024
성북구,13300,정릉동,2.0,20240809,월세,41.91,1000,60,1993.0,연립다세대,2024
성북구,11400,삼선동4가,,20240722,월세,28.5,3000,50,1991.0,단독다가구,2024
성북구,13300,정릉동,1.0,20240826,월세,61.75,500,35,2001.0,연립다세대,2024
성북구,13400,길음동,,20240703,월세,29.7,1000,30,1990.0,단독다가구,2024
성북구,13500,종암동,,20240703,월세,30.0,3000,29,2002.0,단독다가구,2024
성북구,10300,돈암동,,20240703,월세,30.0,2000,60,2003.0,단독다가구,2024
성북구,13900,석관동,,20240713,월세,14.0,3000,52,2019.0,단독다가구,2024
성북구,13500,종암동,4.0,20240823,월세,58.42,34000,15,2019.0,연립다세대,2024
성북구,10100,성북동,,20240828,월세,42.97,3000,90,,단독다가구,2024
성북구,13500,종암동,11.0,20240816,월세,59.99,10000,145,2004.0,아파트,2024
성북구,12200,안암동2가,,20240713,월세,15.0,1000,45,2013.0,단독다가구,2024
성북구,10100,성북동,,20240722,월세,30.84,5000,125,1954.0,단독다가구,2024
성북구,11700,동선동2가,,20240722,월세,31.41,1000,70,1998.0,단독다가구,2024
성북구,10800,동소문동5가,,20240713,월세,15.75,1000,75,,단독다가구,2024
성북구,12400,안암동4가,,20240710,월세,20.0,5000,30,1996.0,단독다가구,2024
성북구,13700,상월곡동,,20240627,월세,50.7,1000,48,1994.0,단독다가구,2024
성북구,12600,보문동4가,5.0,20240812,월세,21.77,7000,37,1972.0,오피스텔,2024
성북구,11800,동선동3가,,20240725,월세,23.1,1000,60,1996.0,단독다가구,2024
성북구,13900,석관동,,20240703,월세,33.0,1000,40,1993.0,단독다가구,2024
성북구,13300,정릉동,,20240713,월세,16.5,1000,50,2000.0,단독다가구,2024
성북구,13500,종암동,,20240713,월세,16.5,3000,15,2010.0,단독다가구,2024
성북구,13900,석관동,,20240627,월세,56.0,7000,80,2017.0,단독다가구,2024
성북구,13300,정릉동,,20240710,월세,20.63,939,12,,단독다가구,2024
성북구,12700,보문동5가,,20240722,월세,35.89,12000,20,1993.0,단독다가구,2024
성북구,10100,성북동,2.0,20240731,월세,29.04,22900,15,2021.0,연립다세대,2024
성북구,13600,하월곡동,,20240820,월세,20.0,500,55,1991.0,단독다가구,2024
성북구,12500,안암동5가,,20240719,월세,18.0,1000,77,2019.0,단독다가구,2024
성북구,13900,석관동,,20240828,월세,51.77,4000,60,1974.0,단독다가구,2024
성북구,11100,삼선동1가,,20240722,월세,38.0,3000,50,2002.0,단독다가구,2024
성북구,12100,안암동1가,,20240828,월세,52.77,10000,40,1992.0,단독다가구,2024
성북구,12300,안암동3가,,20240710,월세,24.0,500,45,2006.0,단독다가구,2024
성북구,11800,동선동3가,,20240722,월세,39.6,10000,10,1997.0,단독다가구,2024
성북구,13600,하월곡동,,20240725,월세,29.82,300,45,1993.0,단독다가구,2024
성북구,13400,길음동,,20240814,월세,33.0,1000,50,1994.0,단독다가구,2024
성북구,13600,하월곡동,,20240814,월세,33.0,300,45,1994.0,단독다가구,2024
성북구,13600,하월곡동,,20240710,월세,25.0,100,20,1993.0,단독다가구,2024
성북구,12100,안암동1가,,20240713,월세,19.8,1000,40,1995.0,단독다가구,2024
성북구,12800,보문동6가,,20240831,월세,61.0,12000,25,2009.0,단독다가구,2024
성북구,12500,안암동5가,,20240713,월세,19.83,1000,65,1993.0,단독다가구,2024
성북구,12400,안암동4가,3.0,20240826,월세,23.62,3000,52,2011.0,연립다세대,2024
성북구,13300,정릉동,,20240713,월세,20.0,1000,45,1969.0,단독다가구,2024
성북구,12400,안암동4가,,20240713,월세,20.0,500,45,2017.0,단독다가구,2024
성북구,10100,성북동,,20240831,월세,64.93,20000,40,1997.0,단독다가구,2024
성북구,12200,안암동2가,,20240705,월세,21.5,1000,55,2007.0,단독다가구,2024
성북구,13500,종암동,,20240702,월세,24.0,2500,44,2018.0,단독다가구,2024
성북구,11100,삼선동1가,,20240828,월세,63.33,8000,60,1989.0,단독다가구,2024
성북구,12100,안암동1가,,20240831,월세,69.25,10000,60,2002.0,단독다가구,2024
성북구,13700,상월곡동,,20240702,월세,25.0,200,65,1994.0,단독다가구,2024
성북구,12500,안암동5가,,20240705,월세,24.0,1000,60,,단독다가구,2024
성북구,13500,종암동,,20240705,월세,25.0,500,35,1992.0,단독다가구,2024
성북구,10100,성북동,,20240831,월세,95.27,5000,200,2016.0,단독다가구,2024
성북구,11800,동선동3가,,20240702,월세,30.0,1000,65,2001.0,단독다가구,2024
성북구,12800,보문동6가,,20240711,월세,13.0,1000,67,1990.0,단독다가구,2024
성북구,13600,하월곡동,20.0,20240819,월세,59.754,6000,140,2006.0,아파트,2024
성북구,13800,장위동,6.0,20240803,월세,18.03,500,61,2019.0,오피스텔,2024
성북구,12500,안암동5가,,20240725,월세,33.0,500,68,1998.0,단독다가구,2024
성북구,11500,삼선동5가,,20240702,월세,30.51,500,50,1990.0,단독다가구,2024
성북구,13500,종암동,,20240708,월세,16.5,200,40,1998.0,단독다가구,2024
성북구,13500,종암동,,20240708,월세,17.0,500,48,2017.0,단독다가구,2024
성북구,10100,성북동,,20240714,월세,17.43,100,60,2020.0,단독다가구,2024
성북구,13600,하월곡동,,20240714,월세,18.0,1000,40,2015.0,단독다가구,2024
성북구,13600,하월곡동,,20240714,월세,18.0,2000,30,2015.0,단독다가구,2024
성북구,10200,성북동1가,,20240814,월세,35.6,9000,40,2007.0,단독다가구,2024
성북구,13600,하월곡동,,20240708,월세,18.0,1000,52,2018.0,단독다가구,2024
성북구,12800,보문동6가,,20240711,월세,18.0,1000,55,1974.0,단독다가구,2024
성북구,13800,장위동,3.0,20240803,월세,50.51,19000,23,2004.0,연립다세대,2024
성북구,10800,동소문동5가,9.0,20240806,월세,15.424,18000,20,2018.0,아파트,2024
성북구,13400,길음동,20.0,20240910,월세,84.975,10000,270,2022.0,아파트,2024
성북구,13900,석관동,12.0,20240927,월세,114.84,38850,40,1999.0,아파트,2024
성북구,13500,종암동,,20240705,월세,33.43,1000,40,1994.0,단독다가구,2024
성북구,13500,종암동,,20240714,월세,18.5,300,46,2007.0,단독다가구,2024
성북구,13900,석관동,,20240708,월세,18.14,500,38,2011.0,단독다가구,2024
성북구,13500,종암동,2.0,20241003,월세,33.08,19000,20,2014.0,연립다세대,2024
성북구,10700,동소문동4가,3.0,20241209,월세,35.25,10000,15,2011.0,연립다세대,2024
성북구,11900,동선동4가,7.0,20241209,월세,21.69,1000,70,2011.0,오피스텔,2024
성북구,13800,장위동,15.0,20240812,월세,18.03,1000,65,2019.0,오피스텔,2024
성북구,10700,동소문동4가,14.0,20240731,월세,58.59,35000,25,1998.0,아파트,2024
성북구,11100,삼선동1가,,20240814,월세,38.0,3000,50,2002.0,단독다가구,2024
성북구,11400,삼선동4가,15.0,20241118,월세,47.44,5000,200,2024.0,오피스텔,2024
성북구,13600,하월곡동,,20240705,월세,36.72,500,40,1992.0,단독다가구,2024
성북구,13900,석관동,,20240711,월세,19.0,5000,30,2018.0,단독다가구,2024
성북구,13500,종암동,,20240702,월세,40.0,300,50,1997.0,단독다가구,2024
성북구,12100,안암동1가,,20240817,월세,39.0,1000,60,1992.0,단독다가구,2024
성북구,13100,보문동2가,3.0,20241018,월세,24.94,1000,65,2002.0,오피스텔,2024
성북구,13500,종암동,4.0,20240726,월세,29.23,1000,80,2012.0,연립다세대,2024
성북구,13200,보문동3가,10.0,20240720,월세,59.49,3000,170,2003.0,아파트,2024
성북구,13200,보문동3가,4.0,20240720,월세,59.65,5000,155,2003.0,아파트,2024
성북구,10300,돈암동,8.0,20240912,월세,84.877,58000,40,2016.0,아파트,2024
성북구,13300,정릉동,,20240705,월세,41.25,1000,68,1993.0,단독다가구,2024
성북구,10700,동소문동4가,,20240902,월세,36.36,10000,60,,단독다가구,2024
성북구,13300,정릉동,1.0,20240803,월세,13.95,2000,30,2008.0,연립다세대,2024
성북구,13600,하월곡동,,20240902,월세,36.7,8000,20,1994.0,단독다가구,2024
성북구,13600,하월곡동,,20240814,월세,40.0,700,35,2015.0,단독다가구,2024
성북구,11300,삼선동3가,5.0,20240823,월세,55.51,10000,115,2002.0,연립다세대,2024
성북구,12800,보문동6가,13.0,20241209,월세,72.97,10000,220,2017.0,아파트,2024
성북구,11400,삼선동4가,8.0,20241121,월세,37.24,34000,25,2024.0,오피스텔,2024
성북구,13800,장위동,,20240820,월세,27.27,500,40,1958.0,단독다가구,2024
성북구,12500,안암동5가,,20240711,월세,23.0,3000,80,2024.0,단독다가구,2024
성북구,11800,동선동3가,,20240902,월세,39.6,5000,45,2002.0,단독다가구,2024
성북구,11800,동선동3가,,20240714,월세,24.43,500,45,1994.0,단독다가구,2024
성북구,13300,정릉동,3.0,20240809,월세,13.44,1000,43,2008.0,연립다세대,2024
성북구,13600,하월곡동,,20240902,월세,40.0,500,35,1992.0,단독다가구,2024
성북구,13900,석관동,12.0,20240921,월세,84.85,5000,140,1994.0,아파트,2024
성북구,11700,동선동2가,,20240711,월세,24.0,3000,50,1990.0,단독다가구,2024
성북구,12100,안암동1가,,20240711,월세,24.0,3000,45,2019.0,단독다가구,2024
성북구,11500,삼선동5가,,20240708,월세,25.83,10000,10,1991.0,단독다가구,2024
성북구,13500,종암동,,20240708,월세,26.0,100,45,1997.0,단독다가구,2024
성북구,13100,보문동2가,4.0,20240826,월세,81.24,37000,20,2001.0,아파트,2024
성북구,12200,안암동2가,,20240902,월세,40.34,500,50,1993.0,단독다가구,2024
성북구,13800,장위동,,20240914,월세,70.88,2000,85,1974.0,단독다가구,2024
성북구,13300,정릉동,2.0,20241012,월세,84.95,35000,40,2005.0,아파트,2024
성북구,13200,보문동3가,3.0,20240717,월세,59.65,5000,180,2003.0,아파트,2024
성북구,12300,안암동3가,,20240820,월세,30.0,1000,50,,단독다가구,2024
성북구,13800,장위동,,20240820,월세,30.0,300,30,1984.0,단독다가구,2024
성북구,13800,장위동,5.0,20241109,월세,18.03,500,47,2019.0,오피스텔,2024
성북구,13900,석관동,3.0,20240812,월세,59.67,17500,15,1994.0,연립다세대,2024
성북구,13800,장위동,4.0,20241109,월세,15.214,8600,5,2019.0,아파트,2024
성북구,11500,삼선동5가,,20240708,월세,29.19,3000,50,1992.0,단독다가구,2024
성북구,13400,길음동,,20240720,월세,10.4,200,33,,단독다가구,2024
성북구,13400,길음동,,20240720,월세,10.5,200,31,,단독다가구,2024
성북구,11500,삼선동5가,,20240708,월세,29.72,10000,55,,단독다가구,2024
성북구,11500,삼선동5가,,20240708,월세,29.72,10000,0,1993.0,단독다가구,2024
성북구,13600,하월곡동,,20240708,월세,30.0,30,40,1990.0,단독다가구,2024
성북구,13700,상월곡동,,20240708,월세,30.0,300,43,1992.0,단독다가구,2024
성북구,11400,삼선동4가,2.0,20240926,월세,26.64,1000,50,2012.0,연립다세대,2024
성북구,13900,석관동,,20240902,월세,44.0,500,40,1998.0,단독다가구,2024
성북구,13800,장위동,,20240814,월세,43.44,15000,25,2017.0,단독다가구,2024
성북구,10800,동소문동5가,,20240720,월세,15.75,1000,65,,단독다가구,2024
성북구,13500,종암동,,20240720,월세,16.0,500,45,2017.0,단독다가구,2024
성북구,13300,정릉동,5.0,20241209,월세,22.01,16000,10,2022.0,연립다세대,2024
성북구,13300,정릉동,2.0,20241018,월세,26.39,9900,12,2020.0,연립다세대,2024
성북구,11400,삼선동4가,,20240708,월세,33.0,1000,70,1993.0,단독다가구,2024
성북구,11100,삼선동1가,,20240708,월세,33.0,10000,40,2017.0,단독다가구,2024
성북구,13900,석관동,,20240720,월세,16.5,300,35,1971.0,단독다가구,2024
성북구,13600,하월곡동,8.0,20241025,월세,18.02,1000,60,2020.0,오피스텔,2024
성북구,11100,삼선동1가,,20240703,월세,45.95,1000,80,1991.0,단독다가구,2024
성북구,13300,정릉동,5.0,20240912,월세,84.65,10000,190,2008.0,아파트,2024
성북구,12700,보문동5가,,20240725,월세,35.97,1000,65,2014.0,단독다가구,2024
성북구,13900,석관동,,20240722,월세,46.96,2000,60,1992.0,단독다가구,2024
성북구,11100,삼선동1가,,20240703,월세,47.67,10000,48,1992.0,단독다가구,2024
성북구,13100,보문동2가,,20240719,월세,20.0,500,40,1996.0,단독다가구,2024
성북구,13100,보문동2가,,20240902,월세,49.5,2000,90,1995.0,단독다가구,2024
성북구,11300,삼선동3가,,20240725,월세,37.72,1000,50,1993.0,단독다가구,2024
성북구,10300,돈암동,20.0,20240716,월세,32.49,541,6,1998.0,아파트,2024
성북구,10300,돈암동,17.0,20240826,월세,59.5,25000,100,2014.0,아파트,2024
성북구,13800,장위동,17.0,20241130,월세,18.03,1000,63,2019.0,오피스텔,2024
성북구,11300,삼선동3가,3.0,20241203,월세,44.45,2000,42,2001.0,연립다세대,2024
성북구,11200,삼선동2가,,20240725,월세,40.0,1000,70,1996.0,단독다가구,2024
성북구,11100,삼선동1가,,20240722,월세,52.02,10000,30,1993.0,단독다가구,2024
성북구,13300,정릉동,,20240820,월세,33.0,1000,50,1988.0,단독다가구,2024
성북구,13100,보문동2가,,20240719,월세,21.0,2000,40,2010.0,단독다가구,2024
성북구,11700,동선동2가,,20240713,월세,23.0,500,70,2004.0,단독다가구,2024
성북구,13900,석관동,14.0,20240912,월세,39.01,12584,33,2019.0,아파트,2024
성북구,13300,정릉동,,20240703,월세,56.63,13000,20,1991.0,단독다가구,2024
성북구,13600,하월곡동,,20240722,월세,56.67,10000,40,1992.0,단독다가구,2024
성북구,13300,정릉동,1.0,20240803,월세,43.2,1000,60,1989.0,연립다세대,2024
성북구,13800,장위동,,20240722,월세,57.66,1000,60,1990.0,단독다가구,2024
성북구,10900,동소문동6가,,20240722,월세,58.45,10000,50,1992.0,단독다가구,2024
성북구,12500,안암동5가,,20240710,월세,33.0,1000,47,2002.0,단독다가구,2024
성북구,13300,정릉동,2.0,20240924,월세,29.0,17400,5,2017.0,연립다세대,2024
성북구,13600,하월곡동,4.0,20241130,월세,59.5,30000,25,2007.0,오피스텔,2024
성북구,11100,삼선동1가,,20240902,월세,59.0,8000,65,1990.0,단독다가구,2024
성북구,13500,종암동,,20241127,월세,38.48,1000,50,1991.0,단독다가구,2024
성북구,13500,종암동,,20240713,월세,25.0,200,35,1993.0,단독다가구,2024
성북구,12700,보문동5가,4.0,20241118,월세,32.6,5000,125,2022.0,연립다세대,2024
성북구,13600,하월곡동,,20240703,월세,69.0,3000,80,2014.0,단독다가구,2024
성북구,13800,장위동,19.0,20240912,월세,84.97,31500,115,2021.0,아파트,2024
성북구,13900,석관동,,20240817,월세,50.7,1500,25,,단독다가구,2024
성북구,13800,장위동,,20240707,월세,40.0,300,30,1988.0,단독다가구,2024
성북구,13900,석관동,,20240814,월세,50.7,300,29,,단독다가구,2024
성북구,13900,석관동,,20240710,월세,34.85,8000,4,2013.0,단독다가구,2024
성북구,11900,동선동4가,,20240710,월세,35.0,5000,44,2007.0,단독다가구,2024
성북구,12500,안암동5가,,20240713,월세,27.0,2000,70,2018.0,단독다가구,2024
성북구,13800,장위동,2.0,20240823,월세,58.43,21722,18,2023.0,연립다세대,2024
성북구,13800,장위동,4.0,20240823,월세,58.77,8820,91,2023.0,연립다세대,2024
성북구,13800,장위동,5.0,20240823,월세,59.08,18997,16,2023.0,연립다세대,2024
성북구,13800,장위동,2.0,20240823,월세,59.08,8868,91,2023.0,연립다세대,2024
성북구,11800,동선동3가,,20240703,월세,97.2,10000,65,1992.0,단독다가구,2024
성북구,12200,안암동2가,,20240909,월세,19.4,1000,33,,단독다가구,2024
성북구,13300,정릉동,,20240902,월세,72.0,5000,120,2019.0,단독다가구,2024
성북구,13300,정릉동,3.0,20240716,월세,23.44,11300,15,2020.0,연립다세대,2024
성북구,13300,정릉동,2.0,20240716,월세,29.37,13800,20,2020.0,연립다세대,2024
성북구,13800,장위동,,20240710,월세,38.0,1000,35,1983.0,단독다가구,2024
성북구,11900,동선동4가,2.0,20240803,월세,33.34,1000,60,2014.0,오피스텔,2024
성북구,13800,장위동,,20240722,월세,210.78,500,27,1989.0,단독다가구,2024
성북구,13400,길음동,1.0,20240912,월세,59.874,49000,30,2022.0,아파트,2024
성북구,13800,장위동,,20240725,월세,52.33,500,35,,단독다가구,2024
성북구,13800,장위동,2.0,20241018,월세,82.11,3000,75,1982.0,연립다세대,2024
성북구,11900,동선동4가,6.0,20240716,월세,19.83,1000,71,2012.0,오피스텔,2024
성북구,13800,장위동,2.0,20240921,월세,44.7,13000,23,2002.0,연립다세대,2024
성북구,12900,보문동7가,,20240719,월세,29.9,1000,52,2018.0,단독다가구,2024
성북구,11900,동선동4가,6.0,20240726,월세,17.55,1000,63,2012.0,오피스텔,2024
성북구,13000,보문동1가,4.0,20241115,월세,39.202,13072,33,2022.0,아파트,2024
성북구,13600,하월곡동,,20240902,월세,146.06,300,25,1996.0,단독다가구,2024
성북구,13800,장위동,,20240704,월세,82.88,3000,60,1991.0,단독다가구,2024
성북구,13900,석관동,,20241111,월세,214.13,1000,58,2017.0,단독다가구,2024
성북구,13900,석관동,4.0,20241127,월세,59.9,5000,150,2009.0,아파트,2024
성북구,12600,보문동4가,,20240707,월세,51.57,1000,35,1993.0,단독다가구,2024
성북구,13600,하월곡동,,20240704,월세,165.48,3000,40,1985.0,단독다가구,2024
성북구,10200,성북동1가,,20240714,월세,33.0,1000,70,1984.0,단독다가구,2024
성북구,13900,석관동,,20240708,월세,38.0,500,35,,단독다가구,2024
성북구,12500,안암동5가,,20240723,월세,13.2,300,45,1993.0,단독다가구,2024
성북구,13600,하월곡동,,20240708,월세,39.6,500,40,1993.0,단독다가구,2024
성북구,12500,안암동5가,,20240720,월세,18.0,1000,77,2019.0,단독다가구,2024
성북구,13800,장위동,,20240817,월세,64.97,1000,40,1965.0,단독다가구,2024
성북구,13900,석관동,,20240723,월세,14.78,1000,48,2018.0,단독다가구,2024
성북구,13900,석관동,,20240711,월세,33.31,600,35,1994.0,단독다가구,2024
성북구,11900,동선동4가,5.0,20240812,월세,12.7,1000,63,2014.0,연립다세대,2024
성북구,12800,보문동6가,5.0,20240816,월세,29.96,10209,37,2017.0,아파트,2024
성북구,12200,안암동2가,,20240708,월세,41.31,1000,80,1993.0,단독다가구,2024
성북구,12100,안암동1가,,20240723,월세,16.5,500,50,2016.0,단독다가구,2024
성북구,13600,하월곡동,,20240726,월세,16.52,3000,30,2018.0,단독다가구,2024
성북구,12700,보문동5가,,20240711,월세,36.72,13000,25,2000.0,단독다가구,2024
성북구,12300,안암동3가,,20240720,월세,19.5,3000,64,,단독다가구,2024
성북구,12500,안암동5가,,20240723,월세,17.9,1000,65,2001.0,단독다가구,2024
성북구,11200,삼선동2가,,20240720,월세,20.0,1000,54,2019.0,단독다가구,2024
성북구,13500,종암동,8.0,20240823,월세,84.99,10000,195,2011.0,아파트,2024
성북구,11500,삼선동5가,,20240720,월세,20.5,1000,50,2011.0,단독다가구,2024
성북구,13600,하월곡동,,20240723,월세,20.0,1000,63,2019.0,단독다가구,2024
성북구,13300,정릉동,3.0,20240806,월세,15.849,1102,57,2023.0,연립다세대,2024
성북구,13300,정릉동,,20240708,월세,60.0,2000,50,1985.0,단독다가구,2024
성북구,13800,장위동,6.0,20240823,월세,46.35,12390,33,2020.0,아파트,2024
성북구,13800,장위동,7.0,20240823,월세,59.99,10000,200,2020.0,아파트,2024
성북구,13600,하월곡동,6.0,20240812,월세,59.98,44100,15,2007.0,아파트,2024
성북구,13800,장위동,2.0,20240826,월세,47.03,3000,100,2017.0,연립다세대,2024
성북구,13300,정릉동,,20240820,월세,42.0,500,45,1984.0,단독다가구,2024
성북구,13400,길음동,10.0,20240829,월세,59.99,5000,180,2010.0,아파트,2024
성북구,13900,석관동,,20240711,월세,49.23,13000,40,1991.0,단독다가구,2024
성북구,13900,석관동,,20240711,월세,49.35,5500,50,2013.0,단독다가구,2024
성북구,10300,돈암동,20.0,20240829,월세,59.5,5000,190,2014.0,아파트,2024
성북구,13400,길음동,23.0,20240829,월세,59.36,30000,160,2024.0,아파트,2024
성북구,11200,삼선동2가,2.0,20240816,월세,114.65,50000,60,2008.0,아파트,2024
성북구,11200,삼선동2가,9.0,20240816,월세,84.71,20000,105,2009.0,아파트,2024
성북구,12500,안암동5가,,20240723,월세,21.0,1000,65,2001.0,단독다가구,2024
성북구,13100,보문동2가,,20240723,월세,21.0,1000,45,1998.0,단독다가구,2024
성북구,10200,성북동1가,,20240708,월세,78.07,20000,50,1992.0,단독다가구,2024
성북구,11100,삼선동1가,,20240708,월세,79.5,15000,13,2002.0,단독다가구,2024
성북구,13300,정릉동,3.0,20240806,월세,84.09,24000,83,2005.0,아파트,2024
성북구,13300,정릉동,2.0,20240806,월세,22.26,6912,24,2020.0,연립다세대,2024
성북구,12500,안암동5가,,20240723,월세,24.0,500,44,1997.0,단독다가구,2024
성북구,13900,석관동,,20240723,월세,24.0,3000,27,1997.0,단독다가구,2024
성북구,12800,보문동6가,,20240716,월세,15.0,500,35,1993.0,단독다가구,2024
성북구,11100,삼선동1가,,20240723,월세,25.0,1000,50,1988.0,단독다가구,2024
성북구,13600,하월곡동,,20240719,월세,34.73,3000,80,1991.0,단독다가구,2024
성북구,13900,석관동,4.0,20240823,월세,49.71,3500,109,2018.0,연립다세대,2024
성북구,13900,석관동,3.0,20240823,월세,52.17,29300,10,2018.0,연립다세대,2024
성북구,11500,삼선동5가,,20240726,월세,30.0,5000,50,2001.0,단독다가구,2024
성북구,13800,장위동,11.0,20240826,월세,59.92,10000,175,2021.0,아파트,2024
성북구,11300,삼선동3가,,20240713,월세,42.0,1000,70,1993.0,단독다가구,2024
성북구,13300,정릉동,,20240726,월세,32.45,1000,50,2002.0,단독다가구,2024
성북구,13900,석관동,,20240713,월세,45.0,1500,60,1998.0,단독다가구,2024
성북구,13500,종암동,7.0,20240812,월세,59.86,18000,63,1999.0,아파트,2024
성북구,13800,장위동,,20240726,월세,33.33,500,40,1994.0,단독다가구,2024
성북구,13000,보문동1가,,20240723,월세,33.06,1000,40,1995.0,단독다가구,2024
성북구,10100,성북동,,20240709,월세,105.0,5000,130,1995.0,단독다가구,2024
성북구,13800,장위동,,20240713,월세,49.05,12500,10,1983.0,단독다가구,2024
성북구,13900,석관동,,20240709,월세,137.04,3000,35,1994.0,단독다가구,2024
성북구,12500,안암동5가,,20240716,월세,20.0,300,40,2001.0,단독다가구,2024
성북구,10400,동소문동1가,,20240723,월세,35.0,5000,60,1997.0,단독다가구,2024
성북구,13900,석관동,5.0,20240826,월세,52.17,27000,15,2018.0,연립다세대,2024
성북구,13800,장위동,,20240713,월세,52.33,1000,45,,단독다가구,2024
성북구,10300,돈암동,4.0,20240819,월세,84.98,35780,30,2007.0,아파트,2024
성북구,13100,보문동2가,,20240716,월세,21.0,1000,45,1998.0,단독다가구,2024
성북구,10100,성북동,,20240710,월세,57.47,8500,60,1997.0,단독다가구,2024
성북구,13300,정릉동,,20240710,월세,59.0,9000,20,1993.0,단독다가구,2024
성북구,13300,정릉동,4.0,20240806,월세,52.11,13500,10,2002.0,연립다세대,2024
성북구,13800,장위동,5.0,20240816,월세,18.03,11400,10,2019.0,오피스텔,2024
성북구,13800,장위동,,20240719,월세,55.76,1000,52,2002.0,단독다가구,2024
성북구,13300,정릉동,,20240713,월세,70.89,2000,75,1993.0,단독다가구,2024
성북구,13500,종암동,2.0,20240812,월세,28.39,1500,101,2017.0,연립다세대,2024
성북구,12500,안암동5가,,20240716,월세,25.0,1000,70,2018.0,단독다가구,2024
성북구,13600,하월곡동,,20240713,월세,118.23,2500,25,1995.0,단독다가구,2024
성북구,12500,안암동5가,,20240716,월세,26.0,1000,60,1997.0,단독다가구,2024
성북구,13800,장위동,,20240719,월세,77.75,3000,65,1987.0,단독다가구,2024
성북구,13800,장위동,,20240713,월세,200.34,5000,50,1989.0,단독다가구,2024
성북구,10500,동소문동2가,,20240716,월세,26.45,10000,70,,단독다가구,2024
성북구,10400,동소문동1가,,20240720,월세,30.0,2000,60,1997.0,단독다가구,2024
성북구,10700,동소문동4가,,20240711,월세,110.0,11000,65,1994.0,단독다가구,2024
성북구,11100,삼선동1가,,20240717,월세,20.13,1000,50,1961.0,단독다가구,2024
성북구,13300,정릉동,,20240726,월세,54.72,1000,50,1987.0,단독다가구,2024
성북구,13700,상월곡동,,20240716,월세,249.27,10000,60,1989.0,단독다가구,2024
성북구,13600,하월곡동,,20240717,월세,27.0,300,50,1996.0,단독다가구,2024
성북구,10300,돈암동,13.0,20240803,월세,59.58,12000,90,1998.0,아파트,2024
성북구,13500,종암동,,20240723,월세,60.77,9000,30,2004.0,단독다가구,2024
성북구,10900,동소문동6가,8.0,20240803,월세,29.47,1000,65,2003.0,오피스텔,2024
성북구,10300,돈암동,8.0,20240806,월세,59.58,18000,60,1998.0,아파트,2024
성북구,13200,보문동3가,7.0,20240803,월세,84.3,35000,120,2003.0,아파트,2024
성북구,13300,정릉동,,20240725,월세,57.6,1000,70,1957.0,단독다가구,2024
성북구,11100,삼선동1가,,20240725,월세,63.15,15000,30,1991.0,단독다가구,2024
성북구,13800,장위동,4.0,20240806,월세,79.75,500,40,2005.0,연립다세대,2024
성북구,11100,삼선동1가,,20240720,월세,42.9,1000,30,1960.0,단독다가구,2024
성북구,13300,정릉동,,20240725,월세,105.87,1000,60,1996.0,단독다가구,2024
성북구,12300,안암동3가,,20240717,월세,40.0,1000,75,1992.0,단독다가구,2024
성북구,13900,석관동,,20240725,월세,199.62,500,40,1993.0,단독다가구,2024
성북구,10100,성북동,2.0,20240823,월세,76.56,2000,200,2002.0,연립다세대,2024
성북구,13800,장위동,1.0,20240728,월세,42.51,6000,25,1986.0,연립다세대,2024
성북구,11900,동선동4가,6.0,20240806,월세,19.83,3000,58,2012.0,오피스텔,2024
성북구,11900,동선동4가,7.0,20240806,월세,19.83,8000,22,2012.0,오피스텔,2024
성북구,11900,동선동4가,7.0,20240806,월세,19.83,8000,20,2012.0,오피스텔,2024
성북구,13600,하월곡동,,20240731,월세,12.4,300,20,1966.0,단독다가구,2024
성북구,11600,동선동1가,7.0,20240812,월세,12.94,5000,40,2012.0,연립다세대,2024
성북구,13700,상월곡동,,20240803,월세,13.74,2000,40,2019.0,단독다가구,2024
성북구,10200,성북동1가,,20240803,월세,15.0,1000,40,2010.0,단독다가구,2024
성북구,13800,장위동,,20240720,월세,58.26,500,40,1995.0,단독다가구,2024
성북구,11100,삼선동1가,,20240720,월세,59.2,5000,60,1993.0,단독다가구,2024
성북구,13900,석관동,6.0,20240816,월세,29.74,18000,20,2018.0,연립다세대,2024
성북구,11900,동선동4가,,20240731,월세,16.5,1000,58,2019.0,단독다가구,2024
성북구,11700,동선동2가,,20240717,월세,48.13,10000,16,2002.0,단독다가구,2024
성북구,11100,삼선동1가,,20240809,월세,11.0,200,45,2019.0,단독다가구,2024
성북구,12500,안암동5가,,20240731,월세,18.0,2000,75,2002.0,단독다가구,2024
성북구,12500,안암동5가,,20240731,월세,18.0,1000,72,2002.0,단독다가구,2024
성북구,11000,동소문동7가,,20240806,월세,14.58,3000,34,2023.0,단독다가구,2024
성북구,13500,종암동,,20240806,월세,15.0,300,38,1996.0,단독다가구,2024
성북구,11000,동소문동7가,,20240809,월세,14.58,3000,34,2023.0,단독다가구,2024
성북구,13500,종암동,,20240806,월세,16.0,300,65,2017.0,단독다가구,2024
성북구,13800,장위동,,20240717,월세,55.08,1000,60,1989.0,단독다가구,2024
성북구,13300,정릉동,,20240717,월세,57.33,1000,60,1988.0,단독다가구,2024
성북구,13300,정릉동,,20240806,월세,16.5,1000,50,2016.0,단독다가구,2024
성북구,13600,하월곡동,,20240717,월세,58.55,8000,40,1995.0,단독다가구,2024
성북구,13600,하월곡동,,20240717,월세,58.56,1000,80,1999.0,단독다가구,2024
성북구,13900,석관동,,20240806,월세,17.0,500,38,1993.0,단독다가구,2024
성북구,13600,하월곡동,,20240803,월세,19.0,500,20,1968.0,단독다가구,2024
성북구,11700,동선동2가,4.0,20240819,월세,49.29,1000,58,2001.0,연립다세대,2024
성북구,13600,하월곡동,,20240803,월세,20.0,2000,50,2016.0,단독다가구,2024
성북구,13600,하월곡동,14.0,20240826,월세,15.62,1000,65,2013.0,아파트,2024
성북구,12100,안암동1가,,20240806,월세,19.0,2000,50,2018.0,단독다가구,2024
성북구,11800,동선동3가,,20240806,월세,19.8,500,40,1985.0,단독다가구,2024
성북구,11400,삼선동4가,,20240731,월세,22.0,10000,17,2020.0,단독다가구,2024
성북구,11400,삼선동4가,,20240812,월세,15.0,500,38,1992.0,단독다가구,2024
성북구,10800,동소문동5가,,20240806,월세,20.0,1000,42,1999.0,단독다가구,2024
성북구,11700,동선동2가,,20240806,월세,20.0,500,50,1968.0,단독다가구,2024
성북구,12500,안암동5가,,20240731,월세,23.1,500,55,1997.0,단독다가구,2024
성북구,12500,안암동5가,,20240809,월세,20.0,1000,47,2002.0,단독다가구,2024
성북구,11800,동선동3가,,20240812,월세,16.0,500,50,2001.0,단독다가구,2024
성북구,12500,안암동5가,,20240803,월세,24.0,3000,80,2004.0,단독다가구,2024
성북구,13000,보문동1가,,20240806,월세,21.0,1000,75,2011.0,단독다가구,2024
성북구,10100,성북동,,20240731,월세,27.0,1500,60,,단독다가구,2024
성북구,11600,동선동1가,,20240812,월세,18.0,1000,60,2017.0,단독다가구,2024
성북구,12100,안암동1가,,20240731,월세,30.0,500,50,1993.0,단독다가구,2024
성북구,13400,길음동,,20240731,월세,30.0,500,25,1991.0,단독다가구,2024
성북구,12700,보문동5가,,20240803,월세,28.17,500,40,1993.0,단독다가구,2024
성북구,12700,보문동5가,,20240803,월세,30.0,15000,10,2000.0,단독다가구,2024
성북구,13800,장위동,,20240806,월세,26.7,500,30,1997.0,단독다가구,2024
성북구,13300,정릉동,2.0,20240816,월세,16.564,1000,71,2023.0,연립다세대,2024
성북구,12000,동선동5가,,20240803,월세,33.0,500,54,1995.0,단독다가구,2024
성북구,13500,종암동,,20240806,월세,30.0,3000,29,2002.0,단독다가구,2024
성북구,13300,정릉동,,20240731,월세,33.48,3000,40,1992.0,단독다가구,2024
성북구,13300,정릉동,,20240809,월세,29.81,2000,105,2022.0,단독다가구,2024
성북구,13900,석관동,,20240809,월세,30.0,500,35,1966.0,단독다가구,2024
성북구,13900,석관동,,20240731,월세,35.0,2000,50,1998.0,단독다가구,2024
성북구,11500,삼선동5가,,20240731,월세,35.0,500,75,1994.0,단독다가구,2024
성북구,10900,동소문동6가,10.0,20240823,월세,14.01,1000,80,2015.0,아파트,2024
성북구,13300,정릉동,12.0,20240816,월세,84.96,35000,40,2003.0,아파트,2024
성북구,10100,성북동,,20240803,월세,36.59,1000,120,1985.0,단독다가구,2024
성북구,13300,정릉동,,20240812,월세,28.0,1000,45,1993.0,단독다가구,2024
성북구,13400,길음동,,20240809,월세,37.35,1000,40,1996.0,단독다가구,2024
성북구,13600,하월곡동,7.0,20240819,월세,22.99,9000,90,2022.0,연립다세대,2024
성북구,13900,석관동,4.0,20240816,월세,41.72,22500,20,2015.0,연립다세대,2024
성북구,13400,길음동,,20240809,월세,40.0,500,55,1996.0,단독다가구,2024
성북구,12100,안암동1가,,20240731,월세,49.65,7000,50,1993.0,단독다가구,2024
성북구,13900,석관동,3.0,20240823,월세,51.42,6320,16,2023.0,연립다세대,2024
성북구,13300,정릉동,,20240803,월세,48.26,1500,60,1960.0,단독다가구,2024
성북구,13900,석관동,,20240809,월세,41.3,5000,30,,단독다가구,2024
성북구,13800,장위동,2.0,20240829,월세,53.02,18000,22,2002.0,연립다세대,2024
성북구,13400,길음동,,20240806,월세,45.0,300,60,1992.0,단독다가구,2024
성북구,10400,동소문동1가,,20240731,월세,59.89,13000,16,1994.0,단독다가구,2024
성북구,13900,석관동,,20240809,월세,48.9,3000,50,1993.0,단독다가구,2024
성북구,13800,장위동,,20240803,월세,64.12,8000,30,1989.0,단독다가구,2024
성북구,13900,석관동,,20240809,월세,49.86,500,50,1994.0,단독다가구,2024
성북구,11100,삼선동1가,,20240809,월세,49.87,8000,20,1996.0,단독다가구,2024
성북구,13200,보문동3가,,20240809,월세,49.92,13000,30,1993.0,단독다가구,2024
성북구,12900,보문동7가,,20240806,월세,53.64,3000,90,1991.0,단독다가구,2024
성북구,12900,보문동7가,,20240806,월세,53.64,3000,100,,단독다가구,2024
성북구,13700,상월곡동,,20240812,월세,39.63,700,70,2018.0,단독다가구,2024
성북구,13300,정릉동,15.0,20240819,월세,59.94,20000,60,2004.0,아파트,2024
성북구,13300,정릉동,2.0,20240823,월세,63.09,12000,40,1991.0,연립다세대,2024
성북구,11500,삼선동5가,3.0,20240826,월세,52.34,17000,30,2002.0,연립다세대,2024
성북구,13600,하월곡동,,20240807,월세,42.87,1000,45,1997.0,단독다가구,2024
성북구,13800,장위동,,20240810,월세,83.34,2000,100,1977.0,단독다가구,2024
성북구,11000,동소문동7가,1.0,20240816,월세,59.91,14000,100,2004.0,아파트,2024
성북구,13800,장위동,,20240810,월세,181.52,500,30,1972.0,단독다가구,2024
성북구,13600,하월곡동,4.0,20240823,월세,59.98,5000,180,2007.0,아파트,2024
성북구,11300,삼선동3가,,20240807,월세,49.5,500,50,1991.0,단독다가구,2024
성북구,10300,돈암동,3.0,20240823,월세,84.97,15000,160,2004.0,아파트,2024
성북구,13100,보문동2가,,20240805,월세,43.34,3000,150,1993.0,단독다가구,2024
성북구,13300,정릉동,4.0,20240823,월세,20.51,1369,68,2023.0,연립다세대,2024
성북구,12200,안암동2가,,20240811,월세,32.22,500,45,1990.0,단독다가구,2024
성북구,13300,정릉동,,20240805,월세,49.71,5000,50,1993.0,단독다가구,2024
성북구,13100,보문동2가,,20240805,월세,51.01,8000,40,1993.0,단독다가구,2024
성북구,13300,정릉동,,20240805,월세,51.33,8000,20,1997.0,단독다가구,2024
성북구,13300,정릉동,6.0,20240823,월세,59.98,20334,22,2008.0,아파트,2024
성북구,13800,장위동,,20240805,월세,59.22,3000,60,1997.0,단독다가구,2024
성북구,10200,성북동1가,,20240808,월세,75.48,5000,200,2015.0,단독다가구,2024
성북구,13300,정릉동,,20240808,월세,85.77,5000,80,1997.0,단독다가구,2024
성북구,13500,종암동,,20240812,월세,43.65,2000,30,1997.0,단독다가구,2024
성북구,12800,보문동6가,,20240812,월세,49.0,2000,60,1996.0,단독다가구,2024
성북구,11700,동선동2가,,20240816,월세,19.8,500,57,1992.0,단독다가구,2024
성북구,13300,정릉동,5.0,20240829,월세,29.93,1000,100,2018.0,연립다세대,2024
성북구,11200,삼선동2가,,20240816,월세,20.0,500,58,2002.0,단독다가구,2024
성북구,13900,석관동,,20240811,월세,54.38,500,40,1992.0,단독다가구,2024
성북구,12500,안암동5가,,20240816,월세,21.0,1000,60,1993.0,단독다가구,2024
성북구,11800,동선동3가,,20240816,월세,21.0,1000,50,2000.0,단독다가구,2024
성북구,13500,종암동,3.0,20240819,월세,42.98,34000,10,2024.0,연립다세대,2024
성북구,11100,삼선동1가,,20240807,월세,84.42,1000,60,1992.0,단독다가구,2024
성북구,13900,석관동,,20240807,월세,98.95,10000,80,1993.0,단독다가구,2024
성북구,12500,안암동5가,,20240816,월세,26.4,1000,60,1993.0,단독다가구,2024
성북구,13900,석관동,2.0,20240823,월세,43.9,11529,23,2021.0,연립다세대,2024
성북구,10100,성북동,,20240816,월세,30.0,2000,60,1989.0,단독다가구,2024
성북구,13800,장위동,,20240812,월세,52.38,5000,50,1993.0,단독다가구,2024
성북구,13800,장위동,,20240816,월세,31.55,500,40,1993.0,단독다가구,2024
성북구,13300,정릉동,5.0,20240829,월세,17.36,1000,49,2004.0,오피스텔,2024
성북구,10400,동소문동1가,6.0,20240826,월세,22.14,8000,60,1998.0,연립다세대,2024
성북구,11600,동선동1가,8.0,20240823,월세,12.94,5000,40,2012.0,연립다세대,2024
성북구,13800,장위동,4.0,20240826,월세,21.44,1000,50,2002.0,연립다세대,2024
성북구,13300,정릉동,,20240819,월세,19.0,1000,49,2017.0,단독다가구,2024
성북구,13900,석관동,,20240819,월세,19.3,1000,56,2017.0,단독다가구,2024
성북구,12200,안암동2가,,20240819,월세,19.8,1000,35,1992.0,단독다가구,2024
성북구,10100,성북동,,20240816,월세,39.66,1000,70,1986.0,단독다가구,2024
성북구,13300,정릉동,,20240819,월세,22.6,500,60,2018.0,단독다가구,2024
성북구,12100,안암동1가,,20240819,월세,23.0,1000,65,2020.0,단독다가구,2024
성북구,13500,종암동,,20240816,월세,45.0,1000,57,1997.0,단독다가구,2024
성북구,13300,정릉동,,20240819,월세,24.03,1000,27,1970.0,단독다가구,2024
성북구,10200,성북동1가,,20240819,월세,25.0,500,90,1993.0,단독다가구,2024
성북구,13600,하월곡동,,20240816,월세,48.03,1000,77,2014.0,단독다가구,2024
성북구,12200,안암동2가,,20240816,월세,50.1,1000,50,1993.0,단독다가구,2024
성북구,11500,삼선동5가,,20240816,월세,50.29,2000,60,1996.0,단독다가구,2024
성북구,13800,장위동,,20240816,월세,53.12,12000,15,1985.0,단독다가구,2024
성북구,11400,삼선동4가,,20240819,월세,28.0,1000,54,2001.0,단독다가구,2024
성북구,13600,하월곡동,,20240823,월세,13.0,1000,46,2015.0,단독다가구,2024
성북구,10200,성북동1가,,20240819,월세,30.0,1000,52,2012.0,단독다가구,2024
성북구,10100,성북동,,20240819,월세,30.0,1000,50,1995.0,단독다가구,2024
성북구,13600,하월곡동,,20240823,월세,16.0,4000,20,2015.0,단독다가구,2024
성북구,12500,안암동5가,,20240816,월세,64.41,1000,160,1990.0,단독다가구,2024
성북구,13500,종암동,,20240823,월세,19.0,1000,45,1997.0,단독다가구,2024
성북구,12100,안암동1가,,20240823,월세,19.25,6500,15,1991.0,단독다가구,2024
성북구,13300,정릉동,,20240823,월세,19.8,500,48,2004.0,단독다가구,2024
성북구,13200,보문동3가,,20240823,월세,23.1,1000,35,1994.0,단독다가구,2024
성북구,12200,안암동2가,,20240819,월세,42.22,4000,50,1994.0,단독다가구,2024
성북구,13900,석관동,,20240826,월세,13.22,300,30,2018.0,단독다가구,2024
성북구,13600,하월곡동,,20240819,월세,47.12,2000,45,1995.0,단독다가구,2024
성북구,13500,종암동,,20240826,월세,16.5,500,35,2017.0,단독다가구,2024
성북구,13500,종암동,,20240819,월세,50.0,5000,65,1991.0,단독다가구,2024
성북구,13400,길음동,,20240823,월세,30.0,3000,20,1993.0,단독다가구,2024
성북구,13800,장위동,,20240819,월세,53.94,13000,25,1991.0,단독다가구,2024
성북구,13100,보문동2가,,20240819,월세,55.0,9800,55,1995.0,단독다가구,2024
성북구,11900,동선동4가,,20240826,월세,19.0,500,38,,단독다가구,2024
성북구,12800,보문동6가,,20240823,월세,33.0,500,45,1993.0,단독다가구,2024
성북구,13300,정릉동,,20240819,월세,66.0,2000,90,1994.0,단독다가구,2024
성북구,12500,안암동5가,,20240826,월세,20.0,3000,75,2024.0,단독다가구,2024
성북구,13300,정릉동,,20240823,월세,40.0,1000,50,1992.0,단독다가구,2024
성북구,13800,장위동,,20240823,월세,40.0,500,35,1994.0,단독다가구,2024
성북구,10800,동소문동5가,,20240820,월세,49.24,2000,70,1991.0,단독다가구,2024
성북구,11900,동선동4가,,20240826,월세,27.0,3000,55,2002.0,단독다가구,2024
성북구,11400,삼선동4가,,20240820,월세,51.15,10000,60,2002.0,단독다가구,2024
성북구,13800,장위동,,20240820,월세,53.9,15000,30,2002.0,단독다가구,2024
성북구,11900,동선동4가,3.0,20240829,월세,15.3,3400,54,2012.0,연립다세대,2024
성북구,13900,석관동,,20240820,월세,58.59,9000,30,1984.0,단독다가구,2024
성북구,13900,석관동,,20240823,월세,49.23,6000,30,1993.0,단독다가구,2024
성북구,13300,정릉동,,20240826,월세,31.17,6000,20,1993.0,단독다가구,2024
성북구,13100,보문동2가,,20240826,월세,33.0,1000,50,1994.0,단독다가구,2024
성북구,13800,장위동,,20240820,월세,74.71,3000,60,1981.0,단독다가구,2024
성북구,11300,삼선동3가,,20240820,월세,125.07,1000,55,2001.0,단독다가구,2024
성북구,13800,장위동,,20240823,월세,66.53,11000,35,1990.0,단독다가구,2024
성북구,13600,하월곡동,,20240826,월세,40.0,500,75,1994.0,단독다가구,2024
성북구,13900,석관동,,20240826,월세,40.04,1000,40,1988.0,단독다가구,2024
성북구,12800,보문동6가,,20240829,월세,19.8,500,40,1990.0,단독다가구,2024
성북구,11400,삼선동4가,,20240826,월세,44.43,300,28,1994.0,단독다가구,2024
성북구,12500,안암동5가,,20240829,월세,21.5,3000,70,,단독다가구,2024
성북구,13600,하월곡동,,20240826,월세,47.94,2000,60,1996.0,단독다가구,2024
성북구,12900,보문동7가,5.0,20240728,월세,29.3,24800,20,2022.0,연립다세대,2024
성북구,13600,하월곡동,,20240829,월세,28.0,400,30,1991.0,단독다가구,2024
성북구,13900,석관동,,20240829,월세,30.0,300,35,1994.0,단독다가구,2024
성북구,13700,상월곡동,,20240829,월세,30.0,1000,55,1992.0,단독다가구,2024
성북구,10400,동소문동1가,,20240829,월세,35.0,5000,50,1997.0,단독다가구,2024
성북구,13900,석관동,,20240829,월세,40.34,2000,50,1991.0,단독다가구,2024
성북구,13400,길음동,5.0,20240901,월세,114.98,200,45,2003.0,아파트,2024
성북구,13400,길음동,8.0,20240901,월세,59.75,15000,130,2006.0,아파트,2024
성북구,13800,장위동,18.0,20240901,월세,59.1,10000,121,2022.0,아파트,2024
성북구,13500,종암동,2.0,20240901,월세,14.93,300,34,2010.0,연립다세대,2024
성북구,13300,정릉동,8.0,20240901,월세,31.22,852,16,2015.0,아파트,2024
성북구,13300,정릉동,,20240901,월세,48.74,2000,80,1992.0,단독다가구,2024
성북구,10300,돈암동,14.0,20240924,월세,113.67,0,300,1998.0,아파트,2024
성북구,10300,돈암동,12.0,20240924,월세,32.49,231,7,1998.0,아파트,2024
성북구,10300,돈암동,3.0,20241003,월세,132.96,5000,250,1998.0,아파트,2024
성북구,13700,상월곡동,,20240909,월세,20.0,1000,40,2008.0,단독다가구,2024
성북구,13800,장위동,1.0,20241025,월세,45.63,8000,10,1995.0,연립다세대,2024
성북구,13800,장위동,2.0,20241025,월세,39.975,5000,115,2022.0,아파트,2024
성북구,12800,보문동6가,3.0,20241118,월세,23.41,25900,25,2021.0,연립다세대,2024
성북구,10800,동소문동5가,12.0,20241127,월세,14.022,19000,5,2018.0,아파트,2024
성북구,13300,정릉동,3.0,20241003,월세,52.18,23900,20,2020.0,연립다세대,2024
성북구,13300,정릉동,2.0,20241025,월세,84.97,28000,75,2008.0,아파트,2024
성북구,13800,장위동,6.0,20240921,월세,47.65,22000,40,2016.0,연립다세대,2024
성북구,12800,보문동6가,13.0,20240910,월세,29.96,11705,30,2017.0,아파트,2024
성북구,11900,동선동4가,9.0,20241115,월세,18.89,1000,60,2017.0,오피스텔,2024
성북구,11200,삼선동2가,2.0,20241115,월세,114.86,40000,80,2009.0,아파트,2024
성북구,12600,보문동4가,3.0,20240910,월세,23.22,2000,56,1972.0,오피스텔,2024
성북구,10300,돈암동,11.0,20241012,월세,84.87,5000,180,1998.0,아파트,2024
성북구,11200,삼선동2가,4.0,20241015,월세,28.91,21600,9,2015.0,연립다세대,2024
성북구,10700,동소문동4가,17.0,20241127,월세,58.59,10000,110,1998.0,아파트,2024
성북구,13500,종암동,3.0,20240930,월세,39.56,100,52,2018.0,연립다세대,2024
성북구,10900,동소문동6가,10.0,20241130,월세,14.02,1000,82,2015.0,아파트,2024
성북구,10300,돈암동,1.0,20241009,월세,113.67,53000,36,1998.0,아파트,2024
성북구,13200,보문동3가,5.0,20240930,월세,59.65,20000,109,2003.0,아파트,2024
성북구,13900,석관동,7.0,20240906,월세,33.15,500,70,2003.0,오피스텔,2024
성북구,13300,정릉동,4.0,20241023,월세,47.87,2545,21,2014.0,연립다세대,2024
성북구,10100,성북동,2.0,20241206,월세,29.31,21400,3,2021.0,연립다세대,2024
성북구,13600,하월곡동,5.0,20241023,월세,16.03,1000,70,2022.0,오피스텔,2024
성북구,12700,보문동5가,10.0,20241127,월세,37.9,3000,150,2022.0,오피스텔,2024
성북구,11500,삼선동5가,2.0,20240906,월세,37.31,1000,50,2002.0,연립다세대,2024
성북구,13800,장위동,2.0,20241012,월세,57.52,13125,10,1996.0,연립다세대,2024
성북구,11900,동선동4가,12.0,20241226,월세,21.77,12600,16,2011.0,오피스텔,2024
성북구,13800,장위동,2.0,20241109,월세,29.39,3000,100,2021.0,연립다세대,2024
성북구,11400,삼선동4가,10.0,20241112,월세,17.72,23500,3,2024.0,오피스텔,2024
성북구,11400,삼선동4가,12.0,20241112,월세,17.72,23000,5,2024.0,오피스텔,2024
성북구,13000,보문동1가,17.0,20241221,월세,59.791,20000,195,2022.0,아파트,2024
성북구,12800,보문동6가,9.0,20241226,월세,29.96,10011,27,2017.0,아파트,2024
성북구,11700,동선동2가,,20240924,월세,19.0,500,42,1990.0,단독다가구,2024
성북구,10100,성북동,2.0,20241130,월세,48.59,20500,38,2017.0,연립다세대,2024
성북구,13800,장위동,3.0,20241203,월세,29.39,6000,85,2021.0,연립다세대,2024
성북구,13500,종암동,,20240930,월세,16.0,100,40,2016.0,단독다가구,2024
성북구,13000,보문동1가,,20240930,월세,16.5,1000,45,2012.0,단독다가구,2024
성북구,13500,종암동,,20240930,월세,16.5,1000,45,2017.0,단독다가구,2024
성북구,11200,삼선동2가,7.0,20241218,월세,56.83,24000,60,2009.0,아파트,2024
성북구,13600,하월곡동,,20240927,월세,23.14,1000,45,1968.0,단독다가구,2024
성북구,13900,석관동,,20241003,월세,21.6,500,45,,단독다가구,2024
성북구,13900,석관동,,20240930,월세,17.76,300,20,1988.0,단독다가구,2024
성북구,10400,동소문동1가,,20240927,월세,24.52,2000,40,2002.0,단독다가구,2024
성북구,13900,석관동,,20240924,월세,21.6,1000,45,2010.0,단독다가구,2024
성북구,13500,종암동,4.0,20240903,월세,59.63,0,70,2017.0,연립다세대,2024
성북구,13100,보문동2가,,20240927,월세,26.0,1000,35,,단독다가구,2024
성북구,10100,성북동,1.0,20240906,월세,37.36,1000,75,1971.0,아파트,2024
성북구,13600,하월곡동,15.0,20240903,월세,84.91,5000,180,2011.0,아파트,2024
성북구,11600,동선동1가,,20241012,월세,18.0,1000,60,2017.0,단독다가구,2024
성북구,13800,장위동,11.0,20240903,월세,39.0,12343,45,2022.0,아파트,2024
성북구,13600,하월곡동,,20240927,월세,27.65,500,50,1991.0,단독다가구,2024
성북구,13300,정릉동,2.0,20241020,월세,24.3,300,39,2002.0,연립다세대,2024
성북구,13300,정릉동,7.0,20241031,월세,46.65,20000,50,2000.0,아파트,2024
성북구,10300,돈암동,3.0,20240912,월세,41.14,20700,5,2015.0,연립다세대,2024
성북구,12800,보문동6가,,20240924,월세,25.0,1000,50,1994.0,단독다가구,2024
성북구,10900,동소문동6가,5.0,20241112,월세,18.44,17000,15,2015.0,오피스텔,2024
성북구,10200,성북동1가,3.0,20241031,월세,24.86,9400,7,2002.0,연립다세대,2024
성북구,13800,장위동,2.0,20241023,월세,36.12,1000,50,1992.0,연립다세대,2024
성북구,13500,종암동,,20240918,월세,20.0,50,42,1993.0,단독다가구,2024
성북구,12000,동선동5가,3.0,20240903,월세,29.17,3000,83,2016.0,연립다세대,2024
성북구,13500,종암동,,20240924,월세,26.0,2000,15,1968.0,단독다가구,2024
성북구,10100,성북동,,20241003,월세,27.08,2000,41,1996.0,단독다가구,2024
성북구,10100,성북동,,20241003,월세,28.0,5000,50,1996.0,단독다가구,2024
성북구,12700,보문동5가,5.0,20240910,월세,27.42,5000,120,2022.0,연립다세대,2024
성북구,11800,동선동3가,,20240915,월세,40.0,4000,70,1995.0,단독다가구,2024
성북구,13300,정릉동,,20240927,월세,31.36,1000,40,1987.0,단독다가구,2024
성북구,13500,종암동,,20241009,월세,20.0,500,50,2003.0,단독다가구,2024
성북구,13800,장위동,,20240924,월세,30.0,500,30,1991.0,단독다가구,2024
성북구,12000,동선동5가,,20240924,월세,30.0,2000,95,1995.0,단독다가구,2024
성북구,13600,하월곡동,7.0,20241221,월세,15.62,1000,65,2013.0,아파트,2024
성북구,13800,장위동,,20240927,월세,33.08,1500,30,1991.0,단독다가구,2024
성북구,13300,정릉동,,20241003,월세,32.0,2000,65,2013.0,단독다가구,2024
성북구,11700,동선동2가,,20240924,월세,30.78,500,53,,단독다가구,2024
성북구,13800,장위동,,20240927,월세,34.0,500,65,1971.0,단독다가구,2024
성북구,13500,종암동,,20240921,월세,25.0,150,35,1994.0,단독다가구,2024
성북구,11600,동선동1가,5.0,20241212,월세,14.08,3000,60,2014.0,연립다세대,2024
성북구,10400,동소문동1가,,20241018,월세,16.5,500,45,1991.0,단독다가구,2024
성북구,12400,안암동4가,,20240921,월세,26.0,300,48,2001.0,단독다가구,2024
성북구,13600,하월곡동,,20241003,월세,33.86,1000,60,2022.0,단독다가구,2024
성북구,13800,장위동,9.0,20241106,월세,39.975,7000,100,2022.0,아파트,2024
성북구,13600,하월곡동,8.0,20241109,월세,59.855,5000,135,2003.0,아파트,2024
성북구,13600,하월곡동,16.0,20241109,월세,59.98,25000,90,2007.0,아파트,2024
성북구,13300,정릉동,,20241015,월세,16.0,500,50,2018.0,단독다가구,2024
성북구,13400,길음동,,20240924,월세,35.0,1000,30,1995.0,단독다가구,2024
성북구,12800,보문동6가,,20240930,월세,30.0,1000,40,1989.0,단독다가구,2024
성북구,11700,동선동2가,,20240927,월세,40.0,1500,82,2012.0,단독다가구,2024
성북구,13300,정릉동,,20240915,월세,57.15,13900,25,1996.0,단독다가구,2024
성북구,11900,동선동4가,,20241015,월세,17.0,1000,60,,단독다가구,2024
성북구,13900,석관동,,20241003,월세,38.0,500,45,1995.0,단독다가구,2024
성북구,10300,돈암동,18.0,20241023,월세,68.13,5000,140,1998.0,아파트,2024
성북구,10700,동소문동4가,,20241009,월세,26.4,6000,65,2024.0,단독다가구,2024
성북구,13300,정릉동,1.0,20241028,월세,64.08,2000,70,1996.0,연립다세대,2024
성북구,11500,삼선동5가,,20240927,월세,40.55,14000,45,,단독다가구,2024
성북구,12100,안암동1가,9.0,20240910,월세,59.698,15000,120,2005.0,아파트,2024
성북구,10100,성북동,,20241009,월세,28.0,5000,50,1996.0,단독다가구,2024
성북구,13600,하월곡동,21.0,20240912,월세,59.98,5000,180,2007.0,아파트,2024
성북구,11500,삼선동5가,,20240927,월세,43.33,1000,60,1993.0,단독다가구,2024
성북구,13600,하월곡동,,20241020,월세,15.0,100,45,2011.0,단독다가구,2024
성북구,13500,종암동,,20240927,월세,45.0,1000,60,1993.0,단독다가구,2024
성북구,13800,장위동,,20241003,월세,40.63,500,35,1996.0,단독다가구,2024
성북구,13600,하월곡동,,20241003,월세,41.1,1000,55,1996.0,단독다가구,2024
성북구,13900,석관동,,20240921,월세,33.67,2000,60,2020.0,단독다가구,2024
성북구,11100,삼선동1가,,20241015,월세,19.8,500,35,1993.0,단독다가구,2024
성북구,13900,석관동,,20241031,월세,46.23,1000,60,1993.0,단독다가구,2024
성북구,12100,안암동1가,5.0,20241220,월세,29.96,1000,50,2019.0,연립다세대,2024
성북구,11800,동선동3가,2.0,20241109,월세,32.56,1500,55,2001.0,연립다세대,2024
성북구,13300,정릉동,19.0,20240903,월세,84.65,46000,30,2008.0,아파트,2024
성북구,13900,석관동,,20241015,월세,20.0,5000,40,2021.0,단독다가구,2024
성북구,13600,하월곡동,,20240927,월세,48.69,13000,30,1996.0,단독다가구,2024
성북구,13300,정릉동,2.0,20241031,월세,29.58,1000,100,2021.0,연립다세대,2024
성북구,13300,정릉동,3.0,20241031,월세,29.9,1000,100,2021.0,연립다세대,2024
성북구,12200,안암동2가,,20241012,월세,32.5,2000,73,2015.0,단독다가구,2024
성북구,13900,석관동,,20240921,월세,38.0,1000,45,1993.0,단독다가구,2024
성북구,12200,안암동2가,,20240924,월세,45.17,500,20,1994.0,단독다가구,2024
성북구,13500,종암동,,20240921,월세,38.4,500,15,1993.0,단독다가구,2024
성북구,13500,종암동,4.0,20241115,월세,59.675,2500,170,2005.0,아파트,2024
성북구,13300,정릉동,,20240930,월세,38.72,9000,25,1991.0,단독다가구,2024
성북구,13600,하월곡동,,20240927,월세,57.54,6000,45,1997.0,단독다가구,2024
성북구,13900,석관동,,20241025,월세,16.0,1000,50,2012.0,단독다가구,2024
성북구,13500,종암동,7.0,20241130,월세,84.52,20000,100,2008.0,아파트,2024
성북구,13500,종암동,3.0,20240912,월세,30.23,4307,9,2020.0,연립다세대,2024
성북구,13600,하월곡동,,20241012,월세,36.52,13000,10,1994.0,단독다가구,2024
성북구,13400,길음동,1.0,20240903,월세,38.017,2869,15,2022.0,아파트,2024
성북구,13400,길음동,8.0,20240903,월세,38.017,2869,15,2022.0,아파트,2024
성북구,12300,안암동3가,,20240918,월세,42.1,1000,55,1994.0,단독다가구,2024
성북구,13700,상월곡동,,20240930,월세,41.03,1000,60,1995.0,단독다가구,2024
성북구,11200,삼선동2가,,20241015,월세,25.0,5000,45,1984.0,단독다가구,2024
성북구,13800,장위동,,20240927,월세,66.94,100,30,1971.0,단독다가구,2024
성북구,13500,종암동,25.0,20241109,월세,59.04,5000,110,1999.0,아파트,2024
성북구,13500,종암동,16.0,20241109,월세,114.75,52000,31,1999.0,아파트,2024
성북구,13300,정릉동,,20240921,월세,43.89,13000,5,1994.0,단독다가구,2024
성북구,11000,동소문동7가,,20241015,월세,26.0,1000,37,1994.0,단독다가구,2024
성북구,12100,안암동1가,,20241018,월세,30.0,1000,49,1992.0,단독다가구,2024
성북구,11500,삼선동5가,,20241012,월세,40.0,1000,70,1994.0,단독다가구,2024
성북구,13600,하월곡동,19.0,20240906,월세,59.98,6500,150,2007.0,아파트,2024
성북구,12100,안암동1가,,20241015,월세,27.09,500,45,1992.0,단독다가구,2024
성북구,13900,석관동,,20241015,월세,29.0,300,30,1993.0,단독다가구,2024
성북구,13300,정릉동,,20241012,월세,41.12,1000,75,1973.0,단독다가구,2024
성북구,10700,동소문동4가,,20240921,월세,49.59,6000,105,,단독다가구,2024
성북구,11700,동선동2가,,20240930,월세,47.9,500,35,1995.0,단독다가구,2024
성북구,13300,정릉동,,20241003,월세,75.0,10200,18,1988.0,단독다가구,2024
성북구,13600,하월곡동,2.0,20240910,월세,27.31,22000,15,2022.0,오피스텔,2024
성북구,11500,삼선동5가,,20241003,월세,80.0,18000,20,,단독다가구,2024
성북구,13300,정릉동,4.0,20241109,월세,73.28,5000,150,2005.0,아파트,2024
성북구,13800,장위동,6.0,20241220,월세,18.39,7700,13,2020.0,아파트,2024
성북구,13600,하월곡동,,20241020,월세,23.5,500,40,1992.0,단독다가구,2024
성북구,13900,석관동,,20240921,월세,55.0,1000,60,1991.0,단독다가구,2024
성북구,13800,장위동,,20241003,월세,236.25,10000,50,1989.0,단독다가구,2024
성북구,11800,동선동3가,,20241018,월세,34.67,12000,20,1998.0,단독다가구,2024
성북구,13300,정릉동,,20241012,월세,48.79,3000,70,1980.0,단독다가구,2024
성북구,13300,정릉동,6.0,20241121,월세,59.77,13000,80,2006.0,아파트,2024
성북구,12000,동선동5가,,20241018,월세,37.0,6000,40,1991.0,단독다가구,2024
성북구,13800,장위동,,20241009,월세,53.0,1000,50,1995.0,단독다가구,2024
성북구,13600,하월곡동,,20241012,월세,55.3,2000,60,2001.0,단독다가구,2024
성북구,10200,성북동1가,2.0,20240910,월세,31.32,3000,45,2002.0,연립다세대,2024
성북구,13600,하월곡동,,20240921,월세,145.29,500,25,1968.0,단독다가구,2024
성북구,13800,장위동,,20240921,월세,161.84,700,38,1963.0,단독다가구,2024
성북구,12200,안암동2가,,20241012,월세,57.95,3000,80,1995.0,단독다가구,2024
성북구,13900,석관동,,20241012,월세,58.47,13000,5,1974.0,단독다가구,2024
성북구,13600,하월곡동,,20241025,월세,25.0,300,45,1993.0,단독다가구,2024
성북구,13300,정릉동,9.0,20240906,월세,59.99,20000,65,2005.0,아파트,2024
성북구,11400,삼선동4가,13.0,20240925,월세,29.8,10000,48,2014.0,오피스텔,2024
성북구,11400,삼선동4가,5.0,20241007,월세,24.21,3000,75,2014.0,연립다세대,2024
성북구,12200,안암동2가,,20241018,월세,40.2,6000,10,1993.0,단독다가구,2024
성북구,13600,하월곡동,,20241028,월세,15.0,1000,55,2019.0,단독다가구,2024
성북구,13300,정릉동,3.0,20240919,월세,50.56,5000,150,2023.0,연립다세대,2024
성북구,13500,종암동,,20241018,월세,42.17,6000,12,1994.0,단독다가구,2024
성북구,13500,종암동,,20241015,월세,40.0,1000,38,2001.0,단독다가구,2024
성북구,11900,동선동4가,8.0,20240903,월세,21.77,3000,60,2011.0,오피스텔,2024
성북구,13800,장위동,,20240930,월세,52.7,2000,50,1998.0,단독다가구,2024
성북구,10300,돈암동,20.0,20241106,월세,113.67,30000,150,1998.0,아파트,2024
성북구,13300,정릉동,3.0,20241007,월세,20.52,5000,35,2012.0,연립다세대,2024
성북구,13600,하월곡동,,20241025,월세,29.7,500,65,1998.0,단독다가구,2024
성북구,13500,종암동,,20241025,월세,30.0,500,40,1992.0,단독다가구,2024
성북구,13400,길음동,,20241023,월세,20.0,500,55,2010.0,단독다가구,2024
성북구,13300,정릉동,,20241009,월세,102.01,3000,80,1958.0,단독다가구,2024
성북구,13100,보문동2가,,20241028,월세,18.0,3000,32,1999.0,단독다가구,2024
성북구,13300,정릉동,2.0,20241215,월세,99.57,2000,88,1993.0,연립다세대,2024
성북구,11900,동선동4가,2.0,20241016,월세,55.2,5000,25,2012.0,오피스텔,2024
성북구,13300,정릉동,4.0,20241007,월세,50.56,5000,150,2023.0,연립다세대,2024
성북구,13300,정릉동,,20241009,월세,199.89,5000,70,1991.0,단독다가구,2024
성북구,10100,성북동,3.0,20241031,월세,204.58,0,500,1998.0,연립다세대,2024
성북구,13800,장위동,-1.0,20240903,월세,54.6,1000,60,1992.0,연립다세대,2024
성북구,13100,보문동2가,2.0,20241019,월세,19.92,1000,57,2011.0,연립다세대,2024
성북구,13800,장위동,,20241025,월세,33.03,500,40,1993.0,단독다가구,2024
성북구,13100,보문동2가,,20241028,월세,19.81,1000,60,1996.0,단독다가구,2024
성북구,11100,삼선동1가,2.0,20241013,월세,26.8,10000,20,2003.0,연립다세대,2024
성북구,12100,안암동1가,,20241028,월세,20.0,1000,40,1992.0,단독다가구,2024
성북구,12700,보문동5가,,20241028,월세,20.0,5000,50,2000.0,단독다가구,2024
성북구,13600,하월곡동,4.0,20240928,월세,36.81,5000,80,2015.0,연립다세대,2024
성북구,13300,정릉동,13.0,20241130,월세,60.0,20000,77,2005.0,아파트,2024
성북구,11700,동선동2가,3.0,20241016,월세,98.52,1000,45,2001.0,연립다세대,2024
성북구,12900,보문동7가,2.0,20241118,월세,50.21,5000,80,2009.0,연립다세대,2024
성북구,13900,석관동,,20241025,월세,36.0,300,50,1990.0,단독다가구,2024
성북구,13900,석관동,5.0,20241212,월세,20.18,11000,15,2021.0,연립다세대,2024
성북구,13800,장위동,2.0,20241001,월세,42.57,1000,40,1995.0,연립다세대,2024
성북구,13800,장위동,2.0,20241010,월세,75.7,8000,70,1979.0,연립다세대,2024
성북구,10900,동소문동6가,9.0,20241109,월세,13.27,1000,63,2013.0,아파트,2024
성북구,13300,정릉동,5.0,20241218,월세,46.71,22930,12,2021.0,연립다세대,2024
성북구,13900,석관동,5.0,20240908,월세,28.52,5500,64,2018.0,연립다세대,2024
성북구,13300,정릉동,2.0,20241022,월세,58.75,17700,4,2006.0,연립다세대,2024
성북구,13500,종암동,19.0,20241130,월세,59.04,5000,100,1999.0,아파트,2024
성북구,10800,동소문동5가,,20241028,월세,21.49,500,40,,단독다가구,2024
성북구,11400,삼선동4가,9.0,20241010,월세,28.11,17000,4,2014.0,오피스텔,2024
성북구,13400,길음동,3.0,20241019,월세,15.93,500,56,2012.0,연립다세대,2024
성북구,10900,동소문동6가,9.0,20241218,월세,14.01,7000,56,2015.0,아파트,2024
성북구,11500,삼선동5가,,20241028,월세,24.0,300,30,1993.0,단독다가구,2024
성북구,13400,길음동,1.0,20240928,월세,84.97,10000,180,2005.0,아파트,2024
성북구,13600,하월곡동,5.0,20240919,월세,13.28,100,60,2020.0,오피스텔,2024
성북구,13400,길음동,7.0,20240928,월세,59.99,17000,87,2010.0,아파트,2024
성북구,13400,길음동,5.0,20240928,월세,59.99,10000,190,2010.0,아파트,2024
성북구,13400,길음동,14.0,20240928,월세,84.82,46000,80,2010.0,아파트,2024
성북구,13300,정릉동,1.0,20240928,월세,59.42,3000,130,1999.0,아파트,2024
성북구,10300,돈암동,9.0,20240928,월세,84.88,10000,220,2014.0,아파트,2024
성북구,13300,정릉동,1.0,20241206,월세,84.71,2000,125,1999.0,아파트,2024
성북구,13300,정릉동,16.0,20241206,월세,59.98,20000,70,2005.0,아파트,2024
성북구,13300,정릉동,2.0,20241206,월세,19.7,5576,24,2020.0,연립다세대,2024
성북구,11500,삼선동5가,3.0,20241130,월세,39.27,1000,51,2002.0,연립다세대,2024
성북구,13300,정릉동,3.0,20241127,월세,22.26,6912,24,2020.0,연립다세대,2024
성북구,10900,동소문동6가,7.0,20241118,월세,12.7,4000,48,2013.0,아파트,2024
성북구,10300,돈암동,3.0,20241115,월세,84.98,20000,130,2005.0,아파트,2024
성북구,13800,장위동,6.0,20240903,월세,18.03,1000,65,2019.0,오피스텔,2024
성북구,10100,성북동,1.0,20241022,월세,23.5,3000,90,2022.0,연립다세대,2024
성북구,13900,석관동,3.0,20241016,월세,36.47,10000,55,2018.0,연립다세대,2024
성북구,11700,동선동2가,,20241025,월세,49.63,1000,80,1994.0,단독다가구,2024
성북구,10300,돈암동,,20241025,월세,50.0,9500,50,2004.0,단독다가구,2024
성북구,12500,안암동5가,4.0,20241022,월세,28.19,1000,170,2022.0,연립다세대,2024
성북구,13400,길음동,6.0,20241001,월세,84.97,30000,100,2005.0,아파트,2024
성북구,13400,길음동,6.0,20241001,월세,84.97,12468,165,2005.0,아파트,2024
성북구,13400,길음동,18.0,20241001,월세,59.998,20000,88,2003.0,아파트,2024
성북구,13400,길음동,13.0,20241001,월세,84.844,10000,128,2003.0,아파트,2024
성북구,10300,돈암동,6.0,20241118,월세,68.13,5000,140,1998.0,아파트,2024
성북구,11500,삼선동5가,13.0,20240919,월세,27.69,1000,65,2003.0,오피스텔,2024
성북구,13300,정릉동,2.0,20241115,월세,22.26,3859,14,2020.0,연립다세대,2024
성북구,13700,상월곡동,,20241025,월세,61.54,6000,10,1989.0,단독다가구,2024
성북구,13600,하월곡동,6.0,20241121,월세,99.66,7000,105,2010.0,오피스텔,2024
성북구,13900,석관동,,20241025,월세,67.5,4000,55,1995.0,단독다가구,2024
성북구,11700,동선동2가,,20241106,월세,16.5,1000,56,2018.0,단독다가구,2024
성북구,13800,장위동,1.0,20241118,월세,44.06,1000,30,1994.0,연립다세대,2024
성북구,13500,종암동,4.0,20240925,월세,59.63,5000,100,2017.0,연립다세대,2024
성북구,13800,장위동,1.0,20241127,월세,82.11,2500,55,1982.0,연립다세대,2024
성북구,13300,정릉동,4.0,20241109,월세,23.44,11300,15,2020.0,연립다세대,2024
성북구,13800,장위동,1.0,20240928,월세,43.06,3000,120,2023.0,연립다세대,2024
성북구,13400,길음동,1.0,20240919,월세,59.99,5000,169,2003.0,아파트,2024
성북구,13400,길음동,9.0,20241004,월세,114.73,50000,30,2005.0,아파트,2024
성북구,13400,길음동,8.0,20241004,월세,84.64,30000,100,2005.0,아파트,2024
성북구,13400,길음동,5.0,20240925,월세,33.28,2989,25,2010.0,아파트,2024
성북구,13400,길음동,16.0,20240925,월세,59.99,38500,11,2003.0,아파트,2024
성북구,13400,길음동,10.0,20240919,월세,114.912,57000,10,2003.0,아파트,2024
성북구,13400,길음동,13.0,20240919,월세,34.883,1087,199,2003.0,아파트,2024
성북구,13400,길음동,13.0,20240925,월세,30.876,5126,10,2008.0,아파트,2024
성북구,11800,동선동3가,2.0,20240905,월세,21.96,3000,40,2002.0,연립다세대,2024
성북구,13800,장위동,5.0,20241004,월세,59.1,20000,130,2022.0,아파트,2024
성북구,11000,동소문동7가,3.0,20241126,월세,59.89,4000,35,2018.0,연립다세대,2024
성북구,12800,보문동6가,,20241028,월세,37.87,1000,60,1992.0,단독다가구,2024
성북구,13800,장위동,20.0,20240925,월세,76.15,30000,100,2022.0,아파트,2024
성북구,13300,정릉동,5.0,20241115,월세,59.98,15000,90,2004.0,아파트,2024
성북구,13300,정릉동,1.0,20240911,월세,84.88,1000,40,1991.0,연립다세대,2024
성북구,13900,석관동,,20241025,월세,184.2,100,28,1993.0,단독다가구,2024
성북구,13800,장위동,,20241028,월세,38.69,500,60,1993.0,단독다가구,2024
성북구,13500,종암동,4.0,20241127,월세,29.52,3000,90,2017.0,연립다세대,2024
성북구,13300,정릉동,9.0,20240911,월세,59.37,10000,140,2009.0,아파트,2024
성북구,13300,정릉동,4.0,20240911,월세,31.22,913,13,2015.0,아파트,2024
성북구,11800,동선동3가,4.0,20241130,월세,27.32,26500,10,2021.0,연립다세대,2024
성북구,13500,종암동,11.0,20241007,월세,84.96,22000,80,2000.0,아파트,2024
성북구,13400,길음동,2.0,20240905,월세,59.373,5000,124,2007.0,아파트,2024
성북구,12500,안암동5가,6.0,20241101,월세,14.47,2000,70,2012.0,연립다세대,2024
성북구,11900,동선동4가,2.0,20241026,월세,38.26,1000,45,2012.0,오피스텔,2024
성북구,13300,정릉동,16.0,20240908,월세,84.192,5000,175,2005.0,아파트,2024
성북구,13200,보문동3가,5.0,20241118,월세,59.49,10000,135,2003.0,아파트,2024
성북구,13300,정릉동,11.0,20241221,월세,59.9,5000,120,1999.0,아파트,2024
성북구,12100,안암동1가,1.0,20241001,월세,40.6,1000,58,2003.0,연립다세대,2024
성북구,12000,동선동5가,2.0,20241029,월세,36.13,2000,85,2012.0,연립다세대,2024
성북구,10900,동소문동6가,4.0,20241203,월세,12.47,7000,30,2013.0,아파트,2024
성북구,10900,동소문동6가,4.0,20241203,월세,15.39,6000,27,2013.0,아파트,2024
성북구,10700,동소문동4가,5.0,20240922,월세,61.82,500,50,2002.0,연립다세대,2024
성북구,13400,길음동,25.0,20241007,월세,42.05,3499,22,2024.0,아파트,2024
성북구,13600,하월곡동,4.0,20241007,월세,59.65,7000,150,2010.0,아파트,2024
성북구,11700,동선동2가,3.0,20241029,월세,24.57,4000,30,2002.0,연립다세대,2024
성북구,12500,안암동5가,,20241109,월세,16.0,3000,60,2018.0,단독다가구,2024
성북구,13800,장위동,,20240930,월세,178.64,1000,35,1994.0,단독다가구,2024
성북구,13900,석관동,1.0,20241101,월세,42.44,10800,15,1996.0,연립다세대,2024
성북구,11600,동선동1가,9.0,20241206,월세,113.02,50000,57,2010.0,아파트,2024
성북구,11400,삼선동4가,10.0,20241101,월세,27.09,8000,55,2014.0,오피스텔,2024
성북구,10100,성북동,-1.0,20240903,월세,24.13,5000,100,2019.0,연립다세대,2024
성북구,13500,종암동,,20241106,월세,21.0,300,35,2017.0,단독다가구,2024
성북구,13600,하월곡동,20.0,20240928,월세,114.678,48000,40,2006.0,아파트,2024
성북구,13800,장위동,19.0,20240928,월세,84.94,10000,207,2020.0,아파트,2024
성북구,13800,장위동,,20240930,월세,208.51,6000,20,1983.0,단독다가구,2024
성북구,13800,장위동,1.0,20241203,월세,56.85,9000,23,2001.0,연립다세대,2024
성북구,10300,돈암동,13.0,20241001,월세,80.54,30000,100,2003.0,아파트,2024
성북구,13600,하월곡동,3.0,20241001,월세,59.88,5000,110,1998.0,아파트,2024
성북구,10900,동소문동6가,4.0,20241004,월세,30.3,15000,20,2003.0,오피스텔,2024
성북구,13700,상월곡동,,20241106,월세,23.8,1000,30,1993.0,단독다가구,2024
성북구,12300,안암동3가,,20241106,월세,24.0,3000,53,2002.0,단독다가구,2024
성북구,13600,하월곡동,,20241109,월세,18.18,3000,30,2013.0,단독다가구,2024
성북구,13400,길음동,8.0,20241010,월세,30.15,1438,14,2005.0,아파트,2024
성북구,13400,길음동,10.0,20241010,월세,30.15,1438,14,2005.0,아파트,2024
성북구,13400,길음동,2.0,20241010,월세,33.99,5679,11,2010.0,아파트,2024
성북구,10300,돈암동,18.0,20241010,월세,84.94,45000,65,2014.0,아파트,2024
성북구,13400,길음동,14.0,20241019,월세,84.97,20000,125,2005.0,아파트,2024
성북구,13400,길음동,6.0,20241019,월세,84.64,40000,63,2005.0,아파트,2024
성북구,13400,길음동,17.0,20241022,월세,84.049,4000,200,2007.0,아파트,2024
성북구,13400,길음동,32.0,20241016,월세,42.05,3499,22,2024.0,아파트,2024
성북구,13400,길음동,13.0,20241022,월세,30.876,4993,11,2008.0,아파트,2024
성북구,13800,장위동,21.0,20241019,월세,84.47,10000,230,2022.0,아파트,2024
성북구,13800,장위동,3.0,20241019,월세,35.57,20000,15,2022.0,연립다세대,2024
성북구,13800,장위동,4.0,20241016,월세,40.24,4650,7,2017.0,아파트,2024
성북구,13600,하월곡동,12.0,20241016,월세,59.65,5000,140,2010.0,아파트,2024
성북구,13600,하월곡동,5.0,20240903,월세,114.93,10000,230,2007.0,아파트,2024
성북구,13500,종암동,,20241106,월세,27.78,1000,120,2024.0,단독다가구,2024
성북구,13200,보문동3가,2.0,20241124,월세,59.65,15000,134,2003.0,아파트,2024
성북구,11800,동선동3가,,20241106,월세,29.75,1000,70,,단독다가구,2024
성북구,11800,동선동3가,1.0,20241124,월세,70.92,18000,60,1992.0,연립다세대,2024
성북구,13600,하월곡동,,20241106,월세,30.0,1000,45,1990.0,단독다가구,2024
성북구,12200,안암동2가,,20241102,월세,70.0,7000,100,2003.0,단독다가구,2024
성북구,10900,동소문동6가,5.0,20241127,월세,12.7,5000,47,2013.0,아파트,2024
성북구,10300,돈암동,,20241109,월세,21.0,1000,45,1994.0,단독다가구,2024
성북구,13500,종암동,9.0,20240925,월세,84.99,10000,190,2011.0,아파트,2024
성북구,10300,돈암동,19.0,20240911,월세,84.87,20000,150,1998.0,아파트,2024
성북구,13900,석관동,4.0,20241114,월세,24.18,500,30,1997.0,연립다세대,2024
성북구,10600,동소문동3가,,20241118,월세,18.0,5000,40,2020.0,단독다가구,2024
성북구,13500,종암동,,20241109,월세,22.0,1000,85,2018.0,단독다가구,2024
성북구,13600,하월곡동,19.0,20240925,월세,84.589,20000,130,2006.0,아파트,2024
성북구,13900,석관동,15.0,20241007,월세,59.97,5000,135,1998.0,아파트,2024
성북구,13800,장위동,14.0,20240925,월세,84.94,30000,105,2020.0,아파트,2024
성북구,13500,종암동,9.0,20240925,월세,59.99,20000,100,2004.0,아파트,2024
성북구,13300,정릉동,3.0,20241209,월세,19.7,5576,24,2020.0,연립다세대,2024
성북구,11300,삼선동3가,,20241109,월세,23.0,500,60,1983.0,단독다가구,2024
성북구,13700,상월곡동,,20241106,월세,33.0,400,43,1991.0,단독다가구,2024
성북구,13500,종암동,14.0,20240919,월세,40.35,5184,10,2009.0,아파트,2024
성북구,13400,길음동,21.0,20240905,월세,59.882,20000,158,2022.0,아파트,2024
성북구,13400,길음동,8.0,20240925,월세,38.017,4470,6,2022.0,아파트,2024
성북구,13900,석관동,,20241118,월세,19.0,1000,60,2017.0,단독다가구,2024
성북구,13500,종암동,3.0,20240925,월세,12.61,300,35,2010.0,연립다세대,2024
성북구,10300,돈암동,1.0,20241115,월세,68.13,15000,120,1998.0,아파트,2024
성북구,10300,돈암동,15.0,20241115,월세,113.67,35000,128,1998.0,아파트,2024
성북구,13500,종암동,,20241121,월세,16.5,1000,50,2018.0,단독다가구,2024
성북구,13300,정릉동,-1.0,20241223,월세,69.48,1000,75,1996.0,연립다세대,2024
성북구,10300,돈암동,4.0,20241010,월세,43.42,23000,25,2016.0,연립다세대,2024
성북구,13300,정릉동,1.0,20241130,월세,50.16,2000,60,1995.0,연립다세대,2024
성북구,13600,하월곡동,,20241118,월세,20.0,1000,60,2014.0,단독다가구,2024
성북구,13300,정릉동,3.0,20240928,월세,29.29,10000,40,2015.0,연립다세대,2024
성북구,13300,정릉동,6.0,20241212,월세,59.88,5000,85,2005.0,아파트,2024
성북구,13700,상월곡동,5.0,20241016,월세,31.59,2897,7,2003.0,아파트,2024
성북구,13800,장위동,5.0,20241112,월세,48.13,6000,50,2004.0,연립다세대,2024
성북구,13500,종암동,3.0,20241224,월세,59.73,20000,80,2004.0,아파트,2024
성북구,13500,종암동,,20241221,월세,40.93,12000,20,1991.0,단독다가구,2024
성북구,13100,보문동2가,,20241203,월세,15.0,500,50,2008.0,단독다가구,2024
성북구,13900,석관동,,20241106,월세,39.3,10000,45,2019.0,단독다가구,2024
성북구,10100,성북동,,20241109,월세,30.0,2500,53,1968.0,단독다가구,2024
성북구,13900,석관동,2.0,20241004,월세,22.8,3000,65,2019.0,연립다세대,2024
성북구,12500,안암동5가,,20240911,월세,17.0,500,55,1996.0,단독다가구,2024
성북구,12500,안암동5가,,20241124,월세,16.5,7000,7,1993.0,단독다가구,2024
성북구,12500,안암동5가,,20241124,월세,16.5,7100,7,1993.0,단독다가구,2024
성북구,13500,종암동,5.0,20241010,월세,59.98,20000,110,2011.0,아파트,2024
성북구,11500,삼선동5가,,20241109,월세,33.0,4000,69,1994.0,단독다가구,2024
성북구,13900,석관동,,20241109,월세,33.0,2000,48,1976.0,단독다가구,2024
성북구,13400,길음동,2.0,20240910,월세,39.06,2000,50,1988.0,연립다세대,2024
성북구,13600,하월곡동,,20241118,월세,25.0,1000,60,2015.0,단독다가구,2024
성북구,11800,동선동3가,,20241106,월세,42.97,1000,60,1996.0,단독다가구,2024
성북구,13400,길음동,12.0,20241016,월세,33.46,2848,5,2019.0,아파트,2024
성북구,13500,종암동,,20241203,월세,17.0,200,60,2010.0,단독다가구,2024
성북구,13500,종암동,,20241124,월세,17.5,300,50,2004.0,단독다가구,2024
성북구,11800,동선동3가,2.0,20241115,월세,47.17,10000,50,1993.0,연립다세대,2024
성북구,13400,길음동,13.0,20241022,월세,84.95,75000,40,2019.0,아파트,2024
성북구,13900,석관동,,20241203,월세,18.0,4000,30,2019.0,단독다가구,2024
성북구,13500,종암동,2.0,20241127,월세,50.72,30000,35,2024.0,연립다세대,2024
성북구,13500,종암동,13.0,20241016,월세,114.98,5000,160,2004.0,아파트,2024
성북구,13300,정릉동,4.0,20241010,월세,47.18,17000,30,2008.0,연립다세대,2024
성북구,13400,길음동,11.0,20241026,월세,59.99,21000,68,2003.0,아파트,2024
성북구,10300,돈암동,6.0,20240903,월세,59.58,5000,115,1998.0,아파트,2024
성북구,13800,장위동,4.0,20241115,월세,43.28,3000,70,2016.0,연립다세대,2024
성북구,13300,정릉동,,20241118,월세,29.75,500,35,1963.0,단독다가구,2024
성북구,13500,종암동,,20241130,월세,16.0,200,40,2018.0,단독다가구,2024
성북구,11200,삼선동2가,,20240919,월세,40.0,2000,65,1989.0,단독다가구,2024
성북구,11100,삼선동1가,,20241124,월세,18.9,1000,30,1991.0,단독다가구,2024
성북구,13800,장위동,26.0,20241026,월세,59.1,39900,88,2022.0,아파트,2024
성북구,13800,장위동,17.0,20241026,월세,84.48,20000,180,2022.0,아파트,2024
성북구,13400,길음동,12.0,20241019,월세,84.975,60000,60,2022.0,아파트,2024
성북구,13600,하월곡동,12.0,20241101,월세,84.91,5000,180,2011.0,아파트,2024
성북구,13700,상월곡동,,20241109,월세,38.0,500,38,1995.0,단독다가구,2024
성북구,11100,삼선동1가,,20241109,월세,38.4,12000,10,1987.0,단독다가구,2024
성북구,13300,정릉동,3.0,20240906,월세,63.93,2000,55,1990.0,연립다세대,2024
성북구,13400,길음동,9.0,20241029,월세,114.912,10000,145,2003.0,아파트,2024
성북구,12100,안암동1가,,20241109,월세,39.0,1000,55,1992.0,단독다가구,2024
성북구,11500,삼선동5가,13.0,20241026,월세,19.99,10000,38,2014.0,연립다세대,2024
성북구,13300,정릉동,17.0,20241215,월세,84.92,15000,140,2004.0,아파트,2024
성북구,12800,보문동6가,12.0,20241001,월세,84.96,30000,100,2017.0,아파트,2024
성북구,11500,삼선동5가,,20241118,월세,33.0,1000,70,1994.0,단독다가구,2024
성북구,12500,안암동5가,,20241203,월세,20.0,1000,65,2018.0,단독다가구,2024
성북구,13500,종암동,,20240912,월세,15.0,200,40,1997.0,단독다가구,2024
성북구,12800,보문동6가,2.0,20240925,월세,29.96,10124,37,2017.0,아파트,2024
성북구,13900,석관동,,20240911,월세,19.8,3000,28,2019.0,단독다가구,2024
성북구,10700,동소문동4가,6.0,20241004,월세,22.8,2000,63,2003.0,오피스텔,2024
성북구,13800,장위동,1.0,20241101,월세,42.5,3500,5,1976.0,연립다세대,2024
성북구,13800,장위동,,20241109,월세,42.96,1000,50,1997.0,단독다가구,2024
성북구,13900,석관동,6.0,20240925,월세,33.15,500,70,2003.0,오피스텔,2024
성북구,13800,장위동,,20241121,월세,27.27,500,25,1958.0,단독다가구,2024
성북구,13400,길음동,9.0,20241001,월세,59.94,15000,48,1998.0,아파트,2024
성북구,13800,장위동,,20241121,월세,27.74,500,40,1981.0,단독다가구,2024
성북구,11800,동선동3가,,20240912,월세,18.0,5000,20,2010.0,단독다가구,2024
성북구,13900,석관동,7.0,20240928,월세,84.84,10000,138,2009.0,아파트,2024
성북구,13900,석관동,,20240911,월세,20.0,500,35,2019.0,단독다가구,2024
성북구,10900,동소문동6가,,20240911,월세,20.0,1000,57,2018.0,단독다가구,2024
성북구,13900,석관동,,20240912,월세,18.02,500,40,2011.0,단독다가구,2024
성북구,11100,삼선동1가,,20241118,월세,36.32,8000,0,1991.0,단독다가구,2024
성북구,13600,하월곡동,,20241115,월세,16.0,1000,50,2016.0,단독다가구,2024
성북구,11400,삼선동4가,5.0,20241116,월세,33.88,1000,45,2001.0,연립다세대,2024
성북구,13900,석관동,,20241109,월세,50.0,3000,70,1998.0,단독다가구,2024
성북구,11400,삼선동4가,14.0,20240922,월세,17.72,3000,105,2024.0,오피스텔,2024
성북구,12100,안암동1가,,20241130,월세,19.8,500,42,1995.0,단독다가구,2024
성북구,13500,종암동,,20241112,월세,19.8,1000,53,2002.0,단독다가구,2024
성북구,13900,석관동,,20241109,월세,50.83,1000,50,1993.0,단독다가구,2024
성북구,12500,안암동5가,,20241112,월세,19.83,3000,80,2023.0,단독다가구,2024
성북구,13500,종암동,,20241130,월세,20.0,100,45,1997.0,단독다가구,2024
성북구,13300,정릉동,,20241130,월세,20.0,1000,45,2010.0,단독다가구,2024
성북구,13600,하월곡동,,20241118,월세,40.0,500,60,2000.0,단독다가구,2024
성북구,10700,동소문동4가,,20241121,월세,33.0,1000,60,2008.0,단독다가구,2024
성북구,10400,동소문동1가,,20241124,월세,25.0,1000,50,1948.0,단독다가구,2024
성북구,13600,하월곡동,,20240906,월세,17.0,2000,34,2018.0,단독다가구,2024
성북구,11100,삼선동1가,3.0,20240919,월세,64.35,15000,25,1991.0,연립다세대,2024
성북구,13900,석관동,,20240912,월세,23.14,300,35,1967.0,단독다가구,2024
성북구,13500,종암동,5.0,20241010,월세,26.07,100,26,2023.0,연립다세대,2024
성북구,13500,종암동,3.0,20241010,월세,37.13,100,36,2023.0,연립다세대,2024
성북구,13000,보문동1가,,20240903,월세,31.0,500,60,1990.0,단독다가구,2024
성북구,13300,정릉동,,20240903,월세,32.3,500,40,1992.0,단독다가구,2024
성북구,10300,돈암동,21.0,20241029,월세,84.59,10000,150,1999.0,아파트,2024
성북구,10300,돈암동,8.0,20241029,월세,56.7,20000,55,1991.0,아파트,2024
성북구,13500,종암동,,20240903,월세,33.4,2000,42,1997.0,단독다가구,2024
성북구,10600,동소문동3가,,20241206,월세,19.0,4000,60,2019.0,단독다가구,2024
성북구,11800,동선동3가,9.0,20241029,월세,29.67,14000,3,2001.0,오피스텔,2024
성북구,13800,장위동,-1.0,20241007,월세,61.3,3000,55,1986.0,연립다세대,2024
성북구,13500,종암동,,20241203,월세,29.55,1000,70,1983.0,단독다가구,2024
성북구,13800,장위동,,20241203,월세,30.0,500,30,1988.0,단독다가구,2024
성북구,13900,석관동,,20240906,월세,23.3,1000,50,2017.0,단독다가구,2024
성북구,12200,안암동2가,,20241127,월세,18.6,3000,45,2003.0,단독다가구,2024
성북구,13800,장위동,4.0,20240925,월세,18.03,1000,65,2019.0,오피스텔,2024
성북구,13600,하월곡동,,20241206,월세,19.83,500,40,1993.0,단독다가구,2024
성북구,11200,삼선동2가,,20241206,월세,20.0,1000,57,2019.0,단독다가구,2024
성북구,13800,장위동,4.0,20240922,월세,56.36,3000,60,2003.0,연립다세대,2024
성북구,13800,장위동,4.0,20241218,월세,48.35,2548,17,2018.0,연립다세대,2024
성북구,13000,보문동1가,13.0,20241010,월세,39.202,12520,33,2022.0,아파트,2024
성북구,13800,장위동,14.0,20240919,월세,18.03,1000,65,2019.0,오피스텔,2024
성북구,11500,삼선동5가,,20240903,월세,43.66,1000,40,2000.0,단독다가구,2024
성북구,13300,정릉동,3.0,20241001,월세,72.17,200,32,2001.0,연립다세대,2024
성북구,11900,동선동4가,,20240903,월세,48.0,4000,75,1993.0,단독다가구,2024
성북구,13400,길음동,32.0,20241101,월세,109.98,50000,200,2019.0,아파트,2024
성북구,10100,성북동,,20241118,월세,66.42,6000,50,1992.0,단독다가구,2024
성북구,13000,보문동1가,,20241130,월세,26.0,300,37,1963.0,단독다가구,2024
성북구,10700,동소문동4가,,20240903,월세,49.86,4000,75,1992.0,단독다가구,2024
성북구,13900,석관동,,20241118,월세,70.18,10000,70,2009.0,단독다가구,2024
성북구,13400,길음동,16.0,20241029,월세,59.97,25000,120,2019.0,아파트,2024
성북구,13900,석관동,,20241121,월세,45.0,1000,40,1997.0,단독다가구,2024
성북구,10700,동소문동4가,9.0,20241022,월세,26.5,2000,70,2003.0,오피스텔,2024
성북구,11100,삼선동1가,,20240912,월세,42.11,1000,90,1991.0,단독다가구,2024
성북구,13300,정릉동,8.0,20241218,월세,32.76,1543,16,2005.0,아파트,2024
성북구,13400,길음동,8.0,20241026,월세,59.928,10000,144,2019.0,아파트,2024
성북구,13400,길음동,21.0,20241026,월세,84.975,20000,255,2022.0,아파트,2024
성북구,13400,길음동,21.0,20241026,월세,112.505,50000,260,2022.0,아파트,2024
성북구,13800,장위동,10.0,20241007,월세,15.214,1000,65,2019.0,아파트,2024
성북구,13800,장위동,,20240906,월세,38.03,1000,35,1991.0,단독다가구,2024
성북구,10200,성북동1가,,20240903,월세,71.96,15000,50,2000.0,단독다가구,2024
성북구,13900,석관동,5.0,20241125,월세,33.56,5000,31,2013.0,연립다세대,2024
성북구,12100,안암동1가,3.0,20241119,월세,12.85,3000,40,2013.0,연립다세대,2024
성북구,12800,보문동6가,,20240906,월세,39.87,500,50,1992.0,단독다가구,2024
성북구,13100,보문동2가,4.0,20241119,월세,16.24,3700,46,2018.0,오피스텔,2024
성북구,13800,장위동,8.0,20241221,월세,39.975,15000,60,2022.0,아파트,2024
성북구,13400,길음동,13.0,20241022,월세,59.94,30000,4,1998.0,아파트,2024
성북구,13800,장위동,3.0,20240922,월세,56.08,3000,80,2005.0,연립다세대,2024
성북구,13800,장위동,,20240906,월세,41.32,2000,55,1967.0,단독다가구,2024
성북구,13400,길음동,15.0,20241029,월세,59.874,22000,180,2022.0,아파트,2024
성북구,13300,정릉동,20.0,20241221,월세,84.92,15000,135,2004.0,아파트,2024
성북구,13800,장위동,4.0,20241019,월세,46.97,15000,10,2002.0,연립다세대,2024
성북구,13800,장위동,,20240910,월세,33.0,50,25,1995.0,단독다가구,2024
성북구,11500,삼선동5가,7.0,20241125,월세,18.6,4000,58,2014.0,오피스텔,2024
성북구,11900,동선동4가,9.0,20241104,월세,23.09,1000,70,2005.0,오피스텔,2024
성북구,11700,동선동2가,3.0,20241119,월세,22.57,500,45,2002.0,연립다세대,2024
성북구,10900,동소문동6가,,20240910,월세,33.7,1000,44,,단독다가구,2024
성북구,12200,안암동2가,,20240910,월세,34.06,6000,45,1990.0,단독다가구,2024
성북구,11400,삼선동4가,8.0,20241128,월세,27.09,3000,80,2014.0,오피스텔,2024
성북구,13500,종암동,6.0,20240904,월세,11.261,1000,84,2023.0,연립다세대,2024
성북구,11500,삼선동5가,,20240906,월세,58.29,3000,80,2002.0,단독다가구,2024
성북구,11200,삼선동2가,,20240906,월세,62.12,17000,20,1996.0,단독다가구,2024
성북구,13800,장위동,8.0,20241010,월세,14.714,1000,65,2019.0,아파트,2024
성북구,13800,장위동,-1.0,20240925,월세,37.2,9000,14,1993.0,연립다세대,2024
성북구,13300,정릉동,3.0,20241125,월세,52.33,11000,6,1994.0,연립다세대,2024
성북구,11500,삼선동5가,,20240906,월세,76.07,3000,90,2003.0,단독다가구,2024
성북구,13300,정릉동,3.0,20240904,월세,37.06,500,40,2009.0,연립다세대,2024
성북구,13400,길음동,7.0,20241107,월세,59.99,30000,60,2010.0,아파트,2024
성북구,13600,하월곡동,,20240910,월세,43.11,14000,17,1995.0,단독다가구,2024
성북구,13600,하월곡동,4.0,20241001,월세,26.77,15000,40,2021.0,연립다세대,2024
성북구,13400,길음동,11.0,20241116,월세,59.99,5000,166,2010.0,아파트,2024
성북구,13800,장위동,-1.0,20240913,월세,16.53,200,20,1977.0,연립다세대,2024
성북구,13400,길음동,7.0,20241116,월세,84.92,37000,60,2010.0,아파트,2024
성북구,13800,장위동,5.0,20240913,월세,25.79,16000,25,2019.0,연립다세대,2024
성북구,13400,길음동,18.0,20241104,월세,84.97,46305,21,2005.0,아파트,2024
성북구,13500,종암동,4.0,20241212,월세,37.86,30000,30,2024.0,연립다세대,2024
성북구,13800,장위동,22.0,20241116,월세,59.49,10000,175,2022.0,아파트,2024
성북구,13800,장위동,9.0,20241016,월세,14.714,1000,65,2019.0,아파트,2024
성북구,13800,장위동,4.0,20241016,월세,15.214,250,62,2019.0,아파트,2024
성북구,13800,장위동,15.0,20241016,월세,15.214,1000,65,2019.0,아파트,2024
성북구,13800,장위동,8.0,20241116,월세,59.35,38500,5,2017.0,아파트,2024
성북구,13300,정릉동,17.0,20241104,월세,59.59,7000,115,1999.0,아파트,2024
성북구,13600,하월곡동,,20240910,월세,46.44,5000,40,1992.0,단독다가구,2024
성북구,13600,하월곡동,,20240910,월세,46.44,7000,30,1992.0,단독다가구,2024
성북구,13300,정릉동,5.0,20241125,월세,20.44,5500,79,2023.0,연립다세대,2024
성북구,13300,정릉동,2.0,20241001,월세,55.35,2000,80,2002.0,연립다세대,2024
성북구,13800,장위동,5.0,20241104,월세,84.843,15000,137,2008.0,아파트,2024
성북구,13600,하월곡동,7.0,20241104,월세,59.65,10000,140,2010.0,아파트,2024
성북구,13900,석관동,4.0,20241016,월세,61.65,14000,50,2009.0,연립다세대,2024
성북구,13300,정릉동,4.0,20240913,월세,58.34,2000,147,2018.0,연립다세대,2024
성북구,13800,장위동,1.0,20240907,월세,43.53,2000,40,1983.0,연립다세대,2024
성북구,13800,장위동,3.0,20240925,월세,40.61,270,16,2016.0,연립다세대,2024
성북구,11500,삼선동5가,2.0,20241004,월세,42.59,3000,113,2018.0,연립다세대,2024
성북구,12200,안암동2가,5.0,20241116,월세,14.06,5000,30,2013.0,연립다세대,2024
성북구,13500,종암동,1.0,20240907,월세,28.85,500,45,1993.0,연립다세대,2024
성북구,13800,장위동,11.0,20241022,월세,15.214,2000,42,2019.0,아파트,2024
성북구,13300,정릉동,7.0,20240928,월세,76.38,4000,45,2003.0,아파트,2024
성북구,13300,정릉동,3.0,20240907,월세,48.66,5000,53,2020.0,연립다세대,2024
성북구,10100,성북동,4.0,20241007,월세,29.07,27300,22,2019.0,연립다세대,2024
성북구,13800,장위동,,20240910,월세,65.98,13000,50,1974.0,단독다가구,2024
성북구,13500,종암동,4.0,20240928,월세,114.75,10000,155,1999.0,아파트,2024
성북구,13300,정릉동,,20241209,월세,16.0,1000,50,2020.0,단독다가구,2024
성북구,13800,장위동,,20240910,월세,70.9,1000,50,2006.0,단독다가구,2024
성북구,12800,보문동6가,,20241203,월세,39.87,13000,35,1993.0,단독다가구,2024
성북구,13600,하월곡동,,20241203,월세,40.0,300,52,1992.0,단독다가구,2024
성북구,13100,보문동2가,1.0,20241026,월세,17.87,1500,40,2012.0,연립다세대,2024
성북구,13900,석관동,2.0,20241107,월세,55.4,5000,80,2001.0,연립다세대,2024
성북구,10100,성북동,2.0,20240925,월세,77.58,3000,90,1990.0,연립다세대,2024
성북구,13300,정릉동,7.0,20241104,월세,43.11,3000,80,2001.0,아파트,2024
성북구,13500,종암동,3.0,20241026,월세,28.52,21000,15,2020.0,연립다세대,2024
성북구,13600,하월곡동,,20240911,월세,21.0,500,25,1991.0,단독다가구,2024
성북구,11800,동선동3가,2.0,20241113,월세,40.47,6000,60,2002.0,연립다세대,2024
성북구,13500,종암동,3.0,20241001,월세,47.94,13000,50,2002.0,연립다세대,2024
성북구,13400,길음동,,20241212,월세,15.0,800,35,1992.0,단독다가구,2024
성북구,12700,보문동5가,,20240911,월세,23.1,1000,50,2017.0,단독다가구,2024
성북구,12300,안암동3가,,20240911,월세,24.0,3000,50,2016.0,단독다가구,2024
성북구,13900,석관동,6.0,20240907,월세,30.3,27000,15,2024.0,오피스텔,2024
성북구,11600,동선동1가,4.0,20241116,월세,21.83,18000,20,2020.0,오피스텔,2024
성북구,13300,정릉동,,20241212,월세,16.0,500,48,2018.0,단독다가구,2024
성북구,13800,장위동,3.0,20240925,월세,52.74,13000,15,1991.0,연립다세대,2024
성북구,13400,길음동,15.0,20241113,월세,84.97,10000,175,2005.0,아파트,2024
성북구,13300,정릉동,2.0,20241013,월세,29.91,13600,25,2016.0,연립다세대,2024
성북구,11200,삼선동2가,5.0,20240928,월세,29.69,17000,36,2015.0,연립다세대,2024
성북구,13300,정릉동,2.0,20241016,월세,75.66,20000,30,2005.0,연립다세대,2024
성북구,10100,성북동,-1.0,20241126,월세,42.21,2000,60,1991.0,연립다세대,2024
성북구,12100,안암동1가,6.0,20241010,월세,59.698,25000,80,2005.0,아파트,2024
성북구,13800,장위동,9.0,20240925,월세,49.33,1881,25,2006.0,아파트,2024
성북구,13400,길음동,4.0,20240904,월세,114.91,50000,130,2010.0,아파트,2024
성북구,12600,보문동4가,5.0,20241029,월세,28.42,14000,15,1972.0,오피스텔,2024
성북구,13300,정릉동,4.0,20240925,월세,84.09,40900,7,2005.0,아파트,2024
성북구,13300,정릉동,6.0,20240925,월세,32.76,3151,16,2005.0,아파트,2024
성북구,13300,정릉동,20.0,20240925,월세,32.76,3151,7,2005.0,아파트,2024
성북구,10900,동소문동6가,8.0,20241226,월세,12.4,1000,62,2013.0,아파트,2024
성북구,13300,정릉동,10.0,20241001,월세,84.56,45000,50,2015.0,아파트,2024
성북구,13300,정릉동,1.0,20240919,월세,22.26,5537,8,2020.0,연립다세대,2024
성북구,11200,삼선동2가,6.0,20241101,월세,84.83,20000,107,2009.0,아파트,2024
성북구,13900,석관동,,20240911,월세,33.3,500,45,1993.0,단독다가구,2024
성북구,13400,길음동,9.0,20241029,월세,111.71,8000,200,1998.0,아파트,2024
성북구,13800,장위동,4.0,20241026,월세,53.27,13000,25,1993.0,연립다세대,2024
성북구,13900,석관동,1.0,20241104,월세,84.9,23000,40,1998.0,아파트,2024
성북구,12100,안암동1가,8.0,20241019,월세,59.698,5000,155,2005.0,아파트,2024
성북구,12000,동선동5가,1.0,20241129,월세,28.33,2000,80,2012.0,연립다세대,2024
성북구,13800,장위동,,20241209,월세,20.83,500,35,1966.0,단독다가구,2024
성북구,10300,돈암동,1.0,20241226,월세,84.87,5000,155,1998.0,아파트,2024
성북구,13500,종암동,4.0,20241004,월세,25.59,2000,100,2016.0,연립다세대,2024
성북구,12500,안암동5가,,20241209,월세,21.5,200,50,1997.0,단독다가구,2024
성북구,10900,동소문동6가,9.0,20241218,월세,12.7,3000,53,2013.0,아파트,2024
성북구,13900,석관동,3.0,20241016,월세,27.35,16880,10,2021.0,연립다세대,2024
성북구,10100,성북동,,20240911,월세,41.32,2000,80,1985.0,단독다가구,2024
성북구,13800,장위동,3.0,20240904,월세,29.89,2000,65,2021.0,연립다세대,2024
성북구,13400,길음동,,20240911,월세,45.0,1000,40,1964.0,단독다가구,2024
성북구,13900,석관동,3.0,20241022,월세,43.48,28900,10,2018.0,연립다세대,2024
성북구,10300,돈암동,19.0,20241226,월세,32.49,1196,3,1998.0,아파트,2024
성북구,13600,하월곡동,,20241212,월세,20.0,100,40,1991.0,단독다가구,2024
성북구,10900,동소문동6가,5.0,20240904,월세,33.97,2000,80,2003.0,오피스텔,2024
성북구,13900,석관동,4.0,20240928,월세,34.5,3000,65,2013.0,연립다세대,2024
성북구,12000,동선동5가,,20241209,월세,24.13,1000,45,1993.0,단독다가구,2024
성북구,10900,동소문동6가,10.0,20241221,월세,12.4,3000,55,2013.0,아파트,2024
성북구,13800,장위동,3.0,20241010,월세,44.78,13000,10,2002.0,연립다세대,2024
성북구,13900,석관동,15.0,20241116,월세,59.42,20000,120,2019.0,아파트,2024
성북구,13900,석관동,,20241209,월세,25.1,3000,59,2021.0,단독다가구,2024
성북구,13800,장위동,,20240911,월세,53.46,2000,55,1992.0,단독다가구,2024
성북구,12400,안암동4가,,20240911,월세,53.76,3000,70,1991.0,단독다가구,2024
성북구,10100,성북동,4.0,20241026,월세,39.0,14000,40,1997.0,연립다세대,2024
성북구,13300,정릉동,11.0,20241007,월세,84.56,10000,190,2015.0,아파트,2024
성북구,13700,상월곡동,,20241209,월세,26.44,300,63,1990.0,단독다가구,2024
성북구,13400,길음동,1.0,20241107,월세,84.975,10000,260,2022.0,아파트,2024
성북구,11700,동선동2가,,20241209,월세,27.0,1000,67,1997.0,단독다가구,2024
성북구,13600,하월곡동,10.0,20241010,월세,114.93,60000,40,2007.0,아파트,2024
성북구,13100,보문동2가,,20241117,월세,19.8,12000,38,2010.0,단독다가구,2024
성북구,13800,장위동,,20241203,월세,45.01,15000,25,2016.0,단독다가구,2024
성북구,10300,돈암동,20.0,20241218,월세,32.49,541,6,1998.0,아파트,2024
성북구,13300,정릉동,5.0,20240928,월세,28.49,15000,15,2020.0,연립다세대,2024
성북구,13800,장위동,,20240911,월세,85.32,15000,15,1992.0,단독다가구,2024
성북구,13400,길음동,8.0,20241122,월세,59.99,10000,150,2010.0,아파트,2024
성북구,13400,길음동,3.0,20241122,월세,84.96,20000,190,2010.0,아파트,2024
성북구,13500,종암동,10.0,20240904,월세,84.99,36000,100,2009.0,아파트,2024
성북구,11400,삼선동4가,12.0,20241101,월세,17.72,23000,5,2024.0,오피스텔,2024
성북구,11400,삼선동4가,3.0,20241101,월세,17.72,12000,50,2024.0,오피스텔,2024
성북구,11400,삼선동4가,3.0,20241101,월세,17.72,11999,50,2024.0,오피스텔,2024
성북구,13800,장위동,9.0,20241122,월세,59.49,10000,158,2022.0,아파트,2024
성북구,10300,돈암동,21.0,20241119,월세,59.84,10000,155,2014.0,아파트,2024
성북구,10300,돈암동,9.0,20240907,월세,84.59,42000,20,1999.0,아파트,2024
성북구,13800,장위동,20.0,20241119,월세,59.49,10000,180,2022.0,아파트,2024
성북구,10300,돈암동,14.0,20240919,월세,132.96,5000,230,1998.0,아파트,2024
성북구,13600,하월곡동,21.0,20241019,월세,84.88,43000,30,2007.0,아파트,2024
성북구,13600,하월곡동,10.0,20241016,월세,33.347,1765,19,2008.0,아파트,2024
성북구,10100,성북동,1.0,20241019,월세,49.95,21700,20,2002.0,연립다세대,2024
성북구,13400,길음동,2.0,20241125,월세,30.61,1809,17,2005.0,아파트,2024
성북구,13400,길음동,8.0,20241125,월세,30.61,1809,17,2005.0,아파트,2024
성북구,13700,상월곡동,4.0,20241029,월세,54.63,12000,70,2012.0,연립다세대,2024
성북구,13400,길음동,9.0,20240904,월세,38.017,2869,15,2022.0,아파트,2024
성북구,13400,길음동,10.0,20241125,월세,84.96,30000,180,2010.0,아파트,2024
성북구,13900,석관동,,20240928,월세,14.96,1000,50,2015.0,단독다가구,2024
성북구,12500,안암동5가,4.0,20241224,월세,18.85,1000,40,2011.0,연립다세대,2024
성북구,13500,종암동,8.0,20241110,월세,84.99,65000,20,2011.0,아파트,2024
성북구,13900,석관동,8.0,20240907,월세,84.9,25000,89,1998.0,아파트,2024
성북구,13600,하월곡동,,20240928,월세,16.0,1000,50,2016.0,단독다가구,2024
성북구,13500,종암동,,20241209,월세,33.61,10000,25,1993.0,단독다가구,2024
성북구,13500,종암동,5.0,20240904,월세,46.157,25000,15,2015.0,연립다세대,2024
성북구,13600,하월곡동,,20240928,월세,17.0,1000,40,2022.0,단독다가구,2024
성북구,13400,길음동,12.0,20241128,월세,59.99,10000,160,2010.0,아파트,2024
성북구,12200,안암동2가,,20240928,월세,18.0,1000,40,2010.0,단독다가구,2024
성북구,13500,종암동,,20241215,월세,19.0,1000,60,2018.0,단독다가구,2024
성북구,13500,종암동,7.0,20241010,월세,84.97,5000,175,2010.0,아파트,2024
성북구,13500,종암동,14.0,20241010,월세,84.72,10000,160,1999.0,아파트,2024
성북구,13500,종암동,9.0,20240907,월세,59.97,7000,160,2009.0,아파트,2024
성북구,10300,돈암동,,20240928,월세,19.11,500,35,1963.0,단독다가구,2024
성북구,13400,길음동,,20240928,월세,19.49,1000,50,2010.0,단독다가구,2024
성북구,13600,하월곡동,5.0,20240907,월세,84.589,40000,48,2006.0,아파트,2024
성북구,11400,삼선동4가,,20240928,월세,20.0,3000,45,2010.0,단독다가구,2024
성북구,11900,동선동4가,5.0,20241226,월세,15.3,10500,2,2012.0,연립다세대,2024
성북구,13400,길음동,24.0,20241110,월세,59.882,60000,40,2022.0,아파트,2024
성북구,13700,상월곡동,,20241215,월세,20.0,1000,60,2015.0,단독다가구,2024
성북구,13800,장위동,11.0,20241019,월세,39.975,7000,95,2022.0,아파트,2024
성북구,11500,삼선동5가,11.0,20240913,월세,30.81,1000,70,2003.0,오피스텔,2024
성북구,13300,정릉동,5.0,20241016,월세,53.53,1611,21,2016.0,연립다세대,2024
성북구,13200,보문동3가,5.0,20241221,월세,59.29,5000,170,2003.0,아파트,2024
성북구,10300,돈암동,10.0,20241022,월세,59.99,20000,115,2004.0,아파트,2024
성북구,13400,길음동,11.0,20241204,월세,59.99,8000,130,2005.0,아파트,2024
성북구,13600,하월곡동,,20240928,월세,24.58,10000,63,2020.0,단독다가구,2024
성북구,13400,길음동,4.0,20240913,월세,59.99,20000,93,2005.0,아파트,2024
성북구,13400,길음동,12.0,20240913,월세,84.97,10000,190,2005.0,아파트,2024
성북구,13400,길음동,8.0,20240913,월세,59.97,40000,33,2005.0,아파트,2024
성북구,13100,보문동2가,5.0,20241201,월세,43.87,500,51,2001.0,연립다세대,2024
성북구,13500,종암동,8.0,20240904,월세,42.47,1000,110,2018.0,연립다세대,2024
성북구,11400,삼선동4가,,20240928,월세,26.45,3000,80,,단독다가구,2024
성북구,13500,종암동,,20241209,월세,45.2,19000,10,2012.0,단독다가구,2024
성북구,11700,동선동2가,4.0,20241224,월세,26.78,9000,65,2017.0,연립다세대,2024
성북구,11100,삼선동1가,,20240922,월세,29.2,20000,30,1993.0,단독다가구,2024
성북구,10300,돈암동,13.0,20241007,월세,152.25,6000,250,1998.0,아파트,2024
성북구,13400,길음동,9.0,20241207,월세,114.73,40000,45,2005.0,아파트,2024
성북구,13400,길음동,17.0,20241207,월세,59.77,10000,120,2005.0,아파트,2024
성북구,12500,안암동5가,,20240919,월세,16.5,3000,40,,단독다가구,2024
성북구,13300,정릉동,,20240919,월세,16.5,1000,51,2021.0,단독다가구,2024
성북구,13400,길음동,13.0,20241207,월세,114.99,15000,240,2010.0,아파트,2024
성북구,13900,석관동,,20240928,월세,30.0,500,50,1997.0,단독다가구,2024
성북구,13400,길음동,20.0,20241207,월세,114.86,69300,70,2010.0,아파트,2024
성북구,13300,정릉동,2.0,20241207,월세,59.59,11000,80,1999.0,아파트,2024
성북구,13300,정릉동,9.0,20241207,월세,59.59,29400,35,1999.0,아파트,2024
성북구,10900,동소문동6가,8.0,20241224,월세,12.32,3000,56,2013.0,아파트,2024
성북구,13500,종암동,,20241004,월세,10.64,500,40,1985.0,단독다가구,2024
성북구,13900,석관동,,20240919,월세,18.0,300,30,1993.0,단독다가구,2024
성북구,10300,돈암동,18.0,20241007,월세,59.58,5000,117,1998.0,아파트,2024
성북구,10300,돈암동,15.0,20241007,월세,59.58,2000,110,1998.0,아파트,2024
성북구,11800,동선동3가,9.0,20241122,월세,29.42,11500,10,2001.0,오피스텔,2024
성북구,13300,정릉동,,20240916,월세,47.3,10000,30,2013.0,단독다가구,2024
성북구,12600,보문동4가,4.0,20240904,월세,28.06,7000,42,1972.0,오피스텔,2024
성북구,12700,보문동5가,,20241203,월세,50.89,1000,60,1994.0,단독다가구,2024
성북구,10300,돈암동,7.0,20241125,월세,41.58,1500,80,1991.0,아파트,2024
성북구,12800,보문동6가,3.0,20241104,월세,29.96,11608,30,2017.0,아파트,2024
성북구,12800,보문동6가,7.0,20241104,월세,29.96,10720,39,2017.0,아파트,2024
성북구,12800,보문동6가,3.0,20241104,월세,29.96,10124,37,2017.0,아파트,2024
성북구,12400,안암동4가,,20241209,월세,60.58,5000,60,1997.0,단독다가구,2024
성북구,13400,길음동,13.0,20240904,월세,59.94,2000,94,1998.0,아파트,2024
성북구,11400,삼선동4가,,20241004,월세,18.11,1000,70,2013.0,단독다가구,2024
성북구,11300,삼선동3가,2.0,20241104,월세,29.98,2000,65,2012.0,연립다세대,2024
성북구,12500,안암동5가,,20241001,월세,19.8,5000,55,,단독다가구,2024
성북구,10900,동소문동6가,,20241004,월세,19.0,1000,40,1998.0,단독다가구,2024
성북구,13800,장위동,,20240928,월세,35.7,3000,30,1976.0,단독다가구,2024
성북구,10900,동소문동6가,3.0,20241201,월세,29.59,20000,10,2011.0,연립다세대,2024
성북구,10300,돈암동,,20241001,월세,20.0,500,70,,단독다가구,2024
성북구,13900,석관동,,20240916,월세,64.99,2000,70,1965.0,단독다가구,2024
성북구,13300,정릉동,,20241004,월세,19.8,0,42,1961.0,단독다가구,2024
성북구,13300,정릉동,,20241218,월세,14.87,1000,47,2019.0,단독다가구,2024
성북구,12500,안암동5가,,20240925,월세,21.48,350,35,1993.0,단독다가구,2024
성북구,13900,석관동,,20241206,월세,40.0,500,40,1993.0,단독다가구,2024
성북구,12800,보문동6가,2.0,20241125,월세,83.45,23000,20,1998.0,연립다세대,2024
성북구,13600,하월곡동,5.0,20240913,월세,59.88,8000,64,1998.0,아파트,2024
성북구,10300,돈암동,13.0,20241128,월세,59.64,13500,70,1999.0,아파트,2024
성북구,12100,안암동1가,,20240919,월세,25.0,500,34,1993.0,단독다가구,2024
성북구,12200,안암동2가,,20241001,월세,22.0,300,40,1991.0,단독다가구,2024
성북구,10300,돈암동,16.0,20241224,월세,59.58,5000,130,1998.0,아파트,2024
성북구,13500,종암동,,20240928,월세,40.73,8500,28,1993.0,단독다가구,2024
성북구,13400,길음동,18.0,20241122,월세,59.97,5000,220,2019.0,아파트,2024
성북구,11700,동선동2가,,20241004,월세,23.0,3000,80,2024.0,단독다가구,2024
성북구,10400,동소문동1가,,20241001,월세,24.0,45,45,1997.0,단독다가구,2024
성북구,13600,하월곡동,,20241215,월세,30.0,500,40,1996.0,단독다가구,2024
성북구,13300,정릉동,2.0,20241029,월세,28.08,18700,10,2022.0,연립다세대,2024
성북구,13700,상월곡동,,20241001,월세,26.0,500,35,1994.0,단독다가구,2024
성북구,10100,성북동,,20241001,월세,27.0,1000,55,1998.0,단독다가구,2024
성북구,13600,하월곡동,5.0,20241122,월세,59.754,10000,120,2006.0,아파트,2024
성북구,13800,장위동,16.0,20241122,월세,116.91,60000,90,2020.0,아파트,2024
성북구,10300,돈암동,,20241007,월세,12.0,500,40,2010.0,단독다가구,2024
성북구,13900,석관동,12.0,20241119,월세,84.97,41500,80,2019.0,아파트,2024
성북구,13800,장위동,3.0,20240904,월세,18.03,5000,45,2019.0,오피스텔,2024
성북구,13800,장위동,6.0,20241119,월세,36.14,11268,31,2020.0,아파트,2024
성북구,11400,삼선동4가,4.0,20240904,월세,17.72,5000,85,2024.0,오피스텔,2024
성북구,13600,하월곡동,,20240928,월세,54.82,500,80,1989.0,단독다가구,2024
성북구,10300,돈암동,3.0,20241204,월세,84.877,47000,60,2016.0,아파트,2024
성북구,13300,정릉동,-1.0,20241013,월세,33.76,500,35,1989.0,연립다세대,2024
성북구,11400,삼선동4가,10.0,20241213,월세,28.11,14000,24,2014.0,오피스텔,2024
성북구,12800,보문동6가,,20240925,월세,30.0,1000,50,1991.0,단독다가구,2024
성북구,12300,안암동3가,,20241226,월세,19.0,1000,67,2019.0,단독다가구,2024
성북구,13900,석관동,,20241001,월세,33.0,2000,35,1997.0,단독다가구,2024
성북구,11200,삼선동2가,,20241203,월세,56.36,15000,20,2000.0,단독다가구,2024
성북구,13300,정릉동,,20241203,월세,56.69,20000,100,1968.0,단독다가구,2024
성북구,11600,동선동1가,5.0,20240917,월세,16.94,19000,13,2020.0,연립다세대,2024
성북구,11400,삼선동4가,11.0,20241210,월세,29.8,10000,50,2014.0,오피스텔,2024
성북구,10100,성북동,,20240928,월세,66.12,8000,80,1966.0,단독다가구,2024
성북구,13400,길음동,,20241206,월세,41.3,1000,50,1991.0,단독다가구,2024
성북구,13400,길음동,22.0,20241119,월세,59.874,35000,130,2022.0,아파트,2024
성북구,13300,정릉동,3.0,20240923,월세,12.69,5500,6,2012.0,연립다세대,2024
성북구,13800,장위동,,20241001,월세,35.0,300,37,,단독다가구,2024
성북구,12500,안암동5가,,20241226,월세,19.8,1000,45,2010.0,단독다가구,2024
성북구,13800,장위동,,20241001,월세,35.14,1000,40,1990.0,단독다가구,2024
성북구,13100,보문동2가,,20241007,월세,19.8,3000,55,2010.0,단독다가구,2024
성북구,13300,정릉동,3.0,20240904,월세,41.94,19000,14,2017.0,연립다세대,2024
성북구,12600,보문동4가,4.0,20240926,월세,44.12,1000,90,2004.0,연립다세대,2024
성북구,10400,동소문동1가,,20241001,월세,37.01,3000,65,1991.0,단독다가구,2024
성북구,13900,석관동,,20241001,월세,37.06,500,60,1993.0,단독다가구,2024
성북구,13600,하월곡동,,20241001,월세,37.46,1500,65,1996.0,단독다가구,2024
성북구,13000,보문동1가,12.0,20241113,월세,59.791,40000,120,2022.0,아파트,2024
성북구,13900,석관동,,20241004,월세,38.0,300,30,1992.0,단독다가구,2024
성북구,13800,장위동,,20241004,월세,38.05,13000,10,1972.0,단독다가구,2024
성북구,13800,장위동,17.0,20240907,월세,18.03,500,59,2019.0,오피스텔,2024
성북구,12100,안암동1가,3.0,20241201,월세,12.56,500,50,2012.0,연립다세대,2024
성북구,11100,삼선동1가,,20241010,월세,15.0,500,25,1989.0,단독다가구,2024
성북구,13700,상월곡동,,20241007,월세,23.37,500,30,1975.0,단독다가구,2024
성북구,13800,장위동,2.0,20240929,월세,42.12,11000,18,1977.0,연립다세대,2024
성북구,12400,안암동4가,5.0,20241116,월세,20.64,2000,39,2001.0,오피스텔,2024
성북구,13400,길음동,13.0,20241217,월세,114.73,47000,40,2005.0,아파트,2024
성북구,12200,안암동2가,,20241203,월세,60.0,12000,40,2000.0,단독다가구,2024
성북구,13300,정릉동,14.0,20241026,월세,84.92,35000,75,2004.0,아파트,2024
성북구,13400,길음동,,20240925,월세,33.0,1000,50,,단독다가구,2024
성북구,11400,삼선동4가,5.0,20241204,월세,27.14,16000,40,2018.0,연립다세대,2024
성북구,13700,상월곡동,17.0,20241207,월세,59.95,5000,130,2003.0,아파트,2024
성북구,11400,삼선동4가,15.0,20241104,월세,17.72,5000,85,2024.0,오피스텔,2024
성북구,11400,삼선동4가,7.0,20241104,월세,17.72,23000,5,2024.0,오피스텔,2024
성북구,13900,석관동,3.0,20241119,월세,18.45,500,40,2011.0,연립다세대,2024
성북구,10300,돈암동,2.0,20241002,월세,56.3,1500,60,1987.0,연립다세대,2024
성북구,10100,성북동,,20241013,월세,17.43,100,60,2020.0,단독다가구,2024
성북구,13800,장위동,8.0,20241217,월세,59.1,30000,110,2022.0,아파트,2024
성북구,13800,장위동,24.0,20241220,월세,76.15,20000,160,2022.0,아파트,2024
성북구,13300,정릉동,1.0,20240907,월세,67.94,15000,10,2003.0,연립다세대,2024
성북구,13300,정릉동,-1.0,20240907,월세,67.2,11800,20,1992.0,연립다세대,2024
성북구,13500,종암동,,20241004,월세,52.0,8000,30,1996.0,단독다가구,2024
성북구,13600,하월곡동,19.0,20241113,월세,15.62,1000,65,2013.0,아파트,2024
성북구,13500,종암동,,20241203,월세,63.0,4000,65,1993.0,단독다가구,2024
성북구,13700,상월곡동,,20241016,월세,13.22,3000,35,2019.0,단독다가구,2024
성북구,13600,하월곡동,,20241019,월세,15.0,200,30,1993.0,단독다가구,2024
성북구,13300,정릉동,,20241004,월세,57.36,500,105,2015.0,단독다가구,2024
성북구,13300,정릉동,,20241226,월세,23.14,3000,62,2023.0,단독다가구,2024
성북구,13300,정릉동,,20241007,월세,33.0,600,65,1995.0,단독다가구,2024
성북구,10500,동소문동2가,,20241206,월세,45.65,15000,10,1993.0,단독다가구,2024
성북구,12500,안암동5가,,20241226,월세,24.0,2000,49,1994.0,단독다가구,2024
성북구,13300,정릉동,2.0,20241107,월세,39.48,11000,10,1994.0,연립다세대,2024
성북구,11400,삼선동4가,,20241010,월세,23.0,1000,55,1999.0,단독다가구,2024
성북구,10900,동소문동6가,2.0,20240920,월세,45.25,0,230,2023.0,연립다세대,2024
성북구,13400,길음동,7.0,20241223,월세,59.92,40000,46,2010.0,아파트,2024
성북구,13900,석관동,1.0,20240913,월세,44.37,3000,90,2019.0,연립다세대,2024
성북구,12800,보문동6가,,20241007,월세,35.64,1000,45,1989.0,단독다가구,2024
성북구,13400,길음동,2.0,20240923,월세,33.28,2989,25,2010.0,아파트,2024
성북구,13400,길음동,2.0,20240923,월세,33.28,5643,10,2010.0,아파트,2024
성북구,13300,정릉동,,20241004,월세,92.61,5000,100,,단독다가구,2024
성북구,10100,성북동,,20241007,월세,37.72,1000,50,1967.0,단독다가구,2024
성북구,11900,동선동4가,,20241007,월세,37.75,15000,45,2018.0,단독다가구,2024
성북구,13800,장위동,,20240925,월세,34.0,0,34,1988.0,단독다가구,2024
성북구,13800,장위동,8.0,20240923,월세,32.22,10174,38,2017.0,아파트,2024
성북구,13800,장위동,8.0,20240923,월세,32.22,8139,42,2017.0,아파트,2024
성북구,13800,장위동,,20241007,월세,38.71,500,30,1971.0,단독다가구,2024
성북구,13700,상월곡동,,20241016,월세,19.83,300,55,1968.0,단독다가구,2024
성북구,13400,길음동,11.0,20241207,월세,84.95,40000,165,2019.0,아파트,2024
성북구,13400,길음동,14.0,20240926,월세,33.28,2989,25,2010.0,아파트,2024
성북구,13500,종암동,23.0,20241207,월세,84.99,58000,50,2011.0,아파트,2024
성북구,11800,동선동3가,,20241206,월세,49.0,1000,80,2007.0,단독다가구,2024
성북구,11800,동선동3가,,20241010,월세,30.0,300,30,1991.0,단독다가구,2024
성북구,13600,하월곡동,,20241007,월세,41.1,1500,65,1996.0,단독다가구,2024
성북구,10300,돈암동,18.0,20240904,월세,59.99,8550,120,2004.0,아파트,2024
성북구,11400,삼선동4가,,20241019,월세,21.89,2000,80,2013.0,단독다가구,2024
성북구,13900,석관동,-1.0,20241223,월세,25.7,500,40,1993.0,연립다세대,2024
성북구,13700,상월곡동,,20241022,월세,16.52,2000,45,2018.0,단독다가구,2024
성북구,13800,장위동,4.0,20241122,월세,22.47,500,125,2022.0,연립다세대,2024
성북구,13300,정릉동,,20241007,월세,45.36,1000,55,1994.0,단독다가구,2024
성북구,10300,돈암동,16.0,20240920,월세,84.59,30000,58,1999.0,아파트,2024
성북구,10300,돈암동,7.0,20240920,월세,39.147,5585,7,2016.0,아파트,2024
성북구,13900,석관동,-1.0,20240926,월세,29.65,500,45,1991.0,연립다세대,2024
성북구,13500,종암동,10.0,20241104,월세,114.698,10000,240,2005.0,아파트,2024
성북구,13900,석관동,,20241226,월세,32.0,2000,65,2020.0,단독다가구,2024
성북구,12100,안암동1가,,20241010,월세,36.68,1000,40,1990.0,단독다가구,2024
성북구,13500,종암동,,20241007,월세,53.55,1000,58,1994.0,단독다가구,2024
성북구,13400,길음동,,20241001,월세,40.13,1000,40,1990.0,단독다가구,2024
성북구,13300,정릉동,,20241007,월세,63.53,3000,40,1994.0,단독다가구,2024
성북구,13500,종암동,3.0,20240920,월세,84.99,10000,215,2011.0,아파트,2024
성북구,11100,삼선동1가,,20241010,월세,43.0,1000,55,1996.0,단독다가구,2024
성북구,13300,정릉동,1.0,20240923,월세,31.05,10200,30,2002.0,연립다세대,2024
성북구,13600,하월곡동,20.0,20240920,월세,84.589,4000,150,2006.0,아파트,2024
성북구,13600,하월곡동,,20241022,월세,24.0,500,25,1994.0,단독다가구,2024
성북구,13600,하월곡동,,20241007,월세,165.33,300,25,1991.0,단독다가구,2024
성북구,13300,정릉동,10.0,20240907,월세,84.853,45600,13,2007.0,아파트,2024
성북구,13800,장위동,,20241007,월세,199.52,500,35,1993.0,단독다가구,2024
성북구,13600,하월곡동,19.0,20241122,월세,15.55,1000,65,2013.0,아파트,2024
성북구,13500,종암동,14.0,20240907,월세,59.04,5000,140,1999.0,아파트,2024
성북구,13900,석관동,,20241223,월세,27.0,500,43,2012.0,단독다가구,2024
성북구,10900,동소문동6가,2.0,20240926,월세,28.47,12000,40,2003.0,오피스텔,2024
성북구,10300,돈암동,12.0,20240926,월세,59.861,5000,190,2016.0,아파트,2024
성북구,10300,돈암동,,20241016,월세,38.99,6500,10,1993.0,단독다가구,2024
성북구,13700,상월곡동,3.0,20241220,월세,100.53,1000,48,2002.0,연립다세대,2024
성북구,13400,길음동,11.0,20241002,월세,42.05,3499,22,2024.0,아파트,2024
성북구,10300,돈암동,,20241016,월세,40.0,7000,40,1994.0,단독다가구,2024
성북구,13900,석관동,13.0,20240907,월세,59.79,3000,100,1994.0,아파트,2024
성북구,13300,정릉동,,20240925,월세,39.67,500,30,1990.0,단독다가구,2024
성북구,10100,성북동,3.0,20240907,월세,29.16,5000,70,2018.0,연립다세대,2024
성북구,10300,돈암동,15.0,20241029,월세,84.87,40000,65,1998.0,아파트,2024
성북구,10300,돈암동,7.0,20241029,월세,132.96,40000,35,1998.0,아파트,2024
성북구,13400,길음동,,20241019,월세,40.0,1000,35,1991.0,단독다가구,2024
성북구,11700,동선동2가,2.0,20241011,월세,25.58,500,45,2001.0,연립다세대,2024
성북구,13300,정릉동,,20241001,월세,42.9,1000,60,1996.0,단독다가구,2024
성북구,11300,삼선동3가,4.0,20241125,월세,84.95,60000,40,2012.0,아파트,2024
성북구,13300,정릉동,,20241016,월세,44.08,7000,10,1992.0,단독다가구,2024
성북구,13900,석관동,6.0,20240923,월세,30.0,3864,16,2009.0,아파트,2024
성북구,13900,석관동,3.0,20240923,월세,30.0,7000,2,2009.0,아파트,2024
성북구,13900,석관동,3.0,20240923,월세,30.0,991,27,2009.0,아파트,2024
성북구,10100,성북동,,20241016,월세,45.0,10000,85,2018.0,단독다가구,2024
성북구,10100,성북동,,20241019,월세,43.0,6000,50,1996.0,단독다가구,2024
성북구,13800,장위동,6.0,20240923,월세,84.94,40000,84,2020.0,아파트,2024
성북구,11900,동선동4가,4.0,20241116,월세,12.12,1000,52,2014.0,연립다세대,2024
성북구,13800,장위동,5.0,20241125,월세,29.83,3000,80,2021.0,연립다세대,2024
성북구,11700,동선동2가,,20241019,월세,45.0,10000,52,2016.0,단독다가구,2024
성북구,13500,종암동,,20241206,월세,63.22,23000,4,1994.0,단독다가구,2024
성북구,13800,장위동,,20241001,월세,43.47,2000,45,1992.0,단독다가구,2024
성북구,13700,상월곡동,,20241206,월세,63.57,12000,20,1990.0,단독다가구,2024
성북구,13300,정릉동,1.0,20241011,월세,15.0,2000,26,2013.0,연립다세대,2024
성북구,11100,삼선동1가,,20241016,월세,50.0,3000,70,1987.0,단독다가구,2024
성북구,12500,안암동5가,4.0,20240907,월세,14.11,2000,42,2011.0,연립다세대,2024
성북구,13500,종암동,4.0,20241029,월세,50.05,10000,100,2016.0,연립다세대,2024
성북구,11800,동선동3가,,20241229,월세,24.5,1000,50,2007.0,단독다가구,2024
성북구,13400,길음동,8.0,20241217,월세,33.46,2848,5,2019.0,아파트,2024
성북구,13400,길음동,6.0,20241217,월세,33.46,2848,5,2019.0,아파트,2024
성북구,13400,길음동,6.0,20241217,월세,84.66,40000,180,2019.0,아파트,2024
성북구,13300,정릉동,4.0,20241101,월세,41.25,4870,19,2018.0,연립다세대,2024
성북구,13900,석관동,2.0,20241101,월세,26.17,0,80,2020.0,연립다세대,2024
성북구,13400,길음동,3.0,20241210,월세,30.61,1809,17,2005.0,아파트,2024
성북구,13400,길음동,6.0,20241210,월세,84.96,10000,160,2003.0,아파트,2024
성북구,11400,삼선동4가,,20241023,월세,23.14,500,35,1997.0,단독다가구,2024
성북구,13600,하월곡동,2.0,20241104,월세,33.347,1765,19,2008.0,아파트,2024
성북구,13600,하월곡동,6.0,20241107,월세,18.02,1000,65,2020.0,오피스텔,2024
성북구,12300,안암동3가,5.0,20241128,월세,177.57,3000,50,1983.0,아파트,2024
성북구,13900,석관동,1.0,20241122,월세,114.97,37000,90,2009.0,아파트,2024
성북구,10100,성북동,,20241026,월세,13.79,2000,20,1985.0,단독다가구,2024
성북구,12100,안암동1가,2.0,20241113,월세,59.698,5000,150,2005.0,아파트,2024
성북구,13600,하월곡동,,20241026,월세,15.0,1000,35,2019.0,단독다가구,2024
성북구,11100,삼선동1가,1.0,20241017,월세,45.99,11700,30,1993.0,연립다세대,2024
성북구,13600,하월곡동,14.0,20241217,월세,84.589,5000,150,2006.0,아파트,2024
성북구,13400,길음동,16.0,20241005,월세,59.77,40000,15,2005.0,아파트,2024
성북구,13300,정릉동,13.0,20241005,월세,59.59,3000,125,1999.0,아파트,2024
성북구,13300,정릉동,2.0,20241014,월세,53.53,12800,15,1991.0,연립다세대,2024
성북구,11500,삼선동5가,,20241020,월세,44.94,2000,50,1997.0,단독다가구,2024
성북구,11000,동소문동7가,6.0,20240907,월세,59.91,20000,90,2004.0,아파트,2024
성북구,13500,종암동,,20240925,월세,45.2,13000,31,,단독다가구,2024
성북구,13800,장위동,,20241010,월세,54.54,100,15,1958.0,단독다가구,2024
성북구,12100,안암동1가,3.0,20241122,월세,41.51,10000,45,2001.0,연립다세대,2024
성북구,11900,동선동4가,7.0,20241029,월세,19.83,3400,57,2012.0,오피스텔,2024
성북구,10700,동소문동4가,,20241026,월세,18.0,3000,20,2008.0,단독다가구,2024
성북구,10300,돈암동,15.0,20241104,월세,59.99,5000,150,2004.0,아파트,2024
성북구,10100,성북동,,20241023,월세,29.68,9000,59,2020.0,단독다가구,2024
성북구,13500,종암동,24.0,20240929,월세,84.99,55500,50,2011.0,아파트,2024
성북구,13900,석관동,3.0,20241113,월세,27.56,3000,80,2021.0,연립다세대,2024
성북구,13700,상월곡동,13.0,20241002,월세,31.59,1269,16,2003.0,아파트,2024
성북구,10100,성북동,1.0,20241119,월세,84.5,9000,150,1998.0,연립다세대,2024
성북구,12500,안암동5가,,20241026,월세,19.5,1000,60,2009.0,단독다가구,2024
성북구,10100,성북동,,20241023,월세,32.0,1000,40,1993.0,단독다가구,2024
성북구,10900,동소문동6가,14.0,20240920,월세,23.34,2000,100,2012.0,아파트,2024
성북구,13300,정릉동,-1.0,20240907,월세,46.44,500,50,1991.0,연립다세대,2024
성북구,10900,동소문동6가,,20241020,월세,58.32,1000,60,1991.0,단독다가구,2024
성북구,13600,하월곡동,,20241020,월세,59.23,3000,60,2002.0,단독다가구,2024
성북구,13900,석관동,,20241229,월세,32.0,300,27,1991.0,단독다가구,2024
성북구,13300,정릉동,3.0,20241113,월세,28.78,19000,5,2022.0,연립다세대,2024
성북구,13100,보문동2가,,20240904,월세,19.0,500,32,2008.0,단독다가구,2024
성북구,13300,정릉동,12.0,20241104,월세,59.26,3000,80,1999.0,아파트,2024
성북구,13500,종암동,,20240904,월세,19.5,300,46,1997.0,단독다가구,2024
성북구,13800,장위동,,20241226,월세,178.47,13000,40,1973.0,단독다가구,2024
성북구,13400,길음동,5.0,20241002,월세,17.83,2000,35,2014.0,연립다세대,2024
성북구,11100,삼선동1가,,20241029,월세,18.0,1000,48,2002.0,단독다가구,2024
성북구,12500,안암동5가,,20241026,월세,23.0,1000,70,2019.0,단독다가구,2024
성북구,13300,정릉동,3.0,20241119,월세,42.3,10000,54,2017.0,연립다세대,2024
성북구,13300,정릉동,2.0,20241116,월세,16.076,1070,69,2023.0,연립다세대,2024
성북구,13900,석관동,5.0,20241223,월세,59.98,10000,150,2019.0,아파트,2024
성북구,13600,하월곡동,,20241020,월세,178.9,3000,60,2002.0,단독다가구,2024
성북구,13600,하월곡동,2.0,20241119,월세,29.92,21000,5,2023.0,연립다세대,2024
성북구,13600,하월곡동,5.0,20241204,월세,15.62,1000,65,2013.0,아파트,2024
성북구,10300,돈암동,2.0,20241005,월세,59.4,25000,45,1999.0,아파트,2024
성북구,13200,보문동3가,,20241023,월세,40.0,2000,70,1997.0,단독다가구,2024
성북구,12500,안암동5가,4.0,20241227,월세,18.54,1000,56,2012.0,연립다세대,2024
성북구,13500,종암동,,20240904,월세,24.06,1000,85,2022.0,단독다가구,2024
성북구,12000,동선동5가,,20240907,월세,16.0,1000,47,2008.0,단독다가구,2024
성북구,13800,장위동,2.0,20241002,월세,36.14,11822,30,2020.0,아파트,2024
성북구,11900,동선동4가,2.0,20241227,월세,75.38,500,75,2003.0,연립다세대,2024
성북구,10100,성북동,,20241101,월세,20.02,5000,60,2020.0,단독다가구,2024
성북구,10800,동소문동5가,,20241029,월세,20.0,500,43,1999.0,단독다가구,2024
성북구,13700,상월곡동,6.0,20241005,월세,59.95,14000,85,2003.0,아파트,2024
성북구,11700,동선동2가,,20240907,월세,18.0,3000,46,2014.0,단독다가구,2024
성북구,13500,종암동,5.0,20241125,월세,66.84,25000,25,2003.0,아파트,2024
성북구,11200,삼선동2가,3.0,20241021,월세,17.16,500,55,2018.0,연립다세대,2024
성북구,13500,종암동,2.0,20241005,월세,40.13,3000,110,2021.0,연립다세대,2024
성북구,13300,정릉동,3.0,20241116,월세,114.75,40000,60,2005.0,아파트,2024
성북구,13900,석관동,16.0,20241005,월세,84.9,10000,130,1998.0,아파트,2024
성북구,13100,보문동2가,,20241026,월세,30.0,1000,65,1994.0,단독다가구,2024
성북구,11700,동선동2가,,20241029,월세,21.0,3000,50,2014.0,단독다가구,2024
성북구,13400,길음동,9.0,20241008,월세,84.049,30000,120,2007.0,아파트,2024
성북구,10100,성북동,,20241101,월세,24.75,2000,50,1998.0,단독다가구,2024
성북구,13400,길음동,32.0,20241008,월세,39.78,3320,21,2024.0,아파트,2024
성북구,13400,길음동,31.0,20241008,월세,42.05,3499,22,2024.0,아파트,2024
성북구,13900,석관동,3.0,20241227,월세,27.23,17300,10,2019.0,연립다세대,2024
성북구,13400,길음동,31.0,20241008,월세,42.05,5866,9,2024.0,아파트,2024
성북구,13900,석관동,2.0,20241207,월세,33.15,5000,50,2003.0,오피스텔,2024
성북구,13900,석관동,7.0,20241207,월세,33.15,3000,60,2003.0,오피스텔,2024
성북구,12800,보문동6가,5.0,20240923,월세,29.96,10720,39,2017.0,아파트,2024
성북구,11900,동선동4가,,20240907,월세,21.0,1000,50,1967.0,단독다가구,2024
성북구,13600,하월곡동,21.0,20241113,월세,114.93,10000,230,2007.0,아파트,2024
성북구,13600,하월곡동,4.0,20241113,월세,27.09,5000,100,2022.0,오피스텔,2024
성북구,10300,돈암동,3.0,20241210,월세,80.54,45000,35,2003.0,아파트,2024
성북구,13800,장위동,,20240922,월세,209.82,10000,30,1971.0,단독다가구,2024
성북구,13500,종암동,9.0,20241005,월세,84.99,40000,120,2011.0,아파트,2024
성북구,13500,종암동,13.0,20241005,월세,84.99,10000,190,2011.0,아파트,2024
성북구,12300,안암동3가,,20241023,월세,53.04,2000,70,1996.0,단독다가구,2024
성북구,13100,보문동2가,5.0,20241021,월세,17.09,5000,52,2014.0,연립다세대,2024
성북구,12100,안암동1가,,20241101,월세,29.28,1000,55,1992.0,단독다가구,2024
성북구,13800,장위동,,20240904,월세,37.7,300,37,,단독다가구,2024
성북구,10800,동소문동5가,15.0,20240920,월세,14.022,17500,15,2018.0,아파트,2024
성북구,13600,하월곡동,7.0,20241011,월세,84.73,20000,110,2010.0,아파트,2024
성북구,11700,동선동2가,,20241101,월세,30.0,2000,80,,단독다가구,2024
성북구,13800,장위동,1.0,20241107,월세,33.2,300,15,1994.0,연립다세대,2024
성북구,13800,장위동,3.0,20241116,월세,71.34,3500,50,1982.0,연립다세대,2024
성북구,13800,장위동,4.0,20241113,월세,53.67,9500,23,1998.0,연립다세대,2024
성북구,13400,길음동,,20241029,월세,28.0,500,30,1990.0,단독다가구,2024
성북구,11000,동소문동7가,11.0,20240913,월세,59.91,11000,140,2004.0,아파트,2024
성북구,13300,정릉동,,20241026,월세,38.0,1500,40,1993.0,단독다가구,2024
성북구,10700,동소문동4가,5.0,20241119,월세,17.5,2000,60,2013.0,연립다세대,2024
성북구,13300,정릉동,2.0,20241128,월세,29.69,13480,16,2017.0,연립다세대,2024
성북구,12100,안암동1가,,20241026,월세,40.0,1500,76,2017.0,단독다가구,2024
성북구,10100,성북동,-1.0,20241128,월세,29.31,19000,4,2021.0,연립다세대,2024
성북구,12200,안암동2가,4.0,20241119,월세,36.98,5000,60,2003.0,연립다세대,2024
성북구,12700,보문동5가,,20240904,월세,47.52,3000,60,1992.0,단독다가구,2024
성북구,13400,길음동,4.0,20241227,월세,16.45,7600,18,2007.0,연립다세대,2024
성북구,13500,종암동,,20240904,월세,47.84,9000,20,1993.0,단독다가구,2024
성북구,13300,정릉동,3.0,20240920,월세,29.8,3000,60,2013.0,연립다세대,2024
성북구,13800,장위동,,20241101,월세,35.0,500,25,1989.0,단독다가구,2024
성북구,13900,석관동,,20241026,월세,41.63,1000,50,1994.0,단독다가구,2024
성북구,12200,안암동2가,,20241026,월세,41.7,9000,30,1994.0,단독다가구,2024
성북구,13400,길음동,26.0,20241210,월세,59.9,35000,120,2019.0,아파트,2024
성북구,13600,하월곡동,3.0,20241017,월세,84.73,30000,64,2010.0,아파트,2024
성북구,10300,돈암동,8.0,20241014,월세,84.88,5000,163,2014.0,아파트,2024
성북구,13900,석관동,,20240904,월세,63.01,3000,40,1966.0,단독다가구,2024
성북구,13300,정릉동,1.0,20241011,월세,72.2,15000,20,1980.0,연립다세대,2024
성북구,13400,길음동,9.0,20241213,월세,33.46,2903,4,2019.0,아파트,2024
성북구,10300,돈암동,,20241010,월세,72.65,20000,5,2008.0,단독다가구,2024
성북구,11500,삼선동5가,13.0,20241108,월세,27.69,1000,70,2003.0,오피스텔,2024
성북구,13900,석관동,4.0,20241008,월세,59.97,20000,80,1998.0,아파트,2024
성북구,13400,길음동,3.0,20241128,월세,81.22,1000,40,1975.0,아파트,2024
성북구,10700,동소문동4가,5.0,20241125,월세,13.32,1000,53,2013.0,연립다세대,2024
성북구,10300,돈암동,13.0,20241116,월세,113.67,10000,200,1998.0,아파트,2024
성북구,12400,안암동4가,2.0,20241030,월세,12.68,2000,39,2011.0,연립다세대,2024
성북구,13900,석관동,,20240908,월세,53.82,1000,53,1985.0,단독다가구,2024
성북구,13800,장위동,4.0,20241213,월세,39.9,9856,36,2021.0,아파트,2024
성북구,13800,장위동,9.0,20241213,월세,39.9,11168,30,2021.0,아파트,2024
성북구,13800,장위동,1.0,20241213,월세,39.9,11168,30,2021.0,아파트,2024
성북구,11900,동선동4가,15.0,20241217,월세,21.05,10000,31,2011.0,오피스텔,2024
성북구,13700,상월곡동,3.0,20240920,월세,30.0,1000,100,2019.0,연립다세대,2024
성북구,13700,상월곡동,2.0,20241011,월세,31.59,2897,7,2003.0,아파트,2024
성북구,13600,하월곡동,10.0,20241114,월세,26.68,500,90,2022.0,연립다세대,2024
성북구,11800,동선동3가,,20240913,월세,18.0,1000,35,1996.0,단독다가구,2024
성북구,13500,종암동,,20241110,월세,33.0,1000,100,1992.0,단독다가구,2024
성북구,13400,길음동,1.0,20241108,월세,59.99,15000,90,2005.0,아파트,2024
성북구,13300,정릉동,2.0,20241128,월세,21.45,2000,90,2022.0,연립다세대,2024
성북구,12800,보문동6가,8.0,20241217,월세,29.96,11681,43,2017.0,아파트,2024
성북구,12800,보문동6가,11.0,20241217,월세,29.96,10124,37,2017.0,아파트,2024
성북구,12800,보문동6가,6.0,20241217,월세,29.96,12216,32,2017.0,아파트,2024
성북구,12800,보문동6가,6.0,20241217,월세,29.96,10011,27,2017.0,아파트,2024
성북구,13400,길음동,6.0,20241108,월세,84.99,50000,41,2010.0,아파트,2024
성북구,11100,삼선동1가,,20241212,월세,53.51,8000,30,1996.0,단독다가구,2024
성북구,10900,동소문동6가,5.0,20241204,월세,18.3,1000,82,2015.0,오피스텔,2024
성북구,13800,장위동,12.0,20241108,월세,103.526,30000,130,2008.0,아파트,2024
성북구,13600,하월곡동,3.0,20241108,월세,59.65,15000,80,2010.0,아파트,2024
성북구,12500,안암동5가,,20240913,월세,20.0,5000,45,2019.0,단독다가구,2024
성북구,11800,동선동3가,2.0,20241008,월세,49.89,5000,100,2015.0,아파트,2024
성북구,13700,상월곡동,4.0,20241017,월세,84.97,20000,100,2003.0,아파트,2024
성북구,13300,정릉동,3.0,20241021,월세,29.45,2000,80,2016.0,연립다세대,2024
성북구,13700,상월곡동,11.0,20241014,월세,84.97,30000,48,2003.0,아파트,2024
성북구,13300,정릉동,3.0,20241113,월세,29.94,17800,5,2018.0,연립다세대,2024
성북구,13400,길음동,6.0,20241002,월세,59.94,1000,20,1998.0,아파트,2024
성북구,13600,하월곡동,15.0,20241011,월세,114.678,10000,125,2006.0,아파트,2024
성북구,11900,동선동4가,9.0,20241220,월세,22.85,1000,72,2017.0,오피스텔,2024
성북구,13600,하월곡동,7.0,20241122,월세,84.843,35000,45,2003.0,아파트,2024
성북구,13900,석관동,,20240913,월세,30.0,500,40,1994.0,단독다가구,2024
성북구,13400,길음동,16.0,20241021,월세,84.97,6000,180,2005.0,아파트,2024
성북구,13800,장위동,8.0,20240909,월세,33.036,13000,45,2020.0,아파트,2024
성북구,13400,길음동,4.0,20241021,월세,34.883,3014,8,2003.0,아파트,2024
성북구,13400,길음동,6.0,20241021,월세,30.876,4993,11,2008.0,아파트,2024
성북구,13400,길음동,8.0,20241021,월세,30.876,4993,11,2008.0,아파트,2024
성북구,13400,길음동,7.0,20241021,월세,30.876,4993,11,2008.0,아파트,2024
성북구,10200,성북동1가,6.0,20241116,월세,17.42,1000,73,2015.0,오피스텔,2024
성북구,13400,길음동,14.0,20241005,월세,84.13,10000,150,1998.0,아파트,2024
성북구,13600,하월곡동,14.0,20241119,월세,33.19,1781,20,2008.0,아파트,2024
성북구,13300,정릉동,5.0,20241005,월세,27.8,5000,50,2015.0,연립다세대,2024
성북구,13600,하월곡동,8.0,20241119,월세,18.02,5000,40,2020.0,오피스텔,2024
성북구,13800,장위동,4.0,20241005,월세,73.28,500,30,2003.0,연립다세대,2024
성북구,13300,정릉동,6.0,20241005,월세,43.52,6000,85,2017.0,연립다세대,2024
성북구,13100,보문동2가,2.0,20240929,월세,31.115,1000,80,2002.0,연립다세대,2024
성북구,13400,길음동,12.0,20241102,월세,84.96,40000,60,2003.0,아파트,2024
성북구,11100,삼선동1가,,20240913,월세,36.0,500,40,1985.0,단독다가구,2024
성북구,13400,길음동,2.0,20241102,월세,84.97,15000,160,2005.0,아파트,2024
성북구,13400,길음동,10.0,20241102,월세,59.99,22000,110,2010.0,아파트,2024
성북구,13400,길음동,25.0,20241102,월세,59.98,10000,159,2010.0,아파트,2024
성북구,13600,하월곡동,,20241116,월세,14.0,4000,25,2017.0,단독다가구,2024
성북구,13800,장위동,27.0,20241014,월세,84.94,10000,95,2020.0,아파트,2024
성북구,13300,정릉동,3.0,20240920,월세,19.7,7406,10,2020.0,연립다세대,2024
성북구,13300,정릉동,3.0,20240920,월세,19.7,4772,7,2020.0,연립다세대,2024
성북구,13300,정릉동,2.0,20240920,월세,19.7,4702,7,2020.0,연립다세대,2024
성북구,13300,정릉동,1.0,20240920,월세,22.26,3240,30,2020.0,연립다세대,2024
성북구,13300,정릉동,1.0,20240920,월세,26.39,6343,9,2020.0,연립다세대,2024
성북구,13300,정릉동,4.0,20240920,월세,26.39,4681,17,2020.0,연립다세대,2024
성북구,11100,삼선동1가,,20241116,월세,16.5,1000,45,1976.0,단독다가구,2024
성북구,10300,돈암동,15.0,20241122,월세,117.16,20000,180,2005.0,아파트,2024
성북구,11700,동선동2가,3.0,20241102,월세,25.31,6000,25,2000.0,연립다세대,2024
성북구,13500,종암동,6.0,20241113,월세,30.336,1606,18,2007.0,아파트,2024
성북구,13600,하월곡동,13.0,20241005,월세,79.248,10000,128,2004.0,아파트,2024
성북구,12600,보문동4가,2.0,20241223,월세,21.84,10000,31,1972.0,오피스텔,2024
성북구,13400,길음동,22.0,20241030,월세,84.94,2000,210,2010.0,아파트,2024
성북구,13800,장위동,8.0,20241030,월세,84.48,50000,60,2022.0,아파트,2024
성북구,13600,하월곡동,,20241116,월세,44.21,3000,90,2020.0,단독다가구,2024
성북구,13100,보문동2가,1.0,20241008,월세,12.32,1000,42,2012.0,연립다세대,2024
성북구,13500,종암동,,20241116,월세,46.11,5000,50,1999.0,단독다가구,2024
성북구,10800,동소문동5가,7.0,20241005,월세,14.022,1000,86,2018.0,아파트,2024
성북구,13300,정릉동,14.0,20240923,월세,84.97,18900,80,2009.0,아파트,2024
성북구,13500,종암동,18.0,20241108,월세,114.98,18000,210,2011.0,아파트,2024
성북구,10300,돈암동,12.0,20241111,월세,80.54,37000,75,2003.0,아파트,2024
성북구,13400,길음동,5.0,20240909,월세,32.36,1235,28,2010.0,아파트,2024
성북구,13500,종암동,6.0,20240926,월세,59.675,27000,65,2005.0,아파트,2024
성북구,13600,하월곡동,8.0,20240923,월세,18.02,1000,65,2020.0,오피스텔,2024
성북구,10300,돈암동,2.0,20240909,월세,34.35,4163,6,2014.0,아파트,2024
성북구,13400,길음동,15.0,20241024,월세,114.88,40000,120,2005.0,아파트,2024
성북구,13500,종암동,4.0,20241207,월세,59.61,10000,135,2005.0,아파트,2024
성북구,13600,하월곡동,7.0,20240909,월세,84.73,25000,110,2010.0,아파트,2024
성북구,13400,길음동,3.0,20241024,월세,68.14,4500,130,1988.0,아파트,2024
성북구,11900,동선동4가,15.0,20241210,월세,21.77,12500,11,2011.0,오피스텔,2024
성북구,13300,정릉동,4.0,20240909,월세,37.53,1200,10,2007.0,연립다세대,2024
성북구,13300,정릉동,4.0,20240923,월세,21.986,1460,70,2023.0,연립다세대,2024
성북구,11900,동선동4가,9.0,20241021,월세,29.98,25500,16,2017.0,연립다세대,2024
성북구,13900,석관동,,20241116,월세,63.0,3000,65,1992.0,단독다가구,2024
성북구,13900,석관동,3.0,20241217,월세,27.39,17000,15,2018.0,연립다세대,2024
성북구,13800,장위동,3.0,20240923,월세,54.08,3130,17,2018.0,연립다세대,2024
성북구,13400,길음동,11.0,20241108,월세,84.975,30000,180,2022.0,아파트,2024
성북구,13700,상월곡동,8.0,20241105,월세,59.95,3000,130,2003.0,아파트,2024
성북구,13700,상월곡동,1.0,20241105,월세,31.59,2417,7,2003.0,아파트,2024
성북구,13800,장위동,1.0,20240923,월세,49.33,6408,4,2006.0,아파트,2024
성북구,12800,보문동6가,7.0,20241213,월세,45.81,5000,140,2017.0,아파트,2024
성북구,13300,정릉동,7.0,20240923,월세,59.98,30000,65,2008.0,아파트,2024
성북구,13900,석관동,5.0,20241105,월세,54.55,5000,100,1998.0,아파트,2024
성북구,13900,석관동,8.0,20241105,월세,59.97,17500,90,1998.0,아파트,2024
성북구,10800,동소문동5가,14.0,20241220,월세,14.022,1000,84,2018.0,아파트,2024
성북구,13800,장위동,2.0,20241207,월세,56.19,20000,4,2016.0,연립다세대,2024
성북구,13800,장위동,3.0,20240923,월세,29.85,3000,80,2022.0,연립다세대,2024
성북구,12800,보문동6가,12.0,20241011,월세,29.96,11705,30,2017.0,아파트,2024
성북구,13800,장위동,16.0,20241021,월세,59.99,25000,65,2020.0,아파트,2024
성북구,13500,종암동,3.0,20241207,월세,20.65,4000,53,2016.0,연립다세대,2024
성북구,13100,보문동2가,3.0,20241213,월세,23.05,1000,60,2009.0,연립다세대,2024
성북구,13900,석관동,,20241125,월세,33.0,3000,35,1992.0,단독다가구,2024
성북구,11900,동선동4가,4.0,20241102,월세,29.79,1000,110,,오피스텔,2024
성북구,11900,동선동4가,8.0,20241210,월세,19.32,1000,60,2017.0,오피스텔,2024
성북구,11400,삼선동4가,10.0,20241202,월세,29.8,5000,65,2014.0,오피스텔,2024
성북구,13800,장위동,1.0,20240926,월세,37.2,2000,45,1992.0,연립다세대,2024
성북구,13600,하월곡동,1.0,20241105,월세,84.589,40000,45,2006.0,아파트,2024
성북구,10300,돈암동,5.0,20241024,월세,41.58,2000,80,1991.0,아파트,2024
성북구,10300,돈암동,3.0,20241024,월세,41.58,1000,90,1991.0,아파트,2024
성북구,13600,하월곡동,8.0,20240926,월세,84.843,20000,130,2003.0,아파트,2024
성북구,13800,장위동,2.0,20241011,월세,48.75,1000,52,1992.0,연립다세대,2024
성북구,13500,종암동,13.0,20241102,월세,84.95,30000,86,2004.0,아파트,2024
성북구,13000,보문동1가,10.0,20241014,월세,59.791,30000,132,2022.0,아파트,2024
성북구,13300,정릉동,5.0,20241120,월세,59.64,7086,15,2021.0,연립다세대,2024
성북구,13400,길음동,2.0,20241227,월세,59.998,19000,100,2003.0,아파트,2024
성북구,10300,돈암동,19.0,20241227,월세,84.94,30000,106,2014.0,아파트,2024
성북구,11100,삼선동1가,2.0,20240920,월세,46.54,15000,25,1995.0,연립다세대,2024
성북구,13500,종암동,19.0,20240909,월세,59.98,20000,150,2011.0,아파트,2024
성북구,13400,길음동,12.0,20241102,월세,84.975,15000,250,2022.0,아파트,2024
성북구,12700,보문동5가,6.0,20241220,월세,31.4,3000,130,2022.0,오피스텔,2024
성북구,12700,보문동5가,8.0,20241220,월세,37.9,3000,150,2022.0,오피스텔,2024
성북구,13300,정릉동,14.0,20240929,월세,59.98,5000,120,2004.0,아파트,2024
성북구,13300,정릉동,13.0,20240926,월세,84.09,17000,110,2005.0,아파트,2024
성북구,10100,성북동,2.0,20241123,월세,23.5,5000,80,2022.0,연립다세대,2024
성북구,13600,하월곡동,7.0,20241210,월세,79.248,10000,140,2004.0,아파트,2024
성북구,13800,장위동,14.0,20241011,월세,18.03,1000,65,2019.0,오피스텔,2024
성북구,13900,석관동,9.0,20241024,월세,30.0,5044,10,2009.0,아파트,2024
성북구,13900,석관동,3.0,20241008,월세,43.79,23000,10,2022.0,연립다세대,2024
성북구,13500,종암동,6.0,20241024,월세,59.99,3000,160,2004.0,아파트,2024
성북구,13900,석관동,2.0,20241014,월세,43.89,1000,80,2008.0,연립다세대,2024
성북구,13300,정릉동,3.0,20240926,월세,57.87,3000,115,2022.0,연립다세대,2024
성북구,13800,장위동,2.0,20241223,월세,55.92,14000,25,2002.0,연립다세대,2024
성북구,13600,하월곡동,10.0,20241002,월세,59.98,0,200,2007.0,아파트,2024
성북구,10300,돈암동,2.0,20240923,월세,32.49,541,6,1998.0,아파트,2024
성북구,13600,하월곡동,1.0,20241005,월세,84.88,48000,11,2007.0,아파트,2024
성북구,13500,종암동,,20241102,월세,79.34,4000,70,1958.0,단독다가구,2024
성북구,13700,상월곡동,4.0,20240929,월세,29.98,16500,41,2019.0,연립다세대,2024
성북구,13600,하월곡동,10.0,20241207,월세,59.855,10000,130,2003.0,아파트,2024
성북구,13300,정릉동,,20240920,월세,21.0,2000,40,1966.0,단독다가구,2024
성북구,11600,동선동1가,6.0,20241223,월세,14.08,3000,60,2014.0,연립다세대,2024
성북구,12800,보문동6가,,20240909,월세,12.0,500,40,1994.0,단독다가구,2024
성북구,11400,삼선동4가,6.0,20241014,월세,37.24,11000,140,2024.0,오피스텔,2024
성북구,13700,상월곡동,,20241212,월세,61.54,6000,10,1989.0,단독다가구,2024
성북구,13300,정릉동,16.0,20240914,월세,43.11,3000,80,2001.0,아파트,2024
성북구,13800,장위동,4.0,20241005,월세,39.975,7000,100,2022.0,아파트,2024
성북구,13300,정릉동,1.0,20241005,월세,84.09,10000,150,2005.0,아파트,2024
성북구,10200,성북동1가,7.0,20240923,월세,17.42,1000,70,2015.0,오피스텔,2024
성북구,10700,동소문동4가,8.0,20240909,월세,38.21,2000,95,2003.0,오피스텔,2024
성북구,12500,안암동5가,,20241110,월세,45.0,1000,95,1994.0,단독다가구,2024
성북구,10300,돈암동,19.0,20241227,월세,84.817,5000,153,2006.0,아파트,2024
성북구,10200,성북동1가,2.0,20241202,월세,81.55,29000,30,1998.0,연립다세대,2024
성북구,13700,상월곡동,11.0,20240914,월세,59.95,5000,130,2003.0,아파트,2024
성북구,10700,동소문동4가,3.0,20241011,월세,18.48,1000,60,2013.0,연립다세대,2024
성북구,13300,정릉동,2.0,20241220,월세,52.65,100,50,1992.0,연립다세대,2024
성북구,10900,동소문동6가,5.0,20241210,월세,18.3,1000,82,2015.0,오피스텔,2024
성북구,13200,보문동3가,6.0,20240929,월세,59.65,42000,50,2003.0,아파트,2024
성북구,13600,하월곡동,,20240923,월세,18.0,200,39,1999.0,단독다가구,2024
성북구,13900,석관동,6.0,20241017,월세,84.92,6000,185,2011.0,아파트,2024
성북구,13900,석관동,,20240920,월세,41.04,7000,30,1967.0,단독다가구,2024
성북구,11400,삼선동4가,6.0,20241114,월세,37.09,5000,170,2024.0,오피스텔,2024
성북구,13500,종암동,,20240923,월세,20.0,1000,50,2005.0,단독다가구,2024
성북구,13500,종암동,,20240923,월세,20.0,1000,70,2021.0,단독다가구,2024
성북구,12500,안암동5가,3.0,20241123,월세,12.21,1000,71,2011.0,연립다세대,2024
성북구,12800,보문동6가,4.0,20241030,월세,29.96,11705,30,2017.0,아파트,2024
성북구,10900,동소문동6가,15.0,20241030,월세,14.18,16000,19,2012.0,아파트,2024
성북구,12800,보문동6가,19.0,20241111,월세,72.96,38000,70,2017.0,아파트,2024
성북구,13100,보문동2가,2.0,20241111,월세,23.05,1000,60,2009.0,연립다세대,2024
성북구,13600,하월곡동,5.0,20241108,월세,28.69,2000,75,2007.0,오피스텔,2024
성북구,11900,동선동4가,5.0,20241217,월세,12.02,1000,53,2014.0,연립다세대,2024
성북구,13900,석관동,2.0,20240926,월세,26.14,3000,80,2020.0,연립다세대,2024
성북구,11400,삼선동4가,15.0,20241108,월세,37.09,37800,6,2024.0,오피스텔,2024
성북구,12500,안암동5가,,20240923,월세,24.0,500,47,1997.0,단독다가구,2024
성북구,13500,종암동,12.0,20241207,월세,59.04,5000,140,1999.0,아파트,2024
성북구,13400,길음동,8.0,20241123,월세,59.99,10000,165,2010.0,아파트,2024
성북구,13800,장위동,,20240920,월세,56.99,14000,5,,단독다가구,2024
성북구,13400,길음동,9.0,20241120,월세,84.82,55650,55,2010.0,아파트,2024
성북구,13400,길음동,10.0,20241030,월세,59.94,10000,100,1998.0,아파트,2024
성북구,10800,동소문동5가,17.0,20240909,월세,14.093,5000,65,2018.0,아파트,2024
성북구,13300,정릉동,3.0,20241017,월세,43.46,1000,100,2018.0,연립다세대,2024
성북구,13800,장위동,23.0,20241120,월세,59.35,5000,180,2017.0,아파트,2024
성북구,13900,석관동,6.0,20241210,월세,25.88,3000,70,2018.0,연립다세대,2024
성북구,13900,석관동,4.0,20241024,월세,33.15,4000,48,2003.0,오피스텔,2024
성북구,13400,길음동,,20241117,월세,20.0,1000,45,1968.0,단독다가구,2024
성북구,10100,성북동,3.0,20241030,월세,55.11,30000,50,2020.0,연립다세대,2024
성북구,10800,동소문동5가,11.0,20241210,월세,16.67,3000,83,2017.0,아파트,2024
성북구,13400,길음동,8.0,20241126,월세,30.61,3646,7,2005.0,아파트,2024
성북구,13400,길음동,12.0,20241126,월세,30.61,1809,17,2005.0,아파트,2024
성북구,13400,길음동,2.0,20241129,월세,59.99,10000,100,2003.0,아파트,2024
성북구,13400,길음동,10.0,20241129,월세,84.97,5000,150,2005.0,아파트,2024
성북구,13400,길음동,23.0,20241126,월세,84.82,30000,170,2010.0,아파트,2024
성북구,11300,삼선동3가,,20240926,월세,15.0,300,42,1983.0,단독다가구,2024
성북구,11000,동소문동7가,8.0,20241005,월세,59.91,5000,170,2004.0,아파트,2024
성북구,10700,동소문동4가,6.0,20241223,월세,17.5,1000,55,2013.0,연립다세대,2024
성북구,10300,돈암동,16.0,20241011,월세,59.99,10000,120,2004.0,아파트,2024
성북구,10900,동소문동6가,13.0,20241108,월세,14.02,15000,25,2015.0,아파트,2024
성북구,13800,장위동,2.0,20241021,월세,58.18,3500,60,2005.0,연립다세대,2024
성북구,11700,동선동2가,,20241213,월세,24.0,1000,63,1996.0,단독다가구,2024
성북구,13900,석관동,13.0,20241102,월세,59.9,40000,40,2009.0,아파트,2024
성북구,13300,정릉동,2.0,20241126,월세,19.8,500,60,2016.0,연립다세대,2024
성북구,10900,동소문동6가,15.0,20241021,월세,14.02,14500,22,2015.0,아파트,2024
성북구,13600,하월곡동,4.0,20241210,월세,27.48,21000,10,2021.0,연립다세대,2024
성북구,13300,정릉동,4.0,20241002,월세,72.6,4000,73,1997.0,연립다세대,2024
성북구,13300,정릉동,16.0,20241011,월세,84.91,10000,100,2000.0,아파트,2024
성북구,13300,정릉동,11.0,20241011,월세,59.88,20000,55,2005.0,아파트,2024
성북구,10900,동소문동6가,,20240926,월세,21.45,1000,55,2011.0,단독다가구,2024
성북구,12500,안암동5가,,20240926,월세,23.1,5000,60,2009.0,단독다가구,2024
성북구,13600,하월곡동,9.0,20241017,월세,33.347,4942,9,2008.0,아파트,2024
성북구,13500,종암동,1.0,20241223,월세,16.75,3000,50,2016.0,연립다세대,2024
성북구,13500,종암동,,20240926,월세,26.0,1000,80,2019.0,단독다가구,2024
성북구,13500,종암동,4.0,20241113,월세,29.85,5500,120,2024.0,연립다세대,2024
성북구,11400,삼선동4가,14.0,20241030,월세,17.72,23000,5,2024.0,오피스텔,2024
성북구,11400,삼선동4가,14.0,20241030,월세,17.72,20000,10,2024.0,오피스텔,2024
성북구,11400,삼선동4가,2.0,20241030,월세,37.24,30000,35,2024.0,오피스텔,2024
성북구,12200,안암동2가,,20240926,월세,27.0,1000,65,2002.0,단독다가구,2024
성북구,11500,삼선동5가,,20240923,월세,48.51,6000,50,1992.0,단독다가구,2024
성북구,13300,정릉동,1.0,20241011,월세,84.682,30000,80,2005.0,아파트,2024
성북구,13300,정릉동,5.0,20241207,월세,29.69,1000,100,2021.0,연립다세대,2024
성북구,13800,장위동,3.0,20241011,월세,29.08,1000,100,2021.0,연립다세대,2024
성북구,12800,보문동6가,,20240923,월세,49.62,1000,50,1995.0,단독다가구,2024
성북구,10300,돈암동,9.0,20241123,월세,59.38,20000,90,2007.0,아파트,2024
성북구,10900,동소문동6가,,20240923,월세,49.85,500,45,1985.0,단독다가구,2024
성북구,13400,길음동,,20240923,월세,52.6,3000,55,1966.0,단독다가구,2024
성북구,13500,종암동,7.0,20241021,월세,59.675,2000,160,2005.0,아파트,2024
성북구,10900,동소문동6가,4.0,20241117,월세,29.98,20500,14,2011.0,연립다세대,2024
성북구,12500,안암동5가,,20241205,월세,19.0,500,45,,단독다가구,2024
성북구,13900,석관동,12.0,20241123,월세,59.97,5000,130,1998.0,아파트,2024
성북구,13800,장위동,4.0,20241011,월세,50.98,1000,60,2003.0,연립다세대,2024
성북구,13400,길음동,,20241002,월세,19.0,500,40,2011.0,단독다가구,2024
성북구,13100,보문동2가,,20240929,월세,41.0,1000,65,1994.0,단독다가구,2024
성북구,13800,장위동,,20241110,월세,55.12,1000,30,1991.0,단독다가구,2024
성북구,13600,하월곡동,10.0,20241126,월세,59.88,20000,70,1998.0,아파트,2024
성북구,13600,하월곡동,,20240923,월세,157.72,300,30,1998.0,단독다가구,2024
성북구,13500,종암동,1.0,20241017,월세,59.4,5000,110,1996.0,아파트,2024
성북구,13300,정릉동,2.0,20241027,월세,43.04,500,50,2009.0,연립다세대,2024
성북구,13300,정릉동,5.0,20241207,월세,48.8,1000,70,2008.0,연립다세대,2024
성북구,13800,장위동,2.0,20241021,월세,43.51,13000,10,1995.0,연립다세대,2024
성북구,13400,길음동,7.0,20241120,월세,33.46,2848,5,2019.0,아파트,2024
성북구,13400,길음동,11.0,20241123,월세,84.95,10000,270,2019.0,아파트,2024
성북구,12100,안암동1가,,20241002,월세,24.0,5000,35,2019.0,단독다가구,2024
성북구,13800,장위동,,20240926,월세,42.0,500,40,1978.0,단독다가구,2024
성북구,11700,동선동2가,1.0,20241014,월세,74.04,500,35,2004.0,연립다세대,2024
성북구,13900,석관동,19.0,20241123,월세,84.98,1000,55,2019.0,아파트,2024
성북구,13800,장위동,23.0,20241123,월세,59.99,13000,160,2020.0,아파트,2024
성북구,13500,종암동,12.0,20241123,월세,59.99,5000,110,2004.0,아파트,2024
성북구,13900,석관동,3.0,20241008,월세,47.58,14000,40,2013.0,연립다세대,2024
성북구,11700,동선동2가,,20241005,월세,27.2,1000,57,1996.0,단독다가구,2024
성북구,13900,석관동,,20241005,월세,28.64,3000,70,2017.0,단독다가구,2024
성북구,11500,삼선동5가,,20241005,월세,30.0,3000,60,2001.0,단독다가구,2024
성북구,13300,정릉동,7.0,20241217,월세,32.76,1543,16,2005.0,아파트,2024
성북구,13300,정릉동,1.0,20241217,월세,32.76,1543,16,2005.0,아파트,2024
성북구,13800,장위동,,20240926,월세,54.0,1000,50,1993.0,단독다가구,2024
성북구,12800,보문동6가,,20240926,월세,54.34,3000,68,1996.0,단독다가구,2024
성북구,10700,동소문동4가,2.0,20241230,월세,61.82,500,52,2002.0,연립다세대,2024
성북구,12500,안암동5가,6.0,20241014,월세,12.72,2000,67,2012.0,연립다세대,2024
성북구,11600,동선동1가,,20241218,월세,18.51,1000,50,1978.0,단독다가구,2024
성북구,12200,안암동2가,,20241005,월세,33.0,1000,65,1993.0,단독다가구,2024
성북구,12500,안암동5가,,20241205,월세,19.83,500,55,1994.0,단독다가구,2024
성북구,13500,종암동,2.0,20240914,월세,45.74,10000,80,2015.0,연립다세대,2024
성북구,13800,장위동,,20240926,월세,210.69,300,30,1989.0,단독다가구,2024
성북구,11100,삼선동1가,,20241005,월세,38.18,1000,50,1955.0,단독다가구,2024
성북구,11900,동선동4가,6.0,20241230,월세,29.1,2000,84,,오피스텔,2024
성북구,13300,정릉동,4.0,20241217,월세,35.04,1000,90,2013.0,연립다세대,2024
성북구,11800,동선동3가,,20241005,월세,40.0,3000,70,1993.0,단독다가구,2024
성북구,13300,정릉동,2.0,20241014,월세,29.0,14600,20,2017.0,연립다세대,2024
성북구,10100,성북동,,20241205,월세,20.0,500,30,1997.0,단독다가구,2024
성북구,10300,돈암동,,20241002,월세,41.76,1000,60,1994.0,단독다가구,2024
성북구,12100,안암동1가,14.0,20241111,월세,114.926,45000,69,2005.0,아파트,2024
성북구,13400,길음동,29.0,20241230,월세,84.95,55000,110,2019.0,아파트,2024
성북구,11000,동소문동7가,2.0,20241017,월세,59.91,45000,20,2004.0,아파트,2024
성북구,11000,동소문동7가,10.0,20241017,월세,59.91,33600,20,2004.0,아파트,2024
성북구,13300,정릉동,7.0,20241021,월세,84.96,25000,55,2000.0,아파트,2024
성북구,13300,정릉동,14.0,20241021,월세,32.76,3151,7,2005.0,아파트,2024
성북구,13300,정릉동,6.0,20241021,월세,32.76,1543,16,2005.0,아파트,2024
성북구,13300,정릉동,10.0,20241021,월세,32.76,661,18,2005.0,아파트,2024
성북구,13800,장위동,4.0,20241207,월세,40.52,4000,60,2016.0,연립다세대,2024
성북구,13300,정릉동,,20241005,월세,49.29,2000,60,1993.0,단독다가구,2024
성북구,13300,정릉동,2.0,20241210,월세,114.75,30000,100,2005.0,아파트,2024
성북구,13300,정릉동,3.0,20241210,월세,19.7,5576,24,2020.0,연립다세대,2024
성북구,13300,정릉동,3.0,20241108,월세,14.072,1000,50,2012.0,연립다세대,2024
성북구,13500,종암동,,20241008,월세,19.38,1000,55,,단독다가구,2024
성북구,13500,종암동,2.0,20241108,월세,59.04,10000,100,1999.0,아파트,2024
성북구,13600,하월곡동,20.0,20241102,월세,59.855,30000,50,2003.0,아파트,2024
성북구,11900,동선동4가,,20241005,월세,54.72,8000,30,,단독다가구,2024
성북구,10100,성북동,,20241005,월세,55.0,2000,85,2018.0,단독다가구,2024
성북구,13800,장위동,,20241005,월세,56.88,2000,75,1990.0,단독다가구,2024
성북구,12700,보문동5가,,20241011,월세,17.0,500,33,2009.0,단독다가구,2024
성북구,13600,하월곡동,3.0,20241202,월세,14.25,1000,55,2019.0,오피스텔,2024
성북구,12000,동선동5가,4.0,20241102,월세,44.97,1000,90,2002.0,연립다세대,2024
성북구,13800,장위동,3.0,20241114,월세,44.07,300,26,2018.0,연립다세대,2024
성북구,13500,종암동,,20241011,월세,18.0,1000,47,2019.0,단독다가구,2024
성북구,13300,정릉동,,20241005,월세,64.73,5000,90,2013.0,단독다가구,2024
성북구,13300,정릉동,3.0,20241213,월세,22.26,9332,12,2020.0,연립다세대,2024
성북구,13600,하월곡동,,20241002,월세,72.06,3000,85,2000.0,단독다가구,2024
성북구,12500,안암동5가,4.0,20241220,월세,24.24,5000,50,2019.0,연립다세대,2024
성북구,13300,정릉동,,20241005,월세,77.95,2000,100,1969.0,단독다가구,2024
성북구,13300,정릉동,1.0,20241102,월세,15.889,1067,54,2023.0,연립다세대,2024
성북구,11600,동선동1가,,20241011,월세,20.0,8000,30,2019.0,단독다가구,2024
성북구,11600,동선동1가,,20241011,월세,20.0,9000,25,2019.0,단독다가구,2024
성북구,11200,삼선동2가,,20241011,월세,20.0,300,42,1992.0,단독다가구,2024
성북구,13800,장위동,2.0,20241114,월세,49.59,2000,50,1990.0,연립다세대,2024
성북구,13500,종암동,3.0,20241230,월세,28.11,16700,5,2018.0,연립다세대,2024
성북구,12200,안암동2가,4.0,20241120,월세,14.67,1000,70,2018.0,연립다세대,2024
성북구,13300,정릉동,1.0,20241210,월세,40.19,5500,30,1991.0,연립다세대,2024
성북구,13900,석관동,,20241008,월세,26.0,500,40,2010.0,단독다가구,2024
성북구,10200,성북동1가,5.0,20241114,월세,50.32,7430,2,2002.0,연립다세대,2024
성북구,13300,정릉동,3.0,20241114,월세,33.03,3000,60,2015.0,오피스텔,2024
성북구,13900,석관동,,20241207,월세,15.0,500,35,2017.0,단독다가구,2024
성북구,13600,하월곡동,,20241008,월세,27.0,200,25,1993.0,단독다가구,2024
성북구,13800,장위동,3.0,20241114,월세,29.93,5000,70,2022.0,연립다세대,2024
성북구,13600,하월곡동,,20241008,월세,28.0,1000,30,1993.0,단독다가구,2024
성북구,13600,하월곡동,11.0,20241117,월세,54.14,10000,150,2020.0,아파트,2024
성북구,13900,석관동,,20241008,월세,30.0,300,32,1990.0,단독다가구,2024
성북구,13300,정릉동,6.0,20241102,월세,59.88,3000,84,2005.0,아파트,2024
성북구,13500,종암동,3.0,20241123,월세,56.5,15000,20,1991.0,연립다세대,2024
성북구,11200,삼선동2가,,20241207,월세,16.5,5000,30,1998.0,단독다가구,2024
성북구,13600,하월곡동,14.0,20241227,월세,15.62,1000,65,2013.0,아파트,2024
성북구,12500,안암동5가,,20241011,월세,26.0,1000,63,2021.0,단독다가구,2024
성북구,12200,안암동2가,,20241008,월세,33.0,700,72,1987.0,단독다가구,2024
성북구,12600,보문동4가,,20241207,월세,17.0,3000,50,2018.0,단독다가구,2024
성북구,13900,석관동,,20241207,월세,17.0,500,38,,단독다가구,2024
성북구,13300,정릉동,6.0,20241105,월세,32.76,1543,16,2005.0,아파트,2024
성북구,12300,안암동3가,,20241011,월세,28.0,1000,45,1995.0,단독다가구,2024
성북구,13600,하월곡동,-1.0,20240914,월세,64.17,7000,40,1997.0,연립다세대,2024
성북구,13900,석관동,,20241014,월세,16.5,200,22,1961.0,단독다가구,2024
성북구,13800,장위동,1.0,20241114,월세,71.34,10000,30,1982.0,연립다세대,2024
성북구,13300,정릉동,,20241207,월세,17.16,500,50,2017.0,단독다가구,2024
성북구,12100,안암동1가,,20240909,월세,34.05,10000,20,1992.0,단독다가구,2024
성북구,13300,정릉동,,20241207,월세,18.0,500,40,2018.0,단독다가구,2024
성북구,13300,정릉동,4.0,20241030,월세,29.79,14200,20,2019.0,연립다세대,2024
성북구,11900,동선동4가,4.0,20241202,월세,21.77,1000,64,2011.0,오피스텔,2024
성북구,13300,정릉동,16.0,20241030,월세,84.09,25000,70,2005.0,아파트,2024
성북구,13300,정릉동,5.0,20241024,월세,46.65,10000,70,2000.0,아파트,2024
성북구,13300,정릉동,,20241011,월세,31.97,300,25,1992.0,단독다가구,2024
성북구,10100,성북동,,20241011,월세,33.0,800,60,1997.0,단독다가구,2024
성북구,10900,동소문동6가,9.0,20241217,월세,12.7,2000,61,2013.0,아파트,2024
성북구,10900,동소문동6가,7.0,20241220,월세,12.7,8000,25,2013.0,아파트,2024
성북구,10900,동소문동6가,,20241017,월세,19.5,1000,40,1998.0,단독다가구,2024
성북구,13300,정릉동,4.0,20241102,월세,29.1,1000,75,2018.0,연립다세대,2024
성북구,11200,삼선동2가,2.0,20241120,월세,56.83,30000,55,2009.0,아파트,2024
성북구,13500,종암동,-1.0,20241129,월세,54.1,1000,60,1991.0,연립다세대,2024
성북구,13800,장위동,2.0,20241129,월세,22.47,1000,120,2022.0,연립다세대,2024
성북구,13800,장위동,,20240909,월세,42.78,13000,21,1993.0,단독다가구,2024
성북구,13500,종암동,,20241014,월세,21.0,1000,55,2005.0,단독다가구,2024
성북구,11400,삼선동4가,2.0,20241114,월세,84.87,4000,180,1999.0,아파트,2024
성북구,13600,하월곡동,5.0,20241123,월세,15.54,1000,65,2013.0,아파트,2024
성북구,13800,장위동,,20241011,월세,40.0,1000,37,1991.0,단독다가구,2024
성북구,12600,보문동4가,3.0,20241126,월세,28.42,2000,76,1972.0,오피스텔,2024
성북구,13100,보문동2가,,20241008,월세,49.5,1000,55,1994.0,단독다가구,2024
성북구,10300,돈암동,15.0,20241217,월세,84.87,45000,16,1998.0,아파트,2024
성북구,13300,정릉동,4.0,20241111,월세,15.849,1059,53,2023.0,연립다세대,2024
성북구,12200,안암동2가,,20241207,월세,21.0,1000,45,1997.0,단독다가구,2024
성북구,13500,종암동,,20241017,월세,30.0,500,50,1996.0,단독다가구,2024
성북구,13900,석관동,,20241011,월세,46.73,3000,55,1996.0,단독다가구,2024
성북구,11300,삼선동3가,10.0,20241126,월세,35.58,2112,21,2008.0,아파트,2024
성북구,11300,삼선동3가,12.0,20241126,월세,84.95,41000,120,2012.0,아파트,2024
성북구,10100,성북동,,20240909,월세,66.0,3000,50,1995.0,단독다가구,2024
성북구,10900,동소문동6가,5.0,20241210,월세,13.27,7000,33,2013.0,아파트,2024
성북구,13700,상월곡동,,20241014,월세,30.0,500,40,1992.0,단독다가구,2024
성북구,12200,안암동2가,,20241014,월세,30.0,1000,65,1993.0,단독다가구,2024
성북구,12300,안암동3가,,20241011,월세,49.39,2000,85,2002.0,단독다가구,2024
성북구,11300,삼선동3가,3.0,20241129,월세,84.94,30000,150,2012.0,아파트,2024
성북구,10700,동소문동4가,,20241011,월세,49.83,3000,80,1992.0,단독다가구,2024
성북구,13900,석관동,,20241011,월세,49.97,5000,75,1992.0,단독다가구,2024
성북구,13300,정릉동,,20241207,월세,22.97,1000,40,1995.0,단독다가구,2024
성북구,13500,종암동,,20240909,월세,80.9,5000,60,1994.0,단독다가구,2024
성북구,13900,석관동,,20241008,월세,70.86,500,45,2006.0,단독다가구,2024
성북구,13800,장위동,5.0,20241227,월세,18.03,1000,63,2019.0,오피스텔,2024
성북구,13900,석관동,,20241011,월세,52.87,500,50,1995.0,단독다가구,2024
성북구,13800,장위동,6.0,20241111,월세,39.975,5000,110,2022.0,아파트,2024
성북구,13600,하월곡동,19.0,20241126,월세,15.62,1000,65,2013.0,아파트,2024
성북구,13800,장위동,,20240909,월세,197.61,1000,35,1983.0,단독다가구,2024
성북구,13500,종암동,,20241014,월세,33.0,1000,75,1977.0,단독다가구,2024
성북구,10100,성북동,,20241017,월세,34.68,3000,36,1996.0,단독다가구,2024
성북구,10900,동소문동6가,10.0,20241213,월세,12.7,3000,53,2013.0,아파트,2024
성북구,10900,동소문동6가,9.0,20241213,월세,12.7,3000,56,2013.0,아파트,2024
성북구,12800,보문동6가,,20241017,월세,36.0,2000,63,2008.0,단독다가구,2024
성북구,10300,돈암동,11.0,20240914,월세,59.58,5000,130,1998.0,아파트,2024
성북구,13300,정릉동,,20241017,월세,37.21,10000,16,1969.0,단독다가구,2024
성북구,10100,성북동,,20241207,월세,26.31,13000,20,1966.0,단독다가구,2024
성북구,12100,안암동1가,,20241207,월세,26.4,5000,110,2015.0,단독다가구,2024
성북구,13800,장위동,,20241011,월세,230.81,500,30,1993.0,단독다가구,2024
성북구,13500,종암동,,20241017,월세,40.76,13000,16,1969.0,단독다가구,2024
성북구,11800,동선동3가,,20241207,월세,30.0,13000,35,1997.0,단독다가구,2024
성북구,13100,보문동2가,,20241021,월세,17.09,5000,52,,단독다가구,2024
성북구,11900,동선동4가,7.0,20241217,월세,17.55,10000,9,2012.0,오피스텔,2024
성북구,12100,안암동1가,3.0,20241213,월세,14.42,9000,26,2014.0,연립다세대,2024
성북구,11100,삼선동1가,,20241014,월세,46.92,3000,60,,단독다가구,2024
성북구,13300,정릉동,6.0,20241223,월세,94.59,5000,130,2004.0,아파트,2024
성북구,12500,안암동5가,,20241207,월세,33.0,1000,120,,단독다가구,2024
성북구,10800,동소문동5가,,20241017,월세,53.0,3000,60,1970.0,단독다가구,2024
성북구,10300,돈암동,9.0,20241230,월세,59.79,30000,35,1998.0,아파트,2024
성북구,13500,종암동,,20241021,월세,20.0,100,35,1993.0,단독다가구,2024
성북구,10100,성북동,1.0,20241120,월세,78.9,29500,15,1993.0,연립다세대,2024
성북구,11900,동선동4가,,20241015,월세,54.6,3000,70,1967.0,단독다가구,2024
성북구,11700,동선동2가,,20241108,월세,19.0,300,43,2010.0,단독다가구,2024
성북구,10200,성북동1가,4.0,20241102,월세,17.42,2000,65,2015.0,오피스텔,2024
성북구,13500,종암동,2.0,20241105,월세,14.7,1000,52,2011.0,연립다세대,2024
성북구,13700,상월곡동,,20241015,월세,60.11,10000,50,1993.0,단독다가구,2024
성북구,13900,석관동,6.0,20241030,월세,28.78,100,80,2020.0,연립다세대,2024
성북구,13500,종암동,3.0,20241024,월세,14.7,5000,26,2011.0,연립다세대,2024
성북구,13500,종암동,5.0,20241030,월세,14.7,1000,52,2011.0,연립다세대,2024
성북구,11900,동선동4가,5.0,20241105,월세,15.3,12000,3,2012.0,연립다세대,2024
성북구,13300,정릉동,4.0,20241024,월세,28.49,13400,25,2020.0,연립다세대,2024
성북구,11500,삼선동5가,,20241018,월세,76.89,4000,90,1997.0,단독다가구,2024
성북구,13900,석관동,,20241015,월세,145.0,2500,30,2018.0,단독다가구,2024
성북구,12500,안암동5가,,20241217,월세,16.5,500,43,2001.0,단독다가구,2024
성북구,13800,장위동,,20241015,월세,249.86,8000,50,1989.0,단독다가구,2024
성북구,10100,성북동,,20241022,월세,38.7,1000,130,2016.0,단독다가구,2024
성북구,13900,석관동,,20241016,월세,67.65,2000,85,1994.0,단독다가구,2024
성북구,10900,동소문동6가,20.0,20241202,월세,14.01,1000,82,2015.0,아파트,2024
성북구,13600,하월곡동,,20241113,월세,47.54,5000,50,1967.0,단독다가구,2024
성북구,13300,정릉동,2.0,20241123,월세,99.57,2000,88,1993.0,연립다세대,2024
성북구,10900,동소문동6가,6.0,20241107,월세,12.32,7000,29,2013.0,아파트,2024
성북구,11900,동선동4가,,20241026,월세,47.25,3000,80,1990.0,단독다가구,2024
성북구,13900,석관동,,20241101,월세,39.37,9000,20,1993.0,단독다가구,2024
성북구,13500,종암동,2.0,20241104,월세,27.89,100,80,2021.0,연립다세대,2024
성북구,12400,안암동4가,,20241022,월세,40.55,7000,15,1994.0,단독다가구,2024
성북구,13600,하월곡동,,20241029,월세,36.0,9000,25,1997.0,단독다가구,2024
성북구,11700,동선동2가,,20241205,월세,24.0,1000,53,2016.0,단독다가구,2024
성북구,11300,삼선동3가,3.0,20241110,월세,15.3,1000,54,2011.0,연립다세대,2024
성북구,13500,종암동,5.0,20241110,월세,27.53,10000,23,2016.0,연립다세대,2024
성북구,13500,종암동,,20241026,월세,51.04,9000,10,1994.0,단독다가구,2024
성북구,13500,종암동,,20241207,월세,50.0,2000,70,1994.0,단독다가구,2024
성북구,12100,안암동1가,,20241108,월세,24.0,5000,35,2019.0,단독다가구,2024
성북구,11000,동소문동7가,,20241021,월세,39.39,1000,47,1991.0,단독다가구,2024
성북구,12500,안암동5가,,20241027,월세,16.0,4000,5,2011.0,단독다가구,2024
성북구,13700,상월곡동,,20241220,월세,20.0,3000,43,2016.0,단독다가구,2024
성북구,13800,장위동,,20241021,월세,43.12,2000,47,1996.0,단독다가구,2024
성북구,12100,안암동1가,,20241102,월세,19.5,2000,35,2014.0,단독다가구,2024
성북구,11500,삼선동5가,,20241114,월세,18.0,1000,65,2021.0,단독다가구,2024
성북구,13300,정릉동,,20241102,월세,19.83,1000,45,,단독다가구,2024
성북구,12100,안암동1가,,20241021,월세,49.0,2000,100,1994.0,단독다가구,2024
성북구,12500,안암동5가,,20241024,월세,19.0,500,53,1991.0,단독다가구,2024
성북구,11700,동선동2가,,20241114,월세,19.0,1000,55,2011.0,단독다가구,2024
성북구,13500,종암동,,20241207,월세,99.0,3000,110,1992.0,단독다가구,2024
성북구,13600,하월곡동,,20241024,월세,19.83,500,40,1993.0,단독다가구,2024
성북구,13500,종암동,,20241105,월세,19.8,200,50,1966.0,단독다가구,2024
성북구,13500,종암동,,20241105,월세,20.0,500,65,2018.0,단독다가구,2024
성북구,13600,하월곡동,,20241021,월세,54.99,10000,30,1991.0,단독다가구,2024
성북구,13800,장위동,,20241207,월세,183.2,5000,40,1983.0,단독다가구,2024
성북구,13600,하월곡동,,20241021,월세,57.66,3000,65,1991.0,단독다가구,2024
성북구,11800,동선동3가,2.0,20241202,월세,29.83,1000,60,2015.0,연립다세대,2024
성북구,13500,종암동,,20241102,월세,25.0,1000,70,2018.0,단독다가구,2024
성북구,11800,동선동3가,,20241105,월세,21.0,2000,55,1997.0,단독다가구,2024
성북구,11500,삼선동5가,,20241102,월세,25.98,1000,42,1993.0,단독다가구,2024
성북구,13900,석관동,,20241105,월세,25.0,200,30,1994.0,단독다가구,2024
성북구,13500,종암동,4.0,20241113,월세,29.96,12000,30,2013.0,연립다세대,2024
성북구,13600,하월곡동,,20241101,월세,43.0,3000,70,1990.0,단독다가구,2024
성북구,13300,정릉동,,20241022,월세,67.53,1000,35,1991.0,단독다가구,2024
성북구,13900,석관동,,20241220,월세,27.0,300,30,1977.0,단독다가구,2024
성북구,13500,종암동,,20241022,월세,74.43,13000,40,1968.0,단독다가구,2024
성북구,10300,돈암동,18.0,20241113,월세,84.87,10000,165,1998.0,아파트,2024
성북구,13800,장위동,,20241022,월세,87.59,100,30,1994.0,단독다가구,2024
성북구,13400,길음동,,20241223,월세,16.0,300,40,,단독다가구,2024
성북구,13800,장위동,,20241101,월세,48.71,1000,49,1989.0,단독다가구,2024
성북구,13900,석관동,4.0,20241113,월세,45.67,10000,50,2015.0,연립다세대,2024
성북구,13500,종암동,3.0,20241104,월세,39.56,5420,21,2018.0,연립다세대,2024
성북구,13000,보문동1가,2.0,20241113,월세,14.57,3000,35,2013.0,연립다세대,2024
성북구,11100,삼선동1가,,20241026,월세,73.82,1000,50,1985.0,단독다가구,2024
성북구,13800,장위동,1.0,20241113,월세,37.26,1500,50,1994.0,연립다세대,2024
성북구,10900,동소문동6가,7.0,20241107,월세,38.93,500,75,2003.0,오피스텔,2024
성북구,13900,석관동,,20241024,월세,35.0,500,32,1993.0,단독다가구,2024
성북구,13900,석관동,,20241105,월세,25.54,1000,45,1998.0,단독다가구,2024
성북구,12500,안암동5가,,20241114,월세,25.0,1000,58,1995.0,단독다가구,2024
성북구,13900,석관동,,20241217,월세,32.0,1000,55,2012.0,단독다가구,2024
성북구,13900,석관동,,20241102,월세,33.0,1000,45,1993.0,단독다가구,2024
성북구,13300,정릉동,,20241108,월세,47.0,1000,40,1995.0,단독다가구,2024
성북구,13500,종암동,,20241108,월세,47.61,13000,5,1994.0,단독다가구,2024
성북구,11100,삼선동1가,,20241114,월세,27.7,2500,50,1949.0,단독다가구,2024
성북구,13500,종암동,,20241105,월세,30.0,500,55,2002.0,단독다가구,2024
성북구,12300,안암동3가,,20241114,월세,30.0,1000,60,2001.0,단독다가구,2024
성북구,13600,하월곡동,,20241114,월세,30.0,500,40,1992.0,단독다가구,2024
성북구,13300,정릉동,,20241024,월세,40.33,1000,60,1993.0,단독다가구,2024
성북구,11100,삼선동1가,,20241030,월세,30.2,1000,50,1988.0,단독다가구,2024
성북구,12100,안암동1가,,20241027,월세,33.54,500,30,1993.0,단독다가구,2024
성북구,13600,하월곡동,,20241030,월세,31.5,500,65,1993.0,단독다가구,2024
성북구,13900,석관동,,20241105,월세,31.48,500,35,1992.0,단독다가구,2024
성북구,13400,길음동,,20241030,월세,33.0,3000,40,1987.0,단독다가구,2024
성북구,13300,정릉동,,20241108,월세,60.0,2000,55,1987.0,단독다가구,2024
성북구,13800,장위동,10.0,20241208,월세,33.036,16900,26,2020.0,아파트,2024
성북구,13800,장위동,,20241108,월세,62.91,3000,75,1987.0,단독다가구,2024
성북구,10300,돈암동,4.0,20241211,월세,28.63,100,70,2019.0,연립다세대,2024
성북구,13800,장위동,,20241114,월세,34.0,500,65,1971.0,단독다가구,2024
성북구,11900,동선동4가,,20241114,월세,34.22,1000,85,1990.0,단독다가구,2024
성북구,10300,돈암동,12.0,20241123,월세,59.99,5000,160,2004.0,아파트,2024
성북구,12000,동선동5가,,20241030,월세,37.46,500,60,1993.0,단독다가구,2024
성북구,10300,돈암동,,20241111,월세,19.0,3000,25,,단독다가구,2024
성북구,13600,하월곡동,,20241102,월세,43.79,1500,45,1994.0,단독다가구,2024
성북구,13300,정릉동,,20241223,월세,19.8,500,52,2013.0,단독다가구,2024
성북구,11300,삼선동3가,,20241030,월세,38.96,10000,4,1988.0,단독다가구,2024
성북구,13900,석관동,,20241030,월세,39.0,5500,40,1967.0,단독다가구,2024
성북구,13900,석관동,,20241024,월세,55.04,5000,40,1992.0,단독다가구,2024
성북구,11100,삼선동1가,,20241027,월세,41.25,1500,70,1992.0,단독다가구,2024
성북구,13800,장위동,,20241030,월세,39.79,6200,20,,단독다가구,2024
성북구,10300,돈암동,13.0,20241123,월세,84.98,25200,100,2005.0,아파트,2024
성북구,13500,종암동,,20241223,월세,20.0,500,45,1997.0,단독다가구,2024
성북구,13900,석관동,,20241217,월세,42.84,500,50,1991.0,단독다가구,2024
성북구,13900,석관동,,20241217,월세,42.84,13000,10,,단독다가구,2024
성북구,13800,장위동,,20241030,월세,42.0,500,30,1998.0,단독다가구,2024
성북구,13800,장위동,4.0,20241120,월세,49.33,2289,23,2006.0,아파트,2024
성북구,10100,성북동,,20241105,월세,41.32,5000,80,1992.0,단독다가구,2024
성북구,13800,장위동,6.0,20241120,월세,39.653,5000,120,2022.0,아파트,2024
성북구,13300,정릉동,,20241030,월세,42.4,2000,65,2013.0,단독다가구,2024
성북구,10100,성북동,,20241027,월세,48.97,15000,30,1993.0,단독다가구,2024
성북구,13300,정릉동,12.0,20241120,월세,32.76,1543,16,2005.0,아파트,2024
성북구,10100,성북동,,20241102,월세,55.17,12000,30,1991.0,단독다가구,2024
성북구,13900,석관동,,20241030,월세,46.0,500,38,1985.0,단독다가구,2024
성북구,12100,안암동1가,,20241105,월세,46.56,11100,55,1992.0,단독다가구,2024
성북구,13900,석관동,,20241030,월세,48.63,1000,50,1992.0,단독다가구,2024
성북구,13900,석관동,,20241220,월세,52.5,300,36,1993.0,단독다가구,2024
성북구,10100,성북동,,20241220,월세,54.43,1000,80,1992.0,단독다가구,2024
성북구,12700,보문동5가,,20241028,월세,44.55,13000,15,1992.0,단독다가구,2024
성북구,13800,장위동,,20241217,월세,66.82,7000,20,1996.0,단독다가구,2024
성북구,13300,정릉동,15.0,20241202,월세,59.37,5000,150,2009.0,아파트,2024
성북구,13300,정릉동,3.0,20241202,월세,57.84,2000,100,1999.0,아파트,2024
성북구,13800,장위동,4.0,20241123,월세,47.32,13000,13,1995.0,연립다세대,2024
성북구,11300,삼선동3가,3.0,20241120,월세,14.82,1000,55,2011.0,연립다세대,2024
성북구,11400,삼선동4가,,20241028,월세,57.0,1000,60,1995.0,단독다가구,2024
성북구,10300,돈암동,7.0,20241214,월세,84.68,30000,35,1999.0,아파트,2024
성북구,10300,돈암동,1.0,20241214,월세,41.58,1000,72,1991.0,아파트,2024
성북구,11600,동선동1가,7.0,20241110,월세,13.25,5000,40,2012.0,연립다세대,2024
성북구,13700,상월곡동,22.0,20241211,월세,59.95,31500,30,2003.0,아파트,2024
성북구,12700,보문동5가,,20241031,월세,37.0,7000,75,2017.0,단독다가구,2024
성북구,13900,석관동,,20241218,월세,20.0,1000,50,2017.0,단독다가구,2024
성북구,13300,정릉동,,20241107,월세,15.0,2000,60,,단독다가구,2024
성북구,13100,보문동2가,,20241101,월세,51.25,5000,50,1996.0,단독다가구,2024
성북구,13300,정릉동,11.0,20241129,월세,114.75,20000,70,2005.0,아파트,2024
성북구,11100,삼선동1가,,20241101,월세,55.0,3000,80,1997.0,단독다가구,2024
성북구,11700,동선동2가,,20241104,월세,16.5,1000,53,2011.0,단독다가구,2024
성북구,13500,종암동,,20241113,월세,18.1,500,50,1995.0,단독다가구,2024
성북구,11300,삼선동3가,,20241101,월세,59.64,15000,38,1993.0,단독다가구,2024
성북구,13600,하월곡동,,20241029,월세,56.0,11000,60,1995.0,단독다가구,2024
성북구,10400,동소문동1가,,20241113,월세,19.0,1000,30,2002.0,단독다가구,2024
성북구,13100,보문동2가,,20241113,월세,20.0,500,40,1993.0,단독다가구,2024
성북구,12500,안암동5가,4.0,20241208,월세,13.18,1000,81,2011.0,연립다세대,2024
성북구,13400,길음동,17.0,20241211,월세,59.97,50000,50,2019.0,아파트,2024
성북구,13000,보문동1가,1.0,20241117,월세,13.02,3000,40,2013.0,연립다세대,2024
성북구,13400,길음동,14.0,20241214,월세,59.69,35000,100,2019.0,아파트,2024
성북구,13300,정릉동,1.0,20241129,월세,42.54,2000,40,1991.0,연립다세대,2024
성북구,10900,동소문동6가,6.0,20241120,월세,12.7,5000,44,2013.0,아파트,2024
성북구,13400,길음동,8.0,20241214,월세,59.97,21000,126,2019.0,아파트,2024
성북구,13400,길음동,,20241102,월세,66.12,100,34,1993.0,단독다가구,2024
성북구,13300,정릉동,,20241105,월세,49.76,2000,40,1965.0,단독다가구,2024
성북구,13300,정릉동,,20241105,월세,49.8,500,90,1990.0,단독다가구,2024
성북구,13900,석관동,18.0,20241211,월세,39.01,12736,35,2019.0,아파트,2024
성북구,11800,동선동3가,4.0,20241230,월세,16.15,2000,69,2015.0,연립다세대,2024
성북구,13900,석관동,,20241113,월세,23.1,200,25,1993.0,단독다가구,2024
성북구,13300,정릉동,,20241031,월세,51.29,500,30,1991.0,단독다가구,2024
성북구,13800,장위동,15.0,20241211,월세,59.92,10000,120,2021.0,아파트,2024
성북구,13700,상월곡동,,20241210,월세,23.14,1000,35,1990.0,단독다가구,2024
성북구,12000,동선동5가,,20241221,월세,24.75,500,60,2001.0,단독다가구,2024
성북구,13500,종암동,14.0,20241214,월세,59.99,10000,130,2004.0,아파트,2024
성북구,11900,동선동4가,,20241031,월세,56.14,7000,90,1994.0,단독다가구,2024
성북구,12000,동선동5가,,20241205,월세,33.0,1000,60,1995.0,단독다가구,2024
성북구,13800,장위동,3.0,20241214,월세,39.9,11168,30,2021.0,아파트,2024
성북구,13900,석관동,,20241210,월세,23.5,8500,10,2014.0,단독다가구,2024
성북구,13600,하월곡동,,20241210,월세,24.0,500,30,1991.0,단독다가구,2024
성북구,13300,정릉동,2.0,20241211,월세,63.79,10000,50,2006.0,연립다세대,2024
성북구,13800,장위동,,20241113,월세,27.36,1000,35,1985.0,단독다가구,2024
성북구,13900,석관동,,20241107,월세,23.22,100,25,1965.0,단독다가구,2024
성북구,12700,보문동5가,,20241107,월세,23.76,500,40,1992.0,단독다가구,2024
성북구,13900,석관동,,20241107,월세,24.0,300,32,1973.0,단독다가구,2024
성북구,13400,길음동,7.0,20241211,월세,84.975,10000,275,2022.0,아파트,2024
성북구,13800,장위동,,20241031,월세,107.72,5000,60,1980.0,단독다가구,2024
성북구,13900,석관동,,20241218,월세,32.0,500,30,1991.0,단독다가구,2024
성북구,11500,삼선동5가,,20241110,월세,20.0,1000,36,2002.0,단독다가구,2024
성북구,12100,안암동1가,,20241107,월세,29.28,1000,55,1992.0,단독다가구,2024
성북구,11000,동소문동7가,,20241107,월세,29.31,5500,39,1992.0,단독다가구,2024
성북구,13300,정릉동,,20241104,월세,39.68,200,35,1990.0,단독다가구,2024
성북구,12100,안암동1가,,20241107,월세,31.72,1000,80,1994.0,단독다가구,2024
성북구,11100,삼선동1가,,20241113,월세,36.0,500,52,1993.0,단독다가구,2024
성북구,12200,안암동2가,,20241113,월세,37.42,2000,55,1993.0,단독다가구,2024
성북구,13500,종암동,,20241113,월세,37.72,2000,60,1966.0,단독다가구,2024
성북구,13600,하월곡동,,20241104,월세,44.85,5000,60,1995.0,단독다가구,2024
성북구,13300,정릉동,,20241218,월세,38.94,1165,0,1995.0,단독다가구,2024
성북구,13500,종암동,,20241104,월세,45.0,1000,75,1996.0,단독다가구,2024
성북구,11500,삼선동5가,,20241104,월세,45.0,1000,80,1997.0,단독다가구,2024
성북구,10900,동소문동6가,7.0,20241126,월세,13.55,7000,30,2013.0,아파트,2024
성북구,10100,성북동,,20241110,월세,25.0,1000,60,1997.0,단독다가구,2024
성북구,13800,장위동,,20241218,월세,39.67,500,45,1988.0,단독다가구,2024
성북구,13500,종암동,4.0,20241126,월세,29.67,21000,30,2021.0,연립다세대,2024
성북구,11100,삼선동1가,,20241104,월세,48.84,1000,60,1993.0,단독다가구,2024
성북구,13500,종암동,,20241110,월세,26.74,1000,120,2024.0,단독다가구,2024
성북구,13300,정릉동,,20241104,월세,51.57,6000,40,1966.0,단독다가구,2024
성북구,12200,안암동2가,,20241113,월세,41.76,10000,25,1994.0,단독다가구,2024
성북구,11800,동선동3가,,20241107,월세,39.0,1500,60,1991.0,단독다가구,2024
성북구,13800,장위동,,20241107,월세,39.0,500,40,1994.0,단독다가구,2024
성북구,10300,돈암동,10.0,20241129,월세,68.13,15000,50,1998.0,아파트,2024
성북구,10300,돈암동,13.0,20241129,월세,152.25,40000,100,1998.0,아파트,2024
성북구,13600,하월곡동,,20241120,월세,15.0,500,45,2011.0,단독다가구,2024
성북구,10300,돈암동,6.0,20241208,월세,84.68,40000,25,1999.0,아파트,2024
성북구,13900,석관동,,20241221,월세,42.84,12000,10,1991.0,단독다가구,2024
성북구,11800,동선동3가,,20241120,월세,16.51,2000,55,2012.0,단독다가구,2024
성북구,11900,동선동4가,,20241123,월세,16.0,500,60,2012.0,단독다가구,2024
성북구,13300,정릉동,,20241104,월세,71.26,5000,95,1991.0,단독다가구,2024
성북구,10900,동소문동6가,7.0,20241227,월세,13.27,2000,57,2013.0,아파트,2024
성북구,10900,동소문동6가,7.0,20241227,월세,16.94,3000,60,2013.0,아파트,2024
성북구,13500,종암동,,20241123,월세,16.5,1000,55,2018.0,단독다가구,2024
성북구,13900,석관동,,20241114,월세,41.0,1000,50,1998.0,단독다가구,2024
성북구,13500,종암동,,20241221,월세,46.0,1000,65,1994.0,단독다가구,2024
성북구,11300,삼선동3가,,20241123,월세,17.0,1000,50,2001.0,단독다가구,2024
성북구,13100,보문동2가,,20241107,월세,48.21,2000,70,1996.0,단독다가구,2024
성북구,13000,보문동1가,,20241107,월세,48.6,3000,40,1991.0,단독다가구,2024
성북구,13700,상월곡동,,20241111,월세,23.14,500,35,1997.0,단독다가구,2024
성북구,13600,하월곡동,,20241120,월세,19.0,1000,50,1995.0,단독다가구,2024
성북구,13800,장위동,,20241105,월세,117.9,1000,55,1996.0,단독다가구,2024
성북구,13800,장위동,,20241105,월세,211.29,500,35,1990.0,단독다가구,2024
성북구,11900,동선동4가,,20241105,월세,237.96,1000,50,1990.0,단독다가구,2024
성북구,12500,안암동5가,,20241117,월세,26.0,1000,66,2021.0,단독다가구,2024
성북구,10900,동소문동6가,,20241111,월세,27.0,1000,65,1990.0,단독다가구,2024
성북구,13900,석관동,,20241111,월세,29.0,500,35,1994.0,단독다가구,2024
성북구,13900,석관동,,20241111,월세,29.48,2000,69,2022.0,단독다가구,2024
성북구,11300,삼선동3가,,20241111,월세,29.73,1000,50,1993.0,단독다가구,2024
성북구,13700,상월곡동,,20241111,월세,30.0,8000,50,2017.0,단독다가구,2024
성북구,11700,동선동2가,,20241111,월세,30.0,1500,60,1994.0,단독다가구,2024
성북구,12500,안암동5가,,20241123,월세,20.0,1000,80,2024.0,단독다가구,2024
성북구,13600,하월곡동,,20241123,월세,20.0,1000,50,1991.0,단독다가구,2024
성북구,12800,보문동6가,,20241114,월세,61.6,3000,58,2009.0,단독다가구,2024
성북구,13500,종암동,3.0,20241129,월세,50.72,30000,35,2024.0,연립다세대,2024
성북구,11400,삼선동4가,3.0,20241211,월세,21.61,3000,50,2013.0,연립다세대,2024
성북구,10100,성북동,,20241111,월세,32.7,5000,40,2006.0,단독다가구,2024
성북구,10700,동소문동4가,2.0,20241211,월세,16.81,500,30,2011.0,연립다세대,2024
성북구,12100,안암동1가,,20241117,월세,31.72,1000,80,1994.0,단독다가구,2024
성북구,13300,정릉동,3.0,20241222,월세,15.22,1000,45,2013.0,연립다세대,2024
성북구,11800,동선동3가,,20241123,월세,21.0,2000,75,1997.0,단독다가구,2024
성북구,10700,동소문동4가,6.0,20241211,월세,22.8,2000,63,2003.0,오피스텔,2024
성북구,11400,삼선동4가,2.0,20241122,월세,114.84,30000,110,1999.0,아파트,2024
성북구,13300,정릉동,13.0,20241125,월세,32.76,1543,16,2005.0,아파트,2024
성북구,13300,정릉동,3.0,20241125,월세,32.76,1543,16,2005.0,아파트,2024
성북구,13300,정릉동,1.0,20241125,월세,22.26,3456,31,2020.0,연립다세대,2024
성북구,13300,정릉동,,20241112,월세,25.95,500,58,,단독다가구,2024
성북구,13800,장위동,9.0,20241228,월세,18.39,500,36,2020.0,아파트,2024
성북구,13300,정릉동,9.0,20241201,월세,84.98,10000,150,2004.0,아파트,2024
성북구,11800,동선동3가,2.0,20241219,월세,24.64,9000,20,2003.0,오피스텔,2024
성북구,12100,안암동1가,,20241112,월세,30.0,300,30,1993.0,단독다가구,2024
성북구,13300,정릉동,4.0,20241230,월세,84.535,15000,130,2007.0,아파트,2024
성북구,11200,삼선동2가,10.0,20241214,월세,84.83,10000,180,2008.0,아파트,2024
성북구,10100,성북동,5.0,20241228,월세,53.82,20000,50,2018.0,연립다세대,2024
성북구,12500,안암동5가,,20241112,월세,33.0,1000,75,1993.0,단독다가구,2024
성북구,13600,하월곡동,10.0,20241211,월세,15.52,1000,65,2013.0,아파트,2024
성북구,13300,정릉동,,20241112,월세,33.31,5000,30,1991.0,단독다가구,2024
성북구,13500,종암동,,20241115,월세,24.0,300,38,1996.0,단독다가구,2024
성북구,13600,하월곡동,12.0,20241214,월세,15.55,9500,15,2013.0,아파트,2024
성북구,13500,종암동,13.0,20241128,월세,84.72,32180,60,1999.0,아파트,2024
성북구,10400,동소문동1가,,20241115,월세,26.42,1500,65,2001.0,단독다가구,2024
성북구,13900,석관동,,20241112,월세,39.5,1000,42,1987.0,단독다가구,2024
성북구,11800,동선동3가,,20241115,월세,30.0,500,60,1997.0,단독다가구,2024
성북구,13300,정릉동,,20241115,월세,30.0,1000,70,1981.0,단독다가구,2024
성북구,13300,정릉동,3.0,20241204,월세,29.94,17800,5,2018.0,연립다세대,2024
성북구,13300,정릉동,1.0,20241204,월세,19.7,5576,24,2020.0,연립다세대,2024
성북구,13300,정릉동,6.0,20241204,월세,59.98,5000,150,2008.0,아파트,2024
성북구,13800,장위동,2.0,20241125,월세,36.55,1000,30,1994.0,연립다세대,2024
성북구,11500,삼선동5가,,20241112,월세,48.0,1000,20,1993.0,단독다가구,2024
성북구,13900,석관동,,20241224,월세,32.0,1000,25,1994.0,단독다가구,2024
성북구,13300,정릉동,7.0,20241204,월세,59.99,22000,52,2005.0,아파트,2024
성북구,11500,삼선동5가,5.0,20241204,월세,71.85,1000,46,2002.0,연립다세대,2024
성북구,13600,하월곡동,,20241115,월세,39.6,5000,25,1991.0,단독다가구,2024
성북구,10100,성북동,1.0,20241204,월세,29.76,21200,20,2018.0,연립다세대,2024
성북구,13800,장위동,2.0,20241204,월세,48.86,14500,20,1996.0,연립다세대,2024
성북구,13900,석관동,,20241115,월세,40.3,13000,10,1967.0,단독다가구,2024
성북구,13900,석관동,,20241112,월세,73.91,1000,60,1971.0,단독다가구,2024
성북구,13500,종암동,,20241112,월세,81.6,9000,120,2005.0,단독다가구,2024
성북구,13600,하월곡동,,20241115,월세,42.36,1000,50,1991.0,단독다가구,2024
성북구,13800,장위동,,20241115,월세,45.5,2000,50,1991.0,단독다가구,2024
성북구,10100,성북동,,20241115,월세,45.8,5000,25,1985.0,단독다가구,2024
성북구,13400,길음동,,20241224,월세,33.0,500,25,1987.0,단독다가구,2024
성북구,10800,동소문동5가,18.0,20241214,월세,14.022,10000,54,2018.0,아파트,2024
성북구,12100,안암동1가,5.0,20241214,월세,41.51,10000,40,2001.0,연립다세대,2024
성북구,13300,정릉동,,20241113,월세,55.56,1000,70,1985.0,단독다가구,2024
성북구,12100,안암동1가,,20241120,월세,27.84,500,35,1991.0,단독다가구,2024
성북구,13800,장위동,,20241117,월세,39.52,12000,5,1994.0,단독다가구,2024
성북구,13800,장위동,,20241120,월세,28.44,300,20,1990.0,단독다가구,2024
성북구,13500,종암동,,20241129,월세,14.56,4000,18,1974.0,단독다가구,2024
성북구,12800,보문동6가,,20241117,월세,39.93,10000,20,1994.0,단독다가구,2024
성북구,13100,보문동2가,,20241120,월세,30.0,500,55,1993.0,단독다가구,2024
성북구,12200,안암동2가,,20241123,월세,27.0,1000,65,2002.0,단독다가구,2024
성북구,11100,삼선동1가,,20241123,월세,29.7,500,60,1994.0,단독다가구,2024
성북구,11900,동선동4가,,20241126,월세,17.0,1000,62,2019.0,단독다가구,2024
성북구,13600,하월곡동,,20241120,월세,32.0,1000,70,1993.0,단독다가구,2024
성북구,11200,삼선동2가,,20241129,월세,16.14,500,30,1994.0,단독다가구,2024
성북구,10900,동소문동6가,,20241120,월세,33.0,1000,95,2019.0,단독다가구,2024
성북구,12100,안암동1가,,20241202,월세,21.0,1000,55,2019.0,단독다가구,2024
성북구,13900,석관동,,20241120,월세,35.0,300,33,1993.0,단독다가구,2024
성북구,12500,안암동5가,,20241123,월세,33.0,1000,100,1995.0,단독다가구,2024
성북구,13300,정릉동,,20241120,월세,36.0,2000,70,2016.0,단독다가구,2024
성북구,13500,종암동,,20241123,월세,34.0,1000,65,1992.0,단독다가구,2024
성북구,13400,길음동,,20241123,월세,34.0,500,50,1990.0,단독다가구,2024
성북구,13500,종암동,,20241129,월세,19.0,1000,65,2017.0,단독다가구,2024
성북구,12300,안암동3가,,20241202,월세,24.6,1000,60,1992.0,단독다가구,2024
성북구,13300,정릉동,,20241126,월세,20.0,300,37,1996.0,단독다가구,2024
성북구,13700,상월곡동,,20241120,월세,40.0,2000,50,1994.0,단독다가구,2024
성북구,13900,석관동,15.0,20241214,월세,84.92,40000,36,2011.0,아파트,2024
성북구,13400,길음동,1.0,20241219,월세,84.64,20000,140,2005.0,아파트,2024
성북구,12500,안암동5가,,20241120,월세,40.23,500,80,1994.0,단독다가구,2024
성북구,12800,보문동6가,,20241129,월세,20.0,500,37,1992.0,단독다가구,2024
성북구,12100,안암동1가,,20241120,월세,43.6,2000,45,1994.0,단독다가구,2024
성북구,13700,상월곡동,5.0,20241211,월세,22.09,17000,20,2019.0,연립다세대,2024
성북구,13800,장위동,,20241120,월세,45.6,3000,35,,단독다가구,2024
성북구,13500,종암동,12.0,20241211,월세,84.73,38000,70,2005.0,아파트,2024
성북구,13600,하월곡동,29.0,20241204,월세,138.45,60000,170,2010.0,아파트,2024
성북구,10700,동소문동4가,4.0,20241211,월세,18.48,2000,58,2013.0,연립다세대,2024
성북구,13400,길음동,5.0,20241228,월세,84.049,43000,50,2007.0,아파트,2024
성북구,13200,보문동3가,4.0,20241201,월세,59.65,30000,70,2003.0,아파트,2024
성북구,11500,삼선동5가,1.0,20241211,월세,30.2,6500,21,2007.0,연립다세대,2024
성북구,12500,안암동5가,,20241119,월세,21.0,3000,60,2023.0,단독다가구,2024
성북구,13200,보문동3가,9.0,20241125,월세,114.55,30000,155,2003.0,아파트,2024
성북구,13400,길음동,,20241119,월세,21.3,0,40,1996.0,단독다가구,2024
성북구,12200,안암동2가,,20241205,월세,15.0,2000,45,2013.0,단독다가구,2024
성북구,10300,돈암동,,20241122,월세,20.0,500,40,,단독다가구,2024
성북구,12100,안암동1가,,20241119,월세,25.0,5000,55,1994.0,단독다가구,2024
성북구,13900,석관동,2.0,20241228,월세,32.45,8000,15,1989.0,연립다세대,2024
성북구,13500,종암동,,20241122,월세,24.0,500,38,1996.0,단독다가구,2024
성북구,12000,동선동5가,,20241201,월세,16.38,3000,45,2010.0,단독다가구,2024
성북구,13300,정릉동,,20241125,월세,15.0,1000,59,2019.0,단독다가구,2024
성북구,11200,삼선동2가,,20241122,월세,25.0,1000,30,1996.0,단독다가구,2024
성북구,11300,삼선동3가,,20241201,월세,17.0,1000,55,2001.0,단독다가구,2024
성북구,13700,상월곡동,,20241125,월세,16.0,3000,43,2021.0,단독다가구,2024
성북구,13900,석관동,,20241119,월세,34.0,500,30,1990.0,단독다가구,2024
성북구,13800,장위동,,20241125,월세,16.5,400,35,1970.0,단독다가구,2024
성북구,11700,동선동2가,,20241122,월세,29.0,5000,30,1993.0,단독다가구,2024
성북구,12500,안암동5가,,20241122,월세,30.0,2000,60,1996.0,단독다가구,2024
성북구,12800,보문동6가,,20241122,월세,30.0,500,48,1994.0,단독다가구,2024
성북구,12500,안암동5가,,20241122,월세,30.0,1000,80,1996.0,단독다가구,2024
성북구,13300,정릉동,,20241201,월세,20.0,500,35,1967.0,단독다가구,2024
성북구,13500,종암동,,20241125,월세,18.18,1000,45,2010.0,단독다가구,2024
성북구,10700,동소문동4가,,20241119,월세,44.1,3000,50,1995.0,단독다가구,2024
성북구,13800,장위동,10.0,20241219,월세,59.99,20000,95,2020.0,아파트,2024
성북구,13500,종암동,,20241201,월세,22.96,700,70,2021.0,단독다가구,2024
성북구,13600,하월곡동,,20241230,월세,18.0,300,25,1991.0,단독다가구,2024
성북구,11100,삼선동1가,,20241122,월세,40.0,1000,80,1996.0,단독다가구,2024
성북구,13000,보문동1가,,20241122,월세,40.0,1000,80,1995.0,단독다가구,2024
성북구,13300,정릉동,,20241128,월세,17.0,1000,55,2020.0,단독다가구,2024
성북구,11100,삼선동1가,,20241119,월세,52.96,6000,55,1997.0,단독다가구,2024
성북구,13900,석관동,,20241201,월세,24.0,300,35,1994.0,단독다가구,2024
성북구,13700,상월곡동,,20241119,월세,54.94,13000,20,1980.0,단독다가구,2024
성북구,13300,정릉동,,20241125,월세,21.0,500,47,1996.0,단독다가구,2024
성북구,10200,성북동1가,,20241204,월세,15.0,500,45,2010.0,단독다가구,2024
성북구,13400,길음동,15.0,20241219,월세,84.769,40000,150,2022.0,아파트,2024
성북구,12300,안암동3가,,20241122,월세,45.8,300,50,1993.0,단독다가구,2024
성북구,12500,안암동5가,,20241128,월세,18.15,5000,65,2024.0,단독다가구,2024
성북구,13600,하월곡동,,20241122,월세,47.05,1000,50,1993.0,단독다가구,2024
성북구,10300,돈암동,6.0,20241214,월세,59.99,15000,129,2004.0,아파트,2024
성북구,13700,상월곡동,18.0,20241208,월세,59.64,5000,100,1994.0,아파트,2024
성북구,13800,장위동,,20241119,월세,192.33,500,30,1978.0,단독다가구,2024
성북구,12800,보문동6가,,20241204,월세,18.0,3000,45,2019.0,단독다가구,2024
성북구,12500,안암동5가,,20241129,월세,21.0,500,50,1994.0,단독다가구,2024
성북구,13800,장위동,,20241120,월세,52.88,9000,25,1992.0,단독다가구,2024
성북구,13400,길음동,31.0,20241228,월세,84.95,20000,250,2019.0,아파트,2024
성북구,13800,장위동,19.0,20241225,월세,84.94,10000,200,2020.0,아파트,2024
성북구,13300,정릉동,,20241123,월세,49.41,1000,27,1992.0,단독다가구,2024
성북구,13200,보문동3가,,20241202,월세,34.08,12000,20,1994.0,단독다가구,2024
성북구,11700,동선동2가,,20241120,월세,59.0,1500,93,1994.0,단독다가구,2024
성북구,10400,동소문동1가,,20241126,월세,26.14,0,33,1997.0,단독다가구,2024
성북구,13600,하월곡동,,20241126,월세,27.0,100,35,,단독다가구,2024
성북구,13500,종암동,,20241202,월세,36.2,500,45,1989.0,단독다가구,2024
성북구,13900,석관동,9.0,20241228,월세,59.98,35000,50,2019.0,아파트,2024
성북구,13600,하월곡동,,20241126,월세,30.0,100,40,1993.0,단독다가구,2024
성북구,13800,장위동,,20241120,월세,158.49,3000,70,1990.0,단독다가구,2024
성북구,12500,안암동5가,,20241125,월세,26.44,1000,85,,단독다가구,2024
성북구,11800,동선동3가,,20241127,월세,21.46,500,55,2000.0,단독다가구,2024
성북구,13300,정릉동,,20241124,월세,38.15,1000,55,1995.0,단독다가구,2024
성북구,11100,삼선동1가,,20241130,월세,32.92,4000,50,1993.0,단독다가구,2024
성북구,13900,석관동,,20241230,월세,24.0,200,30,1994.0,단독다가구,2024
성북구,11800,동선동3가,,20241230,월세,27.0,1000,35,1990.0,단독다가구,2024
성북구,13900,석관동,,20241123,월세,199.65,500,35,1992.0,단독다가구,2024
성북구,13800,장위동,,20241230,월세,27.53,100,20,1969.0,단독다가구,2024
성북구,12000,동선동5가,,20241130,월세,36.0,1000,85,1999.0,단독다가구,2024
성북구,12500,안암동5가,,20241127,월세,27.0,1000,85,,단독다가구,2024
성북구,13500,종암동,,20241130,월세,38.0,500,55,1996.0,단독다가구,2024
성북구,13300,정릉동,14.0,20241208,월세,59.98,5000,125,2004.0,아파트,2024
성북구,13900,석관동,,20241130,월세,39.0,1000,55,1997.0,단독다가구,2024
성북구,12800,보문동6가,7.0,20241219,월세,29.96,12292,31,2017.0,아파트,2024
성북구,13700,상월곡동,,20241127,월세,33.0,300,35,1991.0,단독다가구,2024
성북구,13600,하월곡동,,20241130,월세,45.0,500,55,1990.0,단독다가구,2024
성북구,10900,동소문동6가,4.0,20241214,월세,12.7,7000,26,2013.0,아파트,2024
성북구,10900,동소문동6가,8.0,20241214,월세,16.94,3000,60,2013.0,아파트,2024
성북구,10100,성북동,,20241204,월세,30.0,3000,45,1995.0,단독다가구,2024
성북구,11900,동선동4가,,20241230,월세,39.63,9000,30,1993.0,단독다가구,2024
성북구,10300,돈암동,6.0,20241214,월세,68.13,14000,100,1998.0,아파트,2024
성북구,13500,종암동,,20241125,월세,40.0,1000,60,1997.0,단독다가구,2024
성북구,13500,종암동,,20241204,월세,33.39,4500,80,1984.0,단독다가구,2024
성북구,13500,종암동,,20241125,월세,43.0,1000,50,1989.0,단독다가구,2024
성북구,13800,장위동,,20241128,월세,26.0,1000,40,1961.0,단독다가구,2024
성북구,12100,안암동1가,,20241125,월세,43.13,5000,100,1992.0,단독다가구,2024
성북구,12900,보문동7가,,20241128,월세,29.0,1000,59,2018.0,단독다가구,2024
성북구,12500,안암동5가,,20241128,월세,30.0,1000,70,1996.0,단독다가구,2024
성북구,12200,안암동2가,,20241125,월세,51.86,1000,70,1992.0,단독다가구,2024
성북구,13900,석관동,,20241125,월세,53.14,12000,30,1997.0,단독다가구,2024
성북구,10300,돈암동,1.0,20241219,월세,40.23,19000,15,2015.0,연립다세대,2024
성북구,12800,보문동6가,,20241204,월세,41.09,500,45,1996.0,단독다가구,2024
성북구,11800,동선동3가,,20241204,월세,45.0,3000,100,2012.0,단독다가구,2024
성북구,10200,성북동1가,,20241201,월세,61.7,17000,30,2017.0,단독다가구,2024
성북구,13900,석관동,,20241128,월세,35.0,1000,50,1993.0,단독다가구,2024
성북구,13500,종암동,,20241125,월세,75.21,2000,70,1970.0,단독다가구,2024
성북구,10100,성북동,,20241204,월세,49.5,2000,100,1997.0,단독다가구,2024
성북구,12000,동선동5가,,20241126,월세,37.0,2000,65,1991.0,단독다가구,2024
성북구,11600,동선동1가,8.0,20241219,월세,14.08,3000,60,2014.0,연립다세대,2024
성북구,13400,길음동,,20241126,월세,41.0,1000,30,1992.0,단독다가구,2024
성북구,10700,동소문동4가,4.0,20241231,월세,18.36,10000,20,2019.0,오피스텔,2024
성북구,13900,석관동,,20241211,월세,17.31,1000,47,2018.0,단독다가구,2024
성북구,13400,길음동,14.0,20241228,월세,84.52,4000,125,1998.0,아파트,2024
성북구,13600,하월곡동,,20241126,월세,50.0,6000,55,1995.0,단독다가구,2024
성북구,13800,장위동,5.0,20241222,월세,43.45,6000,58,2016.0,연립다세대,2024
성북구,13800,장위동,,20241126,월세,53.06,3000,60,1971.0,단독다가구,2024
성북구,13800,장위동,,20241204,월세,61.02,1000,45,1983.0,단독다가구,2024
성북구,13400,길음동,,20241129,월세,51.93,300,45,1993.0,단독다가구,2024
성북구,11600,동선동1가,6.0,20241222,월세,14.08,5000,50,2014.0,연립다세대,2024
성북구,13800,장위동,,20241126,월세,61.14,1000,30,1993.0,단독다가구,2024
성북구,12000,동선동5가,,20241129,월세,54.16,12600,32,2006.0,단독다가구,2024
성북구,13300,정릉동,,20241211,월세,19.83,500,40,1993.0,단독다가구,2024
성북구,13600,하월곡동,,20241227,월세,16.5,3000,35,2017.0,단독다가구,2024
성북구,13500,종암동,,20241204,월세,132.0,9000,40,1996.0,단독다가구,2024
성북구,10200,성북동1가,,20241129,월세,61.7,18000,12,,단독다가구,2024
성북구,13300,정릉동,,20241126,월세,82.0,10000,80,1997.0,단독다가구,2024
성북구,13600,하월곡동,,20241213,월세,36.0,500,45,1996.0,단독다가구,2024
성북구,13300,정릉동,2.0,20241205,월세,12.71,1000,45,2013.0,연립다세대,2024
성북구,13200,보문동3가,,20241130,월세,50.55,1000,60,1995.0,단독다가구,2024
성북구,13800,장위동,,20241213,월세,41.12,500,40,1990.0,단독다가구,2024
성북구,13500,종암동,,20241130,월세,66.12,6000,50,1975.0,단독다가구,2024
성북구,11400,삼선동4가,3.0,20241205,월세,18.43,1000,50,2017.0,연립다세대,2024
성북구,11100,삼선동1가,,20241127,월세,52.98,10000,25,1987.0,단독다가구,2024
성북구,10100,성북동,,20241213,월세,54.58,15000,60,1993.0,단독다가구,2024
성북구,13300,정릉동,,20241213,월세,57.59,9500,15,2003.0,단독다가구,2024
성북구,13800,장위동,8.0,20241205,월세,18.39,500,36,2020.0,아파트,2024
성북구,13100,보문동2가,,20241214,월세,20.0,300,40,1996.0,단독다가구,2024
성북구,13600,하월곡동,,20241128,월세,39.0,500,25,1968.0,단독다가구,2024
성북구,11100,삼선동1가,,20241128,월세,46.97,2000,70,1992.0,단독다가구,2024
성북구,10700,동소문동4가,,20241214,월세,21.46,6000,40,,단독다가구,2024
성북구,10200,성북동1가,,20241211,월세,26.0,10000,40,2017.0,단독다가구,2024
성북구,13900,석관동,,20241129,월세,162.09,300,20,1991.0,단독다가구,2024
성북구,13800,장위동,,20241214,월세,26.85,3000,50,2020.0,단독다가구,2024
성북구,10100,성북동,,20241214,월세,30.0,1000,50,1993.0,단독다가구,2024
성북구,13500,종암동,,20241214,월세,35.49,1000,100,2024.0,단독다가구,2024
성북구,11500,삼선동5가,,20241214,월세,38.13,12000,40,1989.0,단독다가구,2024
성북구,13400,길음동,8.0,20241205,월세,59.99,35000,75,2010.0,아파트,2024
성북구,13400,길음동,7.0,20241205,월세,84.82,10000,230,2010.0,아파트,2024
성북구,13300,정릉동,2.0,20241219,월세,60.65,13000,10,1992.0,연립다세대,2024
성북구,13600,하월곡동,10.0,20241205,월세,84.73,31000,64,2010.0,아파트,2024
성북구,11900,동선동4가,,20241227,월세,19.82,3000,60,1994.0,단독다가구,2024
성북구,13900,석관동,,20241214,월세,49.84,500,50,1997.0,단독다가구,2024
성북구,13800,장위동,,20241213,월세,78.12,10000,45,1971.0,단독다가구,2024
성북구,12100,안암동1가,5.0,20241228,월세,59.698,25000,80,2005.0,아파트,2024
성북구,11800,동선동3가,,20241227,월세,21.0,2000,75,1997.0,단독다가구,2024
성북구,13400,길음동,4.0,20241205,월세,59.97,35000,70,2019.0,아파트,2024
성북구,13400,길음동,6.0,20241205,월세,84.66,5000,300,2019.0,아파트,2024
성북구,13500,종암동,2.0,20241222,월세,29.52,5000,80,2017.0,연립다세대,2024
성북구,13900,석관동,18.0,20241205,월세,59.96,10000,150,2019.0,아파트,2024
성북구,13600,하월곡동,10.0,20241205,월세,59.754,5000,140,2006.0,아파트,2024
성북구,13700,상월곡동,,20241227,월세,22.0,1000,50,1987.0,단독다가구,2024
성북구,10300,돈암동,7.0,20241231,월세,84.59,40000,10,1999.0,아파트,2024
성북구,13800,장위동,,20241215,월세,192.01,3000,15,1991.0,단독다가구,2024
성북구,10300,돈암동,12.0,20241219,월세,132.96,50000,100,1998.0,아파트,2024
성북구,12500,안암동5가,2.0,20241216,월세,45.97,3000,60,2017.0,아파트,2024
성북구,10300,돈암동,4.0,20241219,월세,84.87,31000,40,1998.0,아파트,2024
성북구,13300,정릉동,3.0,20241216,월세,20.52,5000,30,2012.0,연립다세대,2024
성북구,13600,하월곡동,9.0,20241228,월세,84.88,10000,165,2007.0,아파트,2024
성북구,12800,보문동6가,14.0,20241205,월세,72.97,10000,220,2017.0,아파트,2024
성북구,11800,동선동3가,,20241227,월세,28.5,1000,52,2001.0,단독다가구,2024
성북구,11200,삼선동2가,4.0,20241205,월세,84.83,5000,200,2008.0,아파트,2024
성북구,10300,돈암동,13.0,20241225,월세,84.87,10000,165,1998.0,아파트,2024
성북구,13500,종암동,,20241219,월세,18.0,1000,28,2015.0,단독다가구,2024
성북구,11800,동선동3가,,20241219,월세,20.0,1000,55,1973.0,단독다가구,2024
성북구,10800,동소문동5가,12.0,20241205,월세,15.424,1000,95,2018.0,아파트,2024
성북구,12500,안암동5가,,20241222,월세,20.0,6000,40,2019.0,단독다가구,2024
성북구,11900,동선동4가,9.0,20241231,월세,21.05,1000,69,2011.0,오피스텔,2024
성북구,12800,보문동6가,3.0,20241231,월세,29.96,9456,25,2017.0,아파트,2024
성북구,10900,동소문동6가,10.0,20241205,월세,14.01,3000,70,2015.0,아파트,2024
성북구,13300,정릉동,,20241219,월세,34.0,1000,75,1995.0,단독다가구,2024
성북구,13800,장위동,,20241219,월세,35.0,500,28,1995.0,단독다가구,2024
성북구,13600,하월곡동,4.0,20241228,월세,29.88,3000,70,2017.0,연립다세대,2024
성북구,13500,종암동,,20241219,월세,40.0,3000,65,2002.0,단독다가구,2024
성북구,11400,삼선동4가,,20241225,월세,20.0,3000,55,2009.0,단독다가구,2024
성북구,10900,동소문동6가,4.0,20241228,월세,12.7,6000,35,2013.0,아파트,2024
성북구,13900,석관동,,20241219,월세,59.67,8000,60,1972.0,단독다가구,2024
성북구,13800,장위동,18.0,20241216,월세,36.14,8301,22,2020.0,아파트,2024
성북구,13600,하월곡동,,20241225,월세,30.0,6000,26,1994.0,단독다가구,2024
성북구,13400,길음동,4.0,20241216,월세,43.63,3276,17,2022.0,아파트,2024
성북구,12100,안암동1가,5.0,20241231,월세,45.51,5000,45,2001.0,연립다세대,2024
성북구,13500,종암동,,20241222,월세,60.0,12000,30,1996.0,단독다가구,2024
성북구,13600,하월곡동,7.0,20241205,월세,24.32,2000,125,2022.0,연립다세대,2024
성북구,13600,하월곡동,,20241223,월세,30.0,1000,45,1994.0,단독다가구,2024
성북구,12100,안암동1가,,20241223,월세,30.0,3000,75,2018.0,단독다가구,2024
성북구,13800,장위동,,20241223,월세,35.0,1000,60,1990.0,단독다가구,2024
성북구,11800,동선동3가,,20241223,월세,38.0,1000,70,1996.0,단독다가구,2024
성북구,12600,보문동4가,,20241223,월세,40.0,2000,75,1992.0,단독다가구,2024
성북구,12000,동선동5가,,20241227,월세,46.02,1000,70,1997.0,단독다가구,2024
성북구,12500,안암동5가,,20241223,월세,45.0,1000,73,,단독다가구,2024
성북구,12800,보문동6가,1.0,20241216,월세,29.96,10011,27,2017.0,아파트,2024
성북구,12800,보문동6가,11.0,20241216,월세,29.96,9456,25,2017.0,아파트,2024
성북구,12600,보문동4가,5.0,20241216,월세,38.2,19000,8,1972.0,오피스텔,2024
성북구,12600,보문동4가,2.0,20241216,월세,38.2,5000,74,1972.0,오피스텔,2024
성북구,12800,보문동6가,,20241223,월세,63.37,1000,85,1993.0,단독다가구,2024
성북구,13800,장위동,,20241223,월세,163.08,500,38,1994.0,단독다가구,2024
성북구,13600,하월곡동,9.0,20241216,월세,15.62,1000,65,2013.0,아파트,2024
성북구,13500,종암동,2.0,20241231,월세,29.03,7000,65,2016.0,연립다세대,2024
성북구,13900,석관동,5.0,20241205,월세,49.84,1000,70,2015.0,연립다세대,2024
성북구,13900,석관동,,20241228,월세,16.62,1000,50,2018.0,단독다가구,2024
성북구,13900,석관동,,20241224,월세,47.38,1000,60,1993.0,단독다가구,2024
성북구,10200,성북동1가,,20241224,월세,49.0,20000,50,2017.0,단독다가구,2024
성북구,10800,동소문동5가,13.0,20241216,월세,14.022,1000,87,2018.0,아파트,2024
성북구,13300,정릉동,,20241224,월세,56.1,2000,30,1977.0,단독다가구,2024
성북구,13300,정릉동,,20241224,월세,58.08,800,35,1991.0,단독다가구,2024
성북구,13700,상월곡동,,20241228,월세,20.0,1000,60,2015.0,단독다가구,2024
성북구,13300,정릉동,,20241224,월세,167.16,800,35,,단독다가구,2024
성북구,13300,정릉동,,20241224,월세,167.16,800,45,1991.0,단독다가구,2024
성북구,10100,성북동,,20241225,월세,42.98,8000,45,,단독다가구,2024
성북구,13800,장위동,,20241228,월세,25.48,5000,53,2020.0,단독다가구,2024
성북구,13900,석관동,,20241225,월세,50.76,11000,20,1993.0,단독다가구,2024
성북구,13300,정릉동,7.0,20241231,월세,114.56,5000,190,2006.0,아파트,2024
성북구,13800,장위동,,20241225,월세,63.45,13000,35,1993.0,단독다가구,2024
성북구,11800,동선동3가,2.0,20241216,월세,17.11,3000,44,2015.0,연립다세대,2024
성북구,13800,장위동,7.0,20241216,월세,49.33,4490,11,2006.0,아파트,2024
성북구,13200,보문동3가,12.0,20241216,월세,59.49,21000,70,2003.0,아파트,2024
성북구,11800,동선동3가,,20241231,월세,24.0,1000,52,1997.0,단독다가구,2024
성북구,11800,동선동3가,,20241216,월세,18.31,1000,100,1994.0,단독다가구,2024
성북구,12500,안암동5가,,20241216,월세,20.0,1000,55,2001.0,단독다가구,2024
성북구,12200,안암동2가,,20241216,월세,21.0,2000,73,2015.0,단독다가구,2024
성북구,12100,안암동1가,,20241216,월세,23.0,500,40,1994.0,단독다가구,2024
성북구,12000,동선동5가,,20241216,월세,23.1,500,45,1993.0,단독다가구,2024
성북구,13600,하월곡동,,20241216,월세,25.0,3300,10,1993.0,단독다가구,2024
성북구,13300,정릉동,,20241216,월세,29.37,1000,71,2017.0,단독다가구,2024
성북구,13300,정릉동,,20241231,월세,51.6,1000,50,1991.0,단독다가구,2024
성북구,13500,종암동,,20241216,월세,42.97,200,70,1998.0,단독다가구,2024
성북구,13500,종암동,,20241231,월세,82.42,1000,65,1993.0,단독다가구,2024
성북구,10700,동소문동4가,,20241216,월세,51.0,15000,30,2001.0,단독다가구,2024
성북구,13900,석관동,,20241216,월세,59.16,13000,30,1990.0,단독다가구,2024
성북구,13400,길음동,8.0,20250308,월세,59.998,10000,150,2003.0,아파트,2024
